,Degree,Id,Label,Probability,Qid,Topic,Unnamed: 0.1,betweenesscentrality,modularity_class,Views
0,21.0,407.0,安徽省,0.9986850023269652,Q40956,Geography.Regions.Asia.East_Asia,407.0,116500.01201855428,15.0,7507.0
1,21.0,407.0,安徽省,0.993317186832428,Q40956,Geography.Regions.Asia.Asia*,407.0,116500.01201855428,15.0,7507.0
2,21.0,407.0,安徽省,0.3998216390609741,Q40956,Geography.Geographical,407.0,116500.01201855428,15.0,7507.0
3,25.0,439.0,青海省,0.9697954058647156,Q45833,Geography.Regions.Asia.East_Asia,439.0,144846.7024680601,13.0,3407.0
4,25.0,439.0,青海省,0.9591643214225768,Q45833,Geography.Regions.Asia.Asia*,439.0,144846.7024680601,13.0,3407.0
5,25.0,439.0,青海省,0.3415925204753876,Q45833,Geography.Geographical,439.0,144846.7024680601,13.0,3407.0
6,6.0,507.0,逻辑,0.8354935646057129,Q8078,Culture.Philosophy_and_religion,507.0,7548.9490438210705,0.0,3067.0
7,6.0,507.0,逻辑,0.7773098945617676,Q8078,STEM.STEM*,507.0,7548.9490438210705,0.0,3067.0
8,6.0,507.0,逻辑,0.1778208613395691,Q8078,STEM.Physics,507.0,7548.9490438210705,0.0,3067.0
9,6.0,507.0,逻辑,0.15611489117145538,Q8078,STEM.Medicine_&_Health,507.0,7548.9490438210705,0.0,3067.0
10,6.0,507.0,逻辑,0.13661839067935946,Q8078,History_and_Society.Society,507.0,7548.9490438210705,0.0,3067.0
11,6.0,507.0,逻辑,0.1294127255678177,Q8078,History_and_Society.History,507.0,7548.9490438210705,0.0,3067.0
12,12.0,595.0,人口密度,0.5698626637458801,Q22856,STEM.STEM*,595.0,68214.62782043123,13.0,2971.0
13,12.0,595.0,人口密度,0.287777841091156,Q22856,History_and_Society.Politics_and_government,595.0,68214.62782043123,13.0,2971.0
14,12.0,595.0,人口密度,0.23371636867523196,Q22856,STEM.Medicine_&_Health,595.0,68214.62782043123,13.0,2971.0
15,12.0,595.0,人口密度,0.21734751760959625,Q22856,History_and_Society.Society,595.0,68214.62782043123,13.0,2971.0
16,12.0,595.0,人口密度,0.19194278120994568,Q22856,History_and_Society.Business_and_economics,595.0,68214.62782043123,13.0,2971.0
17,6.0,648.0,智冠科技,1.0000100135803225,Q7554405,Culture.Media.Video_games,648.0,24310.73444708163,16.0,2088.0
18,6.0,648.0,智冠科技,1.0000100135803225,Q7554405,Culture.Internet_culture,648.0,24310.73444708163,16.0,2088.0
19,6.0,648.0,智冠科技,0.998977780342102,Q7554405,Culture.Media.Media*,648.0,24310.73444708163,16.0,2088.0
20,6.0,648.0,智冠科技,0.4225146472454071,Q7554405,History_and_Society.Business_and_economics,648.0,24310.73444708163,16.0,2088.0
21,3.0,656.0,西山居,0.6224693655967712,Q17066954,History_and_Society.Business_and_economics,656.0,7882.0,16.0,5525.0
22,3.0,656.0,西山居,0.2227101624011993,Q17066954,STEM.STEM*,656.0,7882.0,16.0,5525.0
23,3.0,656.0,西山居,0.0,Q17066954,Geography.Regions.Americas.North_America,656.0,7882.0,16.0,5525.0
24,3.0,656.0,西山居,0.0,Q17066954,Geography.Regions.Europe.Europe*,656.0,7882.0,16.0,5525.0
25,3.0,656.0,西山居,0.0,Q17066954,Geography.Regions.Asia.Asia*,656.0,7882.0,16.0,5525.0
26,14.0,999.0,中华人民共和国政治,0.9553291201591492,Q904852,History_and_Society.Politics_and_government,999.0,49758.95079006528,3.0,3045.0
27,14.0,999.0,中华人民共和国政治,0.338743971824646,Q904852,Geography.Regions.Asia.Asia*,999.0,49758.95079006528,3.0,3045.0
28,14.0,999.0,中华人民共和国政治,0.30218379402160644,Q904852,Geography.Regions.Asia.East_Asia,999.0,49758.95079006528,3.0,3045.0
29,1.0,1013.0,Hello World,0.974052667617798,Q131303,STEM.STEM*,1013.0,0.0,10.0,4694.0
30,1.0,1013.0,Hello World,0.9019306898117064,Q131303,STEM.Computing,1013.0,0.0,10.0,4694.0
31,1.0,1013.0,Hello World,0.2814156115055084,Q131303,STEM.Technology,1013.0,0.0,10.0,4694.0
32,1.0,1013.0,Hello World,0.21734751760959625,Q131303,Culture.Media.Media*,1013.0,0.0,10.0,4694.0
33,1.0,1013.0,Hello World,0.13661839067935946,Q131303,Culture.Media.Software,1013.0,0.0,10.0,4694.0
34,7.0,1266.0,炼金术,0.7931159734725952,Q39689,Culture.Philosophy_and_religion,1266.0,18548.419146833607,16.0,3018.0
35,7.0,1266.0,炼金术,0.6442351341247559,Q39689,STEM.STEM*,1266.0,18548.419146833607,16.0,3018.0
36,7.0,1266.0,炼金术,0.4921981394290924,Q39689,History_and_Society.History,1266.0,18548.419146833607,16.0,3018.0
37,7.0,1266.0,炼金术,0.16886694729328156,Q39689,Culture.Literature,1266.0,18548.419146833607,16.0,3018.0
38,7.0,1266.0,炼金术,0.0,Q39689,Geography.Regions.Europe.Europe*,1266.0,18548.419146833607,16.0,3018.0
39,13.0,1579.0,美国国旗,0.9825675487518309,Q42537,History_and_Society.History,1579.0,40585.86784558045,5.0,3101.0
40,13.0,1579.0,美国国旗,0.0,Q42537,Geography.Regions.Americas.North_America,1579.0,40585.86784558045,5.0,3101.0
41,16.0,1625.0,愛知縣,0.9890230894088744,Q80434,Geography.Regions.Asia.East_Asia,1625.0,74854.32990170513,13.0,2711.0
42,16.0,1625.0,愛知縣,0.9808859825134276,Q80434,Geography.Regions.Asia.Asia*,1625.0,74854.32990170513,13.0,2711.0
43,16.0,1625.0,愛知縣,0.41490885615348816,Q80434,Geography.Geographical,1625.0,74854.32990170513,13.0,2711.0
44,9.0,1635.0,人民行动党,0.812877357006073,Q371395,History_and_Society.Politics_and_government,1635.0,21637.189368453168,3.0,1937.0
45,9.0,1635.0,人民行动党,0.4486793746948242,Q371395,Geography.Regions.Asia.Asia*,1635.0,21637.189368453168,3.0,1937.0
46,9.0,1635.0,人民行动党,0.4423575868606568,Q371395,Geography.Regions.Asia.Southeast_Asia,1635.0,21637.189368453168,3.0,1937.0
47,9.0,1635.0,人民行动党,0.1520422399044037,Q371395,History_and_Society.Education,1635.0,21637.189368453168,3.0,1937.0
48,26.0,1747.0,西德,0.9879562258720398,Q713750,Geography.Regions.Europe.Western_Europe,1747.0,174425.66630360647,1.0,3012.0
49,26.0,1747.0,西德,0.9830951094627379,Q713750,Geography.Regions.Europe.Europe*,1747.0,174425.66630360647,1.0,3012.0
50,26.0,1747.0,西德,0.3140605390071869,Q713750,Geography.Geographical,1747.0,174425.66630360647,1.0,3012.0
51,26.0,1747.0,西德,0.2393593490123749,Q713750,History_and_Society.History,1747.0,174425.66630360647,1.0,3012.0
52,2.0,1753.0,湄公河,0.9433575868606568,Q41179,Geography.Regions.Asia.Asia*,1753.0,0.0,13.0,8859.0
53,2.0,1753.0,湄公河,0.6001983880996704,Q41179,Geography.Geographical,1753.0,0.0,13.0,8859.0
54,2.0,1753.0,湄公河,0.4688006341457367,Q41179,Geography.Regions.Asia.Southeast_Asia,1753.0,0.0,13.0,8859.0
55,2.0,1753.0,湄公河,0.1294127255678177,Q41179,History_and_Society.Society,1753.0,0.0,13.0,8859.0
56,2.0,1753.0,湄公河,0.12253321707248688,Q41179,Geography.Regions.Asia.East_Asia,1753.0,0.0,13.0,8859.0
57,3.0,2071.0,7月,0.4532718360424042,Q121,STEM.STEM*,2071.0,2.5,11.0,2662.0
58,3.0,2071.0,7月,0.1732981950044632,Q121,History_and_Society.History,2071.0,2.5,11.0,2662.0
59,3.0,2071.0,7月,0.13661839067935946,Q121,Culture.Biography.Biography*,2071.0,2.5,11.0,2662.0
60,3.0,2071.0,7月,0.1294127255678177,Q121,Culture.Philosophy_and_religion,2071.0,2.5,11.0,2662.0
61,3.0,2071.0,7月,0.0,Q121,Geography.Regions.Asia.Asia*,2071.0,2.5,11.0,2662.0
62,3.0,2074.0,1月,0.5078218579292297,Q108,STEM.STEM*,2074.0,8.0,11.0,1463.0
63,3.0,2074.0,1月,0.11597072333097458,Q108,History_and_Society.History,2074.0,8.0,11.0,1463.0
64,3.0,2074.0,1月,0.0,Q108,Geography.Regions.Europe.Europe*,2074.0,8.0,11.0,1463.0
65,3.0,2075.0,2月,0.4921981394290924,Q109,STEM.STEM*,2075.0,3942.5,11.0,1945.0
66,3.0,2075.0,2月,0.21734751760959625,Q109,History_and_Society.History,2075.0,3942.5,11.0,1945.0
67,1.0,2077.0,3月,0.59267657995224,Q110,STEM.STEM*,2077.0,0.0,11.0,2848.0
68,1.0,2077.0,3月,0.3629792034626007,Q110,History_and_Society.History,2077.0,0.0,11.0,2848.0
69,1.0,2077.0,3月,0.1824355274438858,Q110,Culture.Philosophy_and_religion,2077.0,0.0,11.0,2848.0
70,1.0,2077.0,3月,0.1097157895565033,Q110,Culture.Biography.Biography*,2077.0,0.0,11.0,2848.0
71,1.0,2077.0,3月,0.1067005917429924,Q110,History_and_Society.Society,2077.0,0.0,11.0,2848.0
72,1.0,2077.0,3月,0.0,Q110,Geography.Regions.Europe.Europe*,2077.0,0.0,11.0,2848.0
73,1.0,2077.0,3月,0.0,Q110,Geography.Regions.Europe.Western_Europe,2077.0,0.0,11.0,2848.0
74,2.0,2079.0,6月,0.4610267877578736,Q120,STEM.STEM*,2079.0,0.0,11.0,3511.0
75,2.0,2079.0,6月,0.1067005917429924,Q120,Culture.Biography.Biography*,2079.0,0.0,11.0,3511.0
76,2.0,2079.0,6月,0.0,Q120,Geography.Regions.Europe.Europe*,2079.0,0.0,11.0,3511.0
77,4.0,2081.0,8月,0.4378334879875183,Q122,STEM.STEM*,2081.0,15748.0,11.0,2374.0
78,4.0,2081.0,8月,0.14415885508060455,Q122,History_and_Society.History,2081.0,15748.0,11.0,2374.0
79,4.0,2081.0,8月,0.0,Q122,Geography.Regions.Europe.Europe*,2081.0,15748.0,11.0,2374.0
80,4.0,2081.0,8月,0.0,Q122,Geography.Regions.Europe.Western_Europe,2081.0,15748.0,11.0,2374.0
81,4.0,2081.0,8月,0.0,Q122,Geography.Regions.Asia.Asia*,2081.0,15748.0,11.0,2374.0
82,4.0,2082.0,9月,0.4532718360424042,Q123,STEM.STEM*,2082.0,35417.0,11.0,2178.0
83,4.0,2082.0,9月,0.1067005917429924,Q123,History_and_Society.History,2082.0,35417.0,11.0,2178.0
84,4.0,2082.0,9月,0.0,Q123,Geography.Regions.Europe.Europe*,2082.0,35417.0,11.0,2178.0
85,4.0,2082.0,9月,0.0,Q123,Geography.Regions.Europe.Western_Europe,2082.0,35417.0,11.0,2178.0
86,3.0,2083.0,10月,0.6001983880996704,Q124,STEM.STEM*,2083.0,7878.0,11.0,1998.0
87,3.0,2083.0,10月,0.0,Q124,Geography.Regions.Europe.Western_Europe,2083.0,7878.0,11.0,1998.0
88,3.0,2083.0,10月,0.0,Q124,Geography.Regions.Europe.Europe*,2083.0,7878.0,11.0,1998.0
89,1.0,2085.0,11月,0.4610267877578736,Q125,STEM.STEM*,2085.0,0.0,11.0,1670.0
90,1.0,2085.0,11月,0.11280541121959685,Q125,Culture.Philosophy_and_religion,2085.0,0.0,11.0,1670.0
91,1.0,2085.0,11月,0.0,Q125,Geography.Regions.Europe.Europe*,2085.0,0.0,11.0,1670.0
92,1.0,2085.0,11月,0.0,Q125,Geography.Regions.Europe.Western_Europe,2085.0,0.0,11.0,1670.0
93,11.0,2094.0,知识产权,0.4688006341457367,Q131257,STEM.STEM*,2094.0,40711.437648885854,3.0,2955.0
94,11.0,2094.0,知识产权,0.41490885615348816,Q131257,History_and_Society.Politics_and_government,2094.0,40711.437648885854,3.0,2955.0
95,11.0,2094.0,知识产权,0.275139719247818,Q131257,History_and_Society.Business_and_economics,2094.0,40711.437648885854,3.0,2955.0
96,11.0,2094.0,知识产权,0.2069040536880493,Q131257,History_and_Society.Society,2094.0,40711.437648885854,3.0,2955.0
97,18.0,2108.0,舞蹈,0.2069040536880493,Q11639,STEM.STEM*,2108.0,103752.67637033758,4.0,2946.0
98,18.0,2108.0,舞蹈,0.2069040536880493,Q11639,History_and_Society.Society,2108.0,103752.67637033758,4.0,2946.0
99,18.0,2108.0,舞蹈,0.1294127255678177,Q11639,History_and_Society.History,2108.0,103752.67637033758,4.0,2946.0
100,18.0,2108.0,舞蹈,0.11597072333097458,Q11639,Culture.Philosophy_and_religion,2108.0,103752.67637033758,4.0,2946.0
101,18.0,2108.0,舞蹈,0.11280541121959685,Q11639,Culture.Performing_arts,2108.0,103752.67637033758,4.0,2946.0
102,12.0,2271.0,怀俄明州,0.8670457601547241,Q1214,Geography.Regions.Americas.North_America,2271.0,44538.33677364848,5.0,3842.0
103,12.0,2271.0,怀俄明州,0.8080772161483765,Q1214,Geography.Geographical,2271.0,44538.33677364848,5.0,3842.0
104,12.0,2271.0,怀俄明州,0.13661839067935946,Q1214,History_and_Society.Society,2271.0,44538.33677364848,5.0,3842.0
105,14.0,2422.0,城市,0.3007555902004242,Q515,History_and_Society.Society,2422.0,106154.24980223141,13.0,2172.0
106,14.0,2422.0,城市,0.11597072333097458,Q515,Culture.Philosophy_and_religion,2422.0,106154.24980223141,13.0,2172.0
107,14.0,2422.0,城市,0.0,Q515,Geography.Geographical,2422.0,106154.24980223141,13.0,2172.0
108,27.0,2801.0,托尼·布莱尔,0.9991269707679749,Q9545,Culture.Biography.Biography*,2801.0,53793.0290180851,1.0,2697.0
109,27.0,2801.0,托尼·布莱尔,0.9755869507789612,Q9545,History_and_Society.Politics_and_government,2801.0,53793.0290180851,1.0,2697.0
110,27.0,2801.0,托尼·布莱尔,0.3557848632335663,Q9545,History_and_Society.Education,2801.0,53793.0290180851,1.0,2697.0
111,27.0,2801.0,托尼·布莱尔,0.21734751760959625,Q9545,History_and_Society.Society,2801.0,53793.0290180851,1.0,2697.0
112,27.0,2801.0,托尼·布莱尔,0.17818872833251953,Q9545,Geography.Regions.Europe.Europe*,2801.0,53793.0290180851,1.0,2697.0
113,27.0,2801.0,托尼·布莱尔,0.11280541121959685,Q9545,History_and_Society.Military_and_warfare,2801.0,53793.0290180851,1.0,2697.0
114,27.0,2801.0,托尼·布莱尔,0.1097157895565033,Q9545,History_and_Society.Business_and_economics,2801.0,53793.0290180851,1.0,2697.0
115,27.0,2801.0,托尼·布莱尔,0.0,Q9545,Geography.Regions.Europe.Northern_Europe,2801.0,53793.0290180851,1.0,2697.0
116,1.0,3061.0,邪教,0.7057950496673584,Q11038979,History_and_Society.Society,3061.0,0.0,2.0,3048.0
117,1.0,3061.0,邪教,0.5156299471855164,Q11038979,Culture.Philosophy_and_religion,3061.0,0.0,2.0,3048.0
118,1.0,3061.0,邪教,0.2227101624011993,Q11038979,History_and_Society.Politics_and_government,3061.0,0.0,2.0,3048.0
119,1.0,3061.0,邪教,0.11597072333097458,Q11038979,STEM.STEM*,3061.0,0.0,2.0,3048.0
120,1.0,3061.0,邪教,0.11597072333097458,Q11038979,History_and_Society.Business_and_economics,3061.0,0.0,2.0,3048.0
121,2.0,3176.0,猫 (音乐剧),0.9942797422409058,Q337097,Culture.Performing_arts,3176.0,1556.3576204479473,0.0,2486.0
122,2.0,3176.0,猫 (音乐剧),0.7248802781105042,Q337097,Culture.Media.Music,3176.0,1556.3576204479473,0.0,2486.0
123,2.0,3176.0,猫 (音乐剧),0.5775054097175598,Q337097,Culture.Media.Media*,3176.0,1556.3576204479473,0.0,2486.0
124,2.0,3176.0,猫 (音乐剧),0.0,Q337097,Geography.Regions.Europe.Europe*,3176.0,1556.3576204479473,0.0,2486.0
125,23.0,3295.0,利比里亚,0.9362950325012208,Q1014,Geography.Geographical,3295.0,72425.34285079139,10.0,3587.0
126,23.0,3295.0,利比里亚,0.3276783227920532,Q1014,Geography.Regions.Africa.Africa*,3295.0,72425.34285079139,10.0,3587.0
127,2.0,3335.0,Windows XP,0.9706977605819702,Q11248,STEM.STEM*,3335.0,3942.0,8.0,3708.0
128,2.0,3335.0,Windows XP,0.8774868249893188,Q11248,Culture.Media.Media*,3335.0,3942.0,8.0,3708.0
129,2.0,3335.0,Windows XP,0.8558611869812012,Q11248,STEM.Technology,3335.0,3942.0,8.0,3708.0
130,2.0,3335.0,Windows XP,0.8175845146179199,Q11248,Culture.Media.Software,3335.0,3942.0,8.0,3708.0
131,2.0,3335.0,Windows XP,0.5156299471855164,Q11248,STEM.Computing,3335.0,3942.0,8.0,3708.0
132,2.0,3505.0,朊毒體,0.9324633479118348,Q47051,STEM.STEM*,3505.0,3942.0,10.0,15517.0
133,2.0,3505.0,朊毒體,0.7248802781105042,Q47051,STEM.Medicine_&_Health,3505.0,3942.0,10.0,15517.0
134,2.0,3505.0,朊毒體,0.4532718360424042,Q47051,STEM.Biology,3505.0,3942.0,10.0,15517.0
135,2.0,3512.0,21世纪,0.8991314172744751,Q6939,History_and_Society.History,3512.0,1348.6160062999024,5.0,2984.0
136,2.0,3512.0,21世纪,0.4688006341457367,Q6939,STEM.STEM*,3512.0,1348.6160062999024,5.0,2984.0
137,1.0,4042.0,戰國策,0.9942797422409058,Q197396,Culture.Literature,4042.0,0.0,15.0,2390.0
138,1.0,4042.0,戰國策,0.967909336090088,Q197396,Culture.Media.Books,4042.0,0.0,15.0,2390.0
139,1.0,4042.0,戰國策,0.8774868249893188,Q197396,Culture.Media.Media*,4042.0,0.0,15.0,2390.0
140,1.0,4042.0,戰國策,0.3952613940238953,Q197396,Geography.Regions.Asia.East_Asia,4042.0,0.0,15.0,2390.0
141,1.0,4042.0,戰國策,0.3344935646057129,Q197396,Geography.Regions.Asia.Asia*,4042.0,0.0,15.0,2390.0
142,1.0,4054.0,蔡明亮,1.0000100135803225,Q698710,Culture.Biography.Biography*,4054.0,0.0,12.0,2650.0
143,1.0,4054.0,蔡明亮,0.7186043858528137,Q698710,History_and_Society.Society,4054.0,0.0,12.0,2650.0
144,1.0,4054.0,蔡明亮,0.3165845146179199,Q698710,Geography.Regions.Asia.Asia*,4054.0,0.0,12.0,2650.0
145,1.0,4054.0,蔡明亮,0.06118653917312623,Q698710,Geography.Regions.Asia.East_Asia,4054.0,0.0,12.0,2650.0
146,13.0,4316.0,港元,0.3893042674064636,Q31015,Geography.Regions.Asia.Asia*,4316.0,33224.690195021205,12.0,3086.0
147,13.0,4316.0,港元,0.3344935646057129,Q31015,Geography.Regions.Asia.East_Asia,4316.0,33224.690195021205,12.0,3086.0
148,4.0,4332.0,舜,0.812877357006073,Q313342,Culture.Biography.Biography*,4332.0,3519.071912681921,4.0,2691.0
149,4.0,4332.0,舜,0.538993239402771,Q313342,Culture.Philosophy_and_religion,4332.0,3519.071912681921,4.0,2691.0
150,4.0,4332.0,舜,0.4515841474533081,Q313342,Geography.Regions.Asia.Asia*,4332.0,3519.071912681921,4.0,2691.0
151,4.0,4332.0,舜,0.40366052293777466,Q313342,Geography.Regions.Asia.East_Asia,4332.0,3519.071912681921,4.0,2691.0
152,18.0,4499.0,陈毅,0.9916942119598388,Q188408,Culture.Biography.Biography*,4499.0,40381.096889035485,1.0,2924.0
153,18.0,4499.0,陈毅,0.5698626637458801,Q188408,History_and_Society.Military_and_warfare,4499.0,40381.096889035485,1.0,2924.0
154,18.0,4499.0,陈毅,0.43892334604263306,Q188408,Geography.Regions.Asia.Asia*,4499.0,40381.096889035485,1.0,2924.0
155,18.0,4499.0,陈毅,0.4139109721183777,Q188408,Geography.Regions.Asia.East_Asia,4499.0,40381.096889035485,1.0,2924.0
156,18.0,4499.0,陈毅,0.1520422399044037,Q188408,History_and_Society.Politics_and_government,4499.0,40381.096889035485,1.0,2924.0
157,2.0,4579.0,大英博物馆,0.7879412174224854,Q6373,Culture.Visual_arts.Visual_arts*,4579.0,3942.0,4.0,2657.0
158,2.0,4579.0,大英博物馆,0.7248802781105042,Q6373,Culture.Visual_arts.Architecture,4579.0,3942.0,4.0,2657.0
159,2.0,4579.0,大英博物馆,0.6076731681823729,Q6373,Geography.Regions.Europe.Europe*,4579.0,3942.0,4.0,2657.0
160,2.0,4579.0,大英博物馆,0.21734751760959625,Q6373,Geography.Regions.Europe.Northern_Europe,4579.0,3942.0,4.0,2657.0
161,2.0,4579.0,大英博物馆,0.10375863313674928,Q6373,STEM.STEM*,4579.0,3942.0,4.0,2657.0
162,4.0,4621.0,岩手县,0.9970290064811708,Q48326,Geography.Regions.Asia.East_Asia,4621.0,5216.749835868319,13.0,2200.0
163,4.0,4621.0,岩手县,0.991162657737732,Q48326,Geography.Regions.Asia.Asia*,4621.0,5216.749835868319,13.0,2200.0
164,4.0,4621.0,岩手县,0.5234303474426271,Q48326,Geography.Geographical,4621.0,5216.749835868319,13.0,2200.0
165,33.0,4664.0,长沙市,0.9688661694526672,Q174091,Geography.Regions.Asia.East_Asia,4664.0,261418.3305787727,13.0,3266.0
166,33.0,4664.0,长沙市,0.9553291201591492,Q174091,Geography.Regions.Asia.Asia*,4664.0,261418.3305787727,13.0,3266.0
167,33.0,4664.0,长沙市,0.5312193632125854,Q174091,Geography.Geographical,4664.0,261418.3305787727,13.0,3266.0
168,29.0,4666.0,光绪,0.4738311638832092,Q1135852,Geography.Regions.Asia.Asia*,4666.0,208119.81760571274,2.0,3621.0
169,29.0,4666.0,光绪,0.4705740084648132,Q1135852,Geography.Regions.Asia.East_Asia,4666.0,208119.81760571274,2.0,3621.0
170,6.0,4698.0,行星,0.9926641583442688,Q634,STEM.Space,4698.0,16997.739044830556,16.0,3100.0
171,6.0,4698.0,行星,0.9836069941520692,Q634,STEM.STEM*,4698.0,16997.739044830556,16.0,3100.0
172,6.0,4698.0,行星,0.2069040536880493,Q634,STEM.Earth_and_environment,4698.0,16997.739044830556,16.0,3100.0
173,6.0,4698.0,行星,0.14415885508060455,Q634,History_and_Society.Transportation,4698.0,16997.739044830556,16.0,3100.0
174,6.0,4698.0,行星,0.1259327530860901,Q634,STEM.Biology,4698.0,16997.739044830556,16.0,3100.0
175,6.0,4698.0,行星,0.11280541121959685,Q634,History_and_Society.Society,4698.0,16997.739044830556,16.0,3100.0
176,6.0,4698.0,行星,0.1067005917429924,Q634,STEM.Technology,4698.0,16997.739044830556,16.0,3100.0
177,4.0,5359.0,满语,0.9790457487106324,Q33638,Culture.Linguistics,5359.0,4243.021121991678,13.0,2847.0
178,4.0,5359.0,满语,0.8840492963790894,Q33638,Geography.Regions.Asia.Asia*,5359.0,4243.021121991678,13.0,2847.0
179,4.0,5359.0,满语,0.7371681928634644,Q33638,Geography.Regions.Asia.East_Asia,5359.0,4243.021121991678,13.0,2847.0
180,4.0,5359.0,满语,0.1097157895565033,Q33638,Culture.Biography.Biography*,5359.0,4243.021121991678,13.0,2847.0
181,9.0,5484.0,民主社会主义,0.8991314172744751,Q189280,History_and_Society.Politics_and_government,5484.0,4325.634930382843,0.0,2675.0
182,9.0,5484.0,民主社会主义,0.11921291798353195,Q189280,History_and_Society.Society,5484.0,4325.634930382843,0.0,2675.0
183,2.0,5552.0,上甘岭战役,0.9626831412315368,Q492671,History_and_Society.Military_and_warfare,5552.0,3942.0,3.0,3147.0
184,2.0,5552.0,上甘岭战役,0.5621865391731262,Q492671,Geography.Regions.Americas.North_America,5552.0,3942.0,3.0,3147.0
185,2.0,5552.0,上甘岭战役,0.5312193632125854,Q492671,Geography.Regions.Asia.East_Asia,5552.0,3942.0,3.0,3147.0
186,2.0,5552.0,上甘岭战役,0.3923468291759491,Q492671,Geography.Regions.Asia.Asia*,5552.0,3942.0,3.0,3147.0
187,4.0,5657.0,航天飞机,0.8670457601547241,Q48806,STEM.STEM*,5657.0,9479.131201129409,10.0,2125.0
188,4.0,5657.0,航天飞机,0.754925012588501,Q48806,STEM.Space,5657.0,9479.131201129409,10.0,2125.0
189,4.0,5657.0,航天飞机,0.7057950496673584,Q48806,STEM.Technology,5657.0,9479.131201129409,10.0,2125.0
190,4.0,5657.0,航天飞机,0.6584275364875793,Q48806,History_and_Society.Transportation,5657.0,9479.131201129409,10.0,2125.0
191,4.0,5657.0,航天飞机,0.3276783227920532,Q48806,History_and_Society.Military_and_warfare,5657.0,9479.131201129409,10.0,2125.0
192,4.0,5657.0,航天飞机,0.13661839067935946,Q48806,History_and_Society.Business_and_economics,5657.0,9479.131201129409,10.0,2125.0
193,4.0,5657.0,航天飞机,0.13661839067935946,Q48806,STEM.Engineering,5657.0,9479.131201129409,10.0,2125.0
194,4.0,5657.0,航天飞机,0.0,Q48806,Geography.Regions.Americas.North_America,5657.0,9479.131201129409,10.0,2125.0
195,8.0,5677.0,美国国家航空航天局,0.5544804334640503,Q23548,STEM.STEM*,5677.0,38109.93727293594,10.0,3960.0
196,8.0,5677.0,美国国家航空航天局,0.4225146472454071,Q23548,History_and_Society.Business_and_economics,5677.0,38109.93727293594,10.0,3960.0
197,8.0,5677.0,美国国家航空航天局,0.275139719247818,Q23548,STEM.Technology,5677.0,38109.93727293594,10.0,3960.0
198,8.0,5677.0,美国国家航空航天局,0.24509501457214355,Q23548,History_and_Society.Transportation,5677.0,38109.93727293594,10.0,3960.0
199,8.0,5677.0,美国国家航空航天局,0.22388027811050412,Q23548,Geography.Regions.Americas.North_America,5677.0,38109.93727293594,10.0,3960.0
200,8.0,5677.0,美国国家航空航天局,0.1968362182378769,Q23548,History_and_Society.Politics_and_government,5677.0,38109.93727293594,10.0,3960.0
201,8.0,5677.0,美国国家航空航天局,0.1259327530860901,Q23548,History_and_Society.Education,5677.0,38109.93727293594,10.0,3960.0
202,8.0,5677.0,美国国家航空航天局,0.11597072333097458,Q23548,STEM.Space,5677.0,38109.93727293594,10.0,3960.0
203,8.0,5677.0,美国国家航空航天局,0.0,Q23548,Geography.Regions.Europe.Europe*,5677.0,38109.93727293594,10.0,3960.0
204,4.0,5707.0,十二因缘,0.9994907379150392,Q249618,Culture.Philosophy_and_religion,5707.0,538.0468781721844,11.0,2755.0
205,4.0,5707.0,十二因缘,0.0,Q249618,Geography.Regions.Asia.Asia*,5707.0,538.0468781721844,11.0,2755.0
206,4.0,5707.0,十二因缘,0.0,Q249618,Geography.Regions.Asia.East_Asia,5707.0,538.0468781721844,11.0,2755.0
207,10.0,5871.0,小提琴,0.7773098945617676,Q8355,Culture.Media.Media*,5871.0,25753.94767519372,13.0,2981.0
208,10.0,5871.0,小提琴,0.7773098945617676,Q8355,Culture.Media.Music,5871.0,25753.94767519372,13.0,2981.0
209,10.0,5871.0,小提琴,0.16452647745609286,Q8355,History_and_Society.Society,5871.0,25753.94767519372,13.0,2981.0
210,31.0,6039.0,吉他,0.6859594583511353,Q6607,Culture.Media.Media*,6039.0,258679.41229691805,13.0,3254.0
211,31.0,6039.0,吉他,0.546748161315918,Q6607,Culture.Media.Music,6039.0,258679.41229691805,13.0,3254.0
212,31.0,6039.0,吉他,0.1968362182378769,Q6607,STEM.STEM*,6039.0,258679.41229691805,13.0,3254.0
213,31.0,6039.0,吉他,0.16452647745609286,Q6607,Culture.Biography.Biography*,6039.0,258679.41229691805,13.0,3254.0
214,31.0,6039.0,吉他,0.14034625887870789,Q6607,History_and_Society.Society,6039.0,258679.41229691805,13.0,3254.0
215,31.0,6039.0,吉他,0.1259327530860901,Q6607,Culture.Philosophy_and_religion,6039.0,258679.41229691805,13.0,3254.0
216,7.0,6236.0,协和式客机,0.9659096002578736,Q6505,STEM.STEM*,6236.0,39398.26118981915,1.0,2852.0
217,7.0,6236.0,协和式客机,0.9591643214225768,Q6505,History_and_Society.Transportation,6236.0,39398.26118981915,1.0,2852.0
218,7.0,6236.0,协和式客机,0.9344051480293274,Q6505,STEM.Engineering,6236.0,39398.26118981915,1.0,2852.0
219,7.0,6236.0,协和式客机,0.20182321965694427,Q6505,History_and_Society.Military_and_warfare,6236.0,39398.26118981915,1.0,2852.0
220,7.0,6236.0,协和式客机,0.0,Q6505,Geography.Regions.Europe.Europe*,6236.0,39398.26118981915,1.0,2852.0
221,27.0,6400.0,约翰·梅杰,0.9988405108451844,Q9559,Culture.Biography.Biography*,6400.0,62264.80179242545,1.0,1322.0
222,27.0,6400.0,约翰·梅杰,0.951152205467224,Q9559,History_and_Society.Politics_and_government,6400.0,62264.80179242545,1.0,1322.0
223,27.0,6400.0,约翰·梅杰,0.3140605390071869,Q9559,History_and_Society.Education,6400.0,62264.80179242545,1.0,1322.0
224,27.0,6400.0,约翰·梅杰,0.23616819286346435,Q9559,Geography.Regions.Europe.Europe*,6400.0,62264.80179242545,1.0,1322.0
225,27.0,6400.0,约翰·梅杰,0.23006861114501956,Q9559,Geography.Regions.Europe.Northern_Europe,6400.0,62264.80179242545,1.0,1322.0
226,1.0,6429.0,晋文公,0.8840492963790894,Q561973,Culture.Biography.Biography*,6429.0,0.0,11.0,2278.0
227,1.0,6429.0,晋文公,0.4334051480293274,Q561973,Geography.Regions.Asia.East_Asia,6429.0,0.0,11.0,2278.0
228,1.0,6429.0,晋文公,0.40366052293777466,Q561973,Geography.Regions.Asia.Asia*,6429.0,0.0,11.0,2278.0
229,1.0,6429.0,晋文公,0.14415885508060455,Q561973,History_and_Society.History,6429.0,0.0,11.0,2278.0
230,13.0,6432.0,司马光,0.9863731861114502,Q33566,Culture.Biography.Biography*,6432.0,20811.199353646844,15.0,3301.0
231,13.0,6432.0,司马光,0.4831036200523377,Q33566,Geography.Regions.Asia.East_Asia,6432.0,20811.199353646844,15.0,3301.0
232,13.0,6432.0,司马光,0.4831036200523377,Q33566,Geography.Regions.Asia.Asia*,6432.0,20811.199353646844,15.0,3301.0
233,13.0,6432.0,司马光,0.1968362182378769,Q33566,History_and_Society.History,6432.0,20811.199353646844,15.0,3301.0
234,13.0,6432.0,司马光,0.14805719256401062,Q33566,History_and_Society.Military_and_warfare,6432.0,20811.199353646844,15.0,3301.0
235,13.0,6432.0,司马光,0.12253321707248688,Q33566,Culture.Philosophy_and_religion,6432.0,20811.199353646844,15.0,3301.0
236,12.0,6610.0,帛琉,0.9825675487518309,Q695,Geography.Geographical,6610.0,26987.84777043015,5.0,34911.0
237,12.0,6610.0,帛琉,0.6654205918312073,Q695,Geography.Regions.Oceania,6610.0,26987.84777043015,5.0,34911.0
238,12.0,6610.0,帛琉,0.20182321965694427,Q695,Geography.Regions.Asia.Asia*,6610.0,26987.84777043015,5.0,34911.0
239,6.0,6848.0,西周,0.7490972280502319,Q1069609,History_and_Society.History,6848.0,20372.790562170307,15.0,3049.0
240,6.0,6848.0,西周,0.4990100135803223,Q1069609,Geography.Regions.Asia.East_Asia,6848.0,20372.790562170307,15.0,3049.0
241,6.0,6848.0,西周,0.4966868629455566,Q1069609,Geography.Regions.Asia.Asia*,6848.0,20372.790562170307,15.0,3049.0
242,3.0,7231.0,陳美齡,0.9724247455596924,Q652535,Culture.Biography.Biography*,7231.0,9571.992234428288,13.0,2665.0
243,3.0,7231.0,陳美齡,0.4765896201133728,Q652535,Culture.Biography.Women,7231.0,9571.992234428288,13.0,2665.0
244,3.0,7231.0,陳美齡,0.21760438585281366,Q652535,Geography.Regions.Asia.East_Asia,7231.0,9571.992234428288,13.0,2665.0
245,3.0,7231.0,陳美齡,0.18714269995689392,Q652535,Culture.Media.Media*,7231.0,9571.992234428288,13.0,2665.0
246,3.0,7231.0,陳美齡,0.17818872833251953,Q652535,Geography.Regions.Asia.Asia*,7231.0,9571.992234428288,13.0,2665.0
247,3.0,7231.0,陳美齡,0.11921291798353195,Q652535,Culture.Media.Music,7231.0,9571.992234428288,13.0,2665.0
248,14.0,7358.0,林振強,0.9939124584197998,Q7327225,Culture.Biography.Biography*,7358.0,24053.626110396093,12.0,3559.0
249,14.0,7358.0,林振強,0.3862146010398865,Q7327225,Geography.Regions.Asia.East_Asia,7358.0,24053.626110396093,12.0,3559.0
250,14.0,7358.0,林振強,0.23006861114501956,Q7327225,Geography.Regions.Asia.Asia*,7358.0,24053.626110396093,12.0,3559.0
251,14.0,7358.0,林振強,0.11597072333097458,Q7327225,Culture.Media.Media*,7358.0,24053.626110396093,12.0,3559.0
252,4.0,7367.0,林燕妮,0.990301549434662,Q9293151,Culture.Biography.Biography*,7367.0,14407.54772336224,12.0,2525.0
253,4.0,7367.0,林燕妮,0.6370407938957214,Q9293151,Culture.Biography.Women,7367.0,14407.54772336224,12.0,2525.0
254,4.0,7367.0,林燕妮,0.275139719247818,Q9293151,Culture.Media.Media*,7367.0,14407.54772336224,12.0,2525.0
255,4.0,7367.0,林燕妮,0.270853506565094,Q9293151,Geography.Regions.Asia.East_Asia,7367.0,14407.54772336224,12.0,2525.0
256,4.0,7367.0,林燕妮,0.2653036584854126,Q9293151,Geography.Regions.Asia.Asia*,7367.0,14407.54772336224,12.0,2525.0
257,4.0,7367.0,林燕妮,0.19194278120994568,Q9293151,Culture.Literature,7367.0,14407.54772336224,12.0,2525.0
258,16.0,7382.0,唱片騎師,0.6791887283325195,Q130857,History_and_Society.Business_and_economics,7382.0,50226.456785893024,12.0,1884.0
259,16.0,7382.0,唱片騎師,0.3557848632335663,Q130857,Culture.Media.Media*,7382.0,50226.456785893024,12.0,1884.0
260,16.0,7382.0,唱片騎師,0.1824355274438858,Q130857,Culture.Media.Music,7382.0,50226.456785893024,12.0,1884.0
261,16.0,7382.0,唱片騎師,0.14805719256401062,Q130857,History_and_Society.Politics_and_government,7382.0,50226.456785893024,12.0,1884.0
262,11.0,7439.0,恐怖主义,0.8840492963790894,Q7283,History_and_Society.Politics_and_government,7439.0,39844.37992863013,10.0,2527.0
263,11.0,7439.0,恐怖主义,0.3775506913661957,Q7283,History_and_Society.Society,7439.0,39844.37992863013,10.0,2527.0
264,11.0,7439.0,恐怖主义,0.24509501457214355,Q7283,Culture.Philosophy_and_religion,7439.0,39844.37992863013,10.0,2527.0
265,11.0,7439.0,恐怖主义,0.20182321965694427,Q7283,STEM.STEM*,7439.0,39844.37992863013,10.0,2527.0
266,11.0,7439.0,恐怖主义,0.18714269995689392,Q7283,History_and_Society.Business_and_economics,7439.0,39844.37992863013,10.0,2527.0
267,17.0,7491.0,旧约圣经,0.7057950496673584,Q19786,Culture.Literature,7491.0,39178.20529818832,11.0,2716.0
268,17.0,7491.0,旧约圣经,0.6001983880996704,Q19786,Culture.Philosophy_and_religion,7491.0,39178.20529818832,11.0,2716.0
269,17.0,7491.0,旧约圣经,0.33459946513175964,Q19786,History_and_Society.History,7491.0,39178.20529818832,11.0,2716.0
270,17.0,7491.0,旧约圣经,0.12253321707248688,Q19786,Culture.Biography.Biography*,7491.0,39178.20529818832,11.0,2716.0
271,7.0,7575.0,景教,0.16027602553367615,Q13417194,History_and_Society.Politics_and_government,7575.0,22386.47680338877,11.0,2751.0
272,7.0,7575.0,景教,0.14415885508060455,Q13417194,STEM.STEM*,7575.0,22386.47680338877,11.0,2751.0
273,7.0,7575.0,景教,0.11280541121959685,Q13417194,Culture.Media.Media*,7575.0,22386.47680338877,11.0,2751.0
274,7.0,7575.0,景教,0.10088862478733064,Q13417194,Culture.Media.Television,7575.0,22386.47680338877,11.0,2751.0
275,7.0,7575.0,景教,0.0,Q13417194,Geography.Regions.Europe.Europe*,7575.0,22386.47680338877,11.0,2751.0
276,7.0,7575.0,景教,0.0,Q13417194,Geography.Regions.Asia.Asia*,7575.0,22386.47680338877,11.0,2751.0
277,7.0,7575.0,景教,0.0,Q13417194,Geography.Regions.Americas.North_America,7575.0,22386.47680338877,11.0,2751.0
278,3.0,7591.0,普通高等学校招生全国统一考试,0.4352950325012207,Q670287,Geography.Regions.Asia.East_Asia,7591.0,1713.0186115967333,12.0,7995.0
279,3.0,7591.0,普通高等学校招生全国统一考试,0.3660457601547241,Q670287,Geography.Regions.Asia.Asia*,7591.0,1713.0186115967333,12.0,7995.0
280,3.0,7591.0,普通高等学校招生全国统一考试,0.19194278120994568,Q670287,STEM.STEM*,7591.0,1713.0186115967333,12.0,7995.0
281,3.0,7591.0,普通高等学校招生全国统一考试,0.14805719256401062,Q670287,History_and_Society.Military_and_warfare,7591.0,1713.0186115967333,12.0,7995.0
282,3.0,7591.0,普通高等学校招生全国统一考试,0.1259327530860901,Q670287,Culture.Biography.Biography*,7591.0,1713.0186115967333,12.0,7995.0
283,3.0,7591.0,普通高等学校招生全国统一考试,0.11921291798353195,Q670287,History_and_Society.Education,7591.0,1713.0186115967333,12.0,7995.0
284,7.0,7764.0,白金汉宫,0.9149109721183776,Q42182,Geography.Regions.Europe.Europe*,7764.0,6509.959514910404,1.0,2216.0
285,7.0,7764.0,白金汉宫,0.8706072568893433,Q42182,Culture.Visual_arts.Visual_arts*,7764.0,6509.959514910404,1.0,2216.0
286,7.0,7764.0,白金汉宫,0.8311530351638794,Q42182,Culture.Visual_arts.Architecture,7764.0,6509.959514910404,1.0,2216.0
287,7.0,7764.0,白金汉宫,0.8175845146179199,Q42182,Geography.Regions.Europe.Northern_Europe,7764.0,6509.959514910404,1.0,2216.0
288,7.0,7764.0,白金汉宫,0.2689514458179474,Q42182,Geography.Geographical,7764.0,6509.959514910404,1.0,2216.0
289,7.0,7764.0,白金汉宫,0.18714269995689392,Q42182,History_and_Society.Military_and_warfare,7764.0,6509.959514910404,1.0,2216.0
290,10.0,7777.0,雅典,0.8840492963790894,Q1524,Geography.Geographical,7777.0,47479.07149757284,13.0,2774.0
291,10.0,7777.0,雅典,0.6001983880996704,Q1524,History_and_Society.History,7777.0,47479.07149757284,13.0,2774.0
292,10.0,7777.0,雅典,0.538993239402771,Q1524,Geography.Regions.Europe.Southern_Europe,7777.0,47479.07149757284,13.0,2774.0
293,10.0,7777.0,雅典,0.538993239402771,Q1524,Geography.Regions.Europe.Europe*,7777.0,47479.07149757284,13.0,2774.0
294,3.0,7867.0,寒武纪,0.754925012588501,Q79064,STEM.STEM*,7867.0,3873.495366278608,10.0,2359.0
295,3.0,7867.0,寒武纪,0.6926519870758057,Q79064,STEM.Earth_and_environment,7867.0,3873.495366278608,10.0,2359.0
296,11.0,8041.0,基里巴斯,0.9916942119598388,Q710,Geography.Geographical,8041.0,11470.64943404146,1.0,2827.0
297,11.0,8041.0,基里巴斯,0.3276783227920532,Q710,Geography.Regions.Oceania,8041.0,11470.64943404146,1.0,2827.0
298,11.0,8041.0,基里巴斯,0.24509501457214355,Q710,Geography.Regions.Americas.Central_America,8041.0,11470.64943404146,1.0,2827.0
299,11.0,8041.0,基里巴斯,0.1968362182378769,Q710,Geography.Regions.Europe.Europe*,8041.0,11470.64943404146,1.0,2827.0
300,11.0,8041.0,基里巴斯,0.16027602553367615,Q710,Geography.Regions.Asia.Asia*,8041.0,11470.64943404146,1.0,2827.0
301,11.0,8041.0,基里巴斯,0.1067005917429924,Q710,History_and_Society.Society,8041.0,11470.64943404146,1.0,2827.0
302,5.0,8059.0,J·R·R·托爾金,0.9952548146247864,Q892,Culture.Biography.Biography*,8059.0,15002.103399858695,1.0,3631.0
303,5.0,8059.0,J·R·R·托爾金,0.8439050912857056,Q892,Culture.Literature,8059.0,15002.103399858695,1.0,3631.0
304,5.0,8059.0,J·R·R·托爾金,0.2120788097381592,Q892,Culture.Media.Media*,8059.0,15002.103399858695,1.0,3631.0
305,5.0,8059.0,J·R·R·托爾金,0.14805719256401062,Q892,Culture.Philosophy_and_religion,8059.0,15002.103399858695,1.0,3631.0
306,5.0,8059.0,J·R·R·托爾金,0.14034625887870789,Q892,Culture.Biography.Women,8059.0,15002.103399858695,1.0,3631.0
307,5.0,8059.0,J·R·R·托爾金,0.12253321707248688,Q892,History_and_Society.Education,8059.0,15002.103399858695,1.0,3631.0
308,5.0,8059.0,J·R·R·托爾金,0.1067005917429924,Q892,History_and_Society.Society,8059.0,15002.103399858695,1.0,3631.0
309,5.0,8059.0,J·R·R·托爾金,0.08411114120483397,Q892,Geography.Regions.Europe.Europe*,8059.0,15002.103399858695,1.0,3631.0
310,5.0,8059.0,J·R·R·托爾金,0.0,Q892,Geography.Regions.Europe.Northern_Europe,8059.0,15002.103399858695,1.0,3631.0
311,4.0,8088.0,柳宗元,0.9951046109199524,Q337773,Culture.Biography.Biography*,8088.0,6385.695471835314,11.0,2879.0
312,4.0,8088.0,柳宗元,0.5775054097175598,Q337773,Culture.Literature,8088.0,6385.695471835314,11.0,2879.0
313,4.0,8088.0,柳宗元,0.4722507467269898,Q337773,Geography.Regions.Asia.Asia*,8088.0,6385.695471835314,11.0,2879.0
314,4.0,8088.0,柳宗元,0.4649096002578735,Q337773,Geography.Regions.Asia.East_Asia,8088.0,6385.695471835314,11.0,2879.0
315,2.0,8253.0,曾母暗沙,1.0000100135803225,Q707510,Geography.Regions.Asia.East_Asia,8253.0,0.0,10.0,2313.0
316,2.0,8253.0,曾母暗沙,0.9994029402732848,Q707510,Geography.Regions.Asia.Asia*,8253.0,0.0,10.0,2313.0
317,2.0,8253.0,曾母暗沙,0.9960646033287048,Q707510,History_and_Society.Society,8253.0,0.0,10.0,2313.0
318,2.0,8253.0,曾母暗沙,0.6513648629188538,Q707510,STEM.Earth_and_environment,8253.0,0.0,10.0,2313.0
319,2.0,8253.0,曾母暗沙,0.5775054097175598,Q707510,Culture.Biography.Biography*,8253.0,0.0,10.0,2313.0
320,2.0,8253.0,曾母暗沙,0.4843900501728058,Q707510,Geography.Geographical,8253.0,0.0,10.0,2313.0
321,2.0,8253.0,曾母暗沙,0.38492217659950256,Q707510,STEM.STEM*,8253.0,0.0,10.0,2313.0
322,2.0,8253.0,曾母暗沙,0.14805719256401062,Q707510,Culture.Sports,8253.0,0.0,10.0,2313.0
323,8.0,8264.0,艾奥瓦州,1.0000100135803225,Q1546,Geography.Geographical,8264.0,10029.916424185503,5.0,1913.0
324,8.0,8264.0,艾奥瓦州,0.7186043858528137,Q1546,Geography.Regions.Americas.North_America,8264.0,10029.916424185503,5.0,1913.0
325,8.0,8264.0,艾奥瓦州,0.19194278120994568,Q1546,History_and_Society.Society,8264.0,10029.916424185503,5.0,1913.0
326,8.0,8264.0,艾奥瓦州,0.1824355274438858,Q1546,Geography.Regions.Europe.Europe*,8264.0,10029.916424185503,5.0,1913.0
327,8.0,8264.0,艾奥瓦州,0.1520422399044037,Q1546,Geography.Regions.Europe.Western_Europe,8264.0,10029.916424185503,5.0,1913.0
328,8.0,8264.0,艾奥瓦州,0.14805719256401062,Q1546,History_and_Society.History,8264.0,10029.916424185503,5.0,1913.0
329,8.0,8264.0,艾奥瓦州,0.14034625887870789,Q1546,Geography.Regions.Oceania,8264.0,10029.916424185503,5.0,1913.0
330,8.0,8264.0,艾奥瓦州,0.13297423720359802,Q1546,History_and_Society.Politics_and_government,8264.0,10029.916424185503,5.0,1913.0
331,8.0,8264.0,艾奥瓦州,0.1259327530860901,Q1546,STEM.Earth_and_environment,8264.0,10029.916424185503,5.0,1913.0
332,8.0,8264.0,艾奥瓦州,0.11921291798353195,Q1546,Geography.Regions.Asia.Asia*,8264.0,10029.916424185503,5.0,1913.0
333,1.0,9316.0,張仲景,0.9964163899421692,Q197350,Culture.Biography.Biography*,9316.0,0.0,13.0,2317.0
334,1.0,9316.0,張仲景,0.5156299471855164,Q197350,History_and_Society.History,9316.0,0.0,13.0,2317.0
335,1.0,9316.0,張仲景,0.4865783920288086,Q197350,Geography.Regions.Asia.East_Asia,9316.0,0.0,13.0,2317.0
336,1.0,9316.0,張仲景,0.4605437984466553,Q197350,Geography.Regions.Asia.Asia*,9316.0,0.0,13.0,2317.0
337,1.0,9316.0,張仲景,0.19194278120994568,Q197350,Culture.Philosophy_and_religion,9316.0,0.0,13.0,2317.0
338,1.0,9540.0,忍者,0.4301573634147644,Q9402,History_and_Society.Military_and_warfare,9540.0,0.0,13.0,2949.0
339,1.0,9540.0,忍者,0.1968362182378769,Q9402,History_and_Society.Business_and_economics,9540.0,0.0,13.0,2949.0
340,1.0,9540.0,忍者,0.19194278120994568,Q9402,History_and_Society.History,9540.0,0.0,13.0,2949.0
341,1.0,9540.0,忍者,0.1294127255678177,Q9402,Culture.Media.Media*,9540.0,0.0,13.0,2949.0
342,1.0,9540.0,忍者,0.1259327530860901,Q9402,STEM.STEM*,9540.0,0.0,13.0,2949.0
343,1.0,9540.0,忍者,0.0,Q9402,Geography.Regions.Asia.Asia*,9540.0,0.0,13.0,2949.0
344,1.0,9540.0,忍者,0.0,Q9402,Geography.Regions.Asia.East_Asia,9540.0,0.0,13.0,2949.0
345,7.0,9852.0,国际单位制,0.9935217499732972,Q12457,STEM.STEM*,9852.0,32834.364639370535,10.0,3120.0
346,7.0,9852.0,国际单位制,0.2942249774932861,Q12457,STEM.Physics,9852.0,32834.364639370535,10.0,3120.0
347,7.0,9852.0,国际单位制,0.21734751760959625,Q12457,STEM.Technology,9852.0,32834.364639370535,10.0,3120.0
348,7.0,9852.0,国际单位制,0.16452647745609286,Q12457,History_and_Society.Society,9852.0,32834.364639370535,10.0,3120.0
349,4.0,10022.0,中國人民解放軍駐香港部隊,0.8706072568893433,Q832561,History_and_Society.Military_and_warfare,10022.0,7120.355291652641,11.0,3362.0
350,4.0,10022.0,中國人民解放軍駐香港部隊,0.6926519870758057,Q832561,Geography.Regions.Asia.East_Asia,10022.0,7120.355291652641,11.0,3362.0
351,4.0,10022.0,中國人民解放軍駐香港部隊,0.4843900501728058,Q832561,Geography.Regions.Asia.Asia*,10022.0,7120.355291652641,11.0,3362.0
352,4.0,10022.0,中國人民解放軍駐香港部隊,0.16886694729328156,Q832561,Geography.Regions.Americas.North_America,10022.0,7120.355291652641,11.0,3362.0
353,3.0,10089.0,朝鮮高宗,0.9960646033287048,Q257425,Culture.Biography.Biography*,10089.0,7422.648999940378,2.0,2677.0
354,3.0,10089.0,朝鮮高宗,0.4669093360900879,Q257425,Geography.Regions.Asia.Asia*,10089.0,7422.648999940378,2.0,2677.0
355,3.0,10089.0,朝鮮高宗,0.4440047016143799,Q257425,Geography.Regions.Asia.East_Asia,10089.0,7422.648999940378,2.0,2677.0
356,3.0,10089.0,朝鮮高宗,0.1824355274438858,Q257425,History_and_Society.Military_and_warfare,10089.0,7422.648999940378,2.0,2677.0
357,2.0,10192.0,中国中信集团,0.9073222279548644,Q856322,History_and_Society.Business_and_economics,10192.0,2007.2295258515112,10.0,2419.0
358,2.0,10192.0,中国中信集团,0.4840529432296753,Q856322,Geography.Regions.Asia.East_Asia,10192.0,2007.2295258515112,10.0,2419.0
359,2.0,10192.0,中国中信集团,0.4616831412315369,Q856322,Geography.Regions.Asia.Asia*,10192.0,2007.2295258515112,10.0,2419.0
360,2.0,10521.0,樂蒂,0.9924327731132508,Q706251,Culture.Biography.Biography*,10521.0,605.3731677630429,4.0,1896.0
361,2.0,10521.0,樂蒂,0.5544804334640503,Q706251,Culture.Biography.Women,10521.0,605.3731677630429,4.0,1896.0
362,2.0,10521.0,樂蒂,0.3862146010398865,Q706251,Geography.Regions.Asia.East_Asia,10521.0,605.3731677630429,4.0,1896.0
363,2.0,10521.0,樂蒂,0.29719679260253906,Q706251,Geography.Regions.Asia.Asia*,10521.0,605.3731677630429,4.0,1896.0
364,2.0,10521.0,樂蒂,0.11597072333097458,Q706251,Culture.Media.Media*,10521.0,605.3731677630429,4.0,1896.0
365,2.0,10521.0,樂蒂,0.1097157895565033,Q706251,Culture.Media.Music,10521.0,605.3731677630429,4.0,1896.0
366,15.0,10554.0,角斗士 (电影),0.9836069941520692,Q128518,Culture.Media.Films,10554.0,35693.084900576905,6.0,3875.0
367,15.0,10554.0,角斗士 (电影),0.967909336090088,Q128518,Culture.Media.Media*,10554.0,35693.084900576905,6.0,3875.0
368,15.0,10554.0,角斗士 (电影),0.13297423720359802,Q128518,Culture.Media.Entertainment,10554.0,35693.084900576905,6.0,3875.0
369,15.0,10554.0,角斗士 (电影),0.11921291798353195,Q128518,History_and_Society.Military_and_warfare,10554.0,35693.084900576905,6.0,3875.0
370,15.0,10554.0,角斗士 (电影),0.0,Q128518,Geography.Regions.Americas.North_America,10554.0,35693.084900576905,6.0,3875.0
371,15.0,10554.0,角斗士 (电影),0.0,Q128518,Geography.Regions.Europe.Europe*,10554.0,35693.084900576905,6.0,3875.0
372,1.0,10630.0,靖国神社,0.9073222279548644,Q242803,Geography.Regions.Asia.East_Asia,10630.0,0.0,5.0,2543.0
373,1.0,10630.0,靖国神社,0.9019306898117064,Q242803,Geography.Regions.Asia.Asia*,10630.0,0.0,5.0,2543.0
374,1.0,10630.0,靖国神社,0.2393593490123749,Q242803,Culture.Visual_arts.Visual_arts*,10630.0,0.0,5.0,2543.0
375,1.0,10630.0,靖国神社,0.1778208613395691,Q242803,Culture.Visual_arts.Architecture,10630.0,0.0,5.0,2543.0
376,9.0,10797.0,吴仪,1.0000100135803225,Q50952,Culture.Biography.Biography*,10797.0,5462.28554564842,3.0,2786.0
377,9.0,10797.0,吴仪,0.9399233460426332,Q50952,Culture.Biography.Women,10797.0,5462.28554564842,3.0,2786.0
378,9.0,10797.0,吴仪,0.3660457601547241,Q50952,Geography.Regions.Asia.East_Asia,10797.0,5462.28554564842,3.0,2786.0
379,9.0,10797.0,吴仪,0.3509628047943115,Q50952,Geography.Regions.Asia.Asia*,10797.0,5462.28554564842,3.0,2786.0
380,9.0,10797.0,吴仪,0.18714269995689392,Q50952,History_and_Society.Politics_and_government,10797.0,5462.28554564842,3.0,2786.0
381,9.0,10797.0,吴仪,0.14415885508060455,Q50952,History_and_Society.History,10797.0,5462.28554564842,3.0,2786.0
382,9.0,10800.0,钱其琛,0.99753737449646,Q469516,Culture.Biography.Biography*,10800.0,4661.7507940473,3.0,1716.0
383,9.0,10800.0,钱其琛,0.3923194279670715,Q469516,Geography.Regions.Asia.East_Asia,10800.0,4661.7507940473,3.0,1716.0
384,9.0,10800.0,钱其琛,0.3862146010398865,Q469516,Geography.Regions.Asia.Asia*,10800.0,4661.7507940473,3.0,1716.0
385,9.0,10800.0,钱其琛,0.2227101624011993,Q469516,History_and_Society.Politics_and_government,10800.0,4661.7507940473,3.0,1716.0
386,5.0,10910.0,黄兴,0.9986429810523988,Q706842,Culture.Biography.Biography*,10910.0,5934.800271856461,2.0,2998.0
387,5.0,10910.0,黄兴,0.4334051480293274,Q706842,Geography.Regions.Asia.Asia*,10910.0,5934.800271856461,2.0,2998.0
388,5.0,10910.0,黄兴,0.4334051480293274,Q706842,Geography.Regions.Asia.East_Asia,10910.0,5934.800271856461,2.0,2998.0
389,5.0,10910.0,黄兴,0.40734341740608215,Q706842,History_and_Society.Military_and_warfare,10910.0,5934.800271856461,2.0,2998.0
390,4.0,11044.0,埃及神祇列表,1.0,Q1076616,Compilation.List_Disambig,11044.0,1485.919973733349,11.0,2882.0
391,4.0,11044.0,埃及神祇列表,0.9416641592979432,Q1076616,History_and_Society.History,11044.0,1485.919973733349,11.0,2882.0
392,4.0,11044.0,埃及神祇列表,0.20182321965694427,Q1076616,Culture.Literature,11044.0,1485.919973733349,11.0,2882.0
393,4.0,11044.0,埃及神祇列表,0.18714269995689392,Q1076616,Culture.Philosophy_and_religion,11044.0,1485.919973733349,11.0,2882.0
394,2.0,11190.0,藤田和日郎,0.9984612464904784,Q958449,Culture.Visual_arts.Comics_and_Anime,11190.0,690.9630481455507,13.0,1999.0
395,2.0,11190.0,藤田和日郎,0.9979592561721802,Q958449,Culture.Biography.Biography*,11190.0,690.9630481455507,13.0,1999.0
396,2.0,11190.0,藤田和日郎,0.996837317943573,Q958449,Culture.Visual_arts.Visual_arts*,11190.0,690.9630481455507,13.0,1999.0
397,2.0,11190.0,藤田和日郎,0.9942797422409058,Q958449,Culture.Literature,11190.0,690.9630481455507,13.0,1999.0
398,2.0,11190.0,藤田和日郎,0.0,Q958449,Geography.Regions.Asia.East_Asia,11190.0,690.9630481455507,13.0,1999.0
399,2.0,11190.0,藤田和日郎,0.0,Q958449,Geography.Regions.Asia.Asia*,11190.0,690.9630481455507,13.0,1999.0
400,5.0,11463.0,郁慕明,1.0000100135803225,Q9082524,Culture.Biography.Biography*,11463.0,6086.235208096134,2.0,2805.0
401,5.0,11463.0,郁慕明,0.9481645226478576,Q9082524,History_and_Society.Society,11463.0,6086.235208096134,2.0,2805.0
402,5.0,11463.0,郁慕明,0.493098961353302,Q9082524,Geography.Regions.Asia.East_Asia,11463.0,6086.235208096134,2.0,2805.0
403,5.0,11463.0,郁慕明,0.4895974268913269,Q9082524,Geography.Regions.Asia.Asia*,11463.0,6086.235208096134,2.0,2805.0
404,5.0,11550.0,金泳三,0.9992778301239014,Q165210,Culture.Biography.Biography*,11550.0,12919.324018342486,0.0,2712.0
405,5.0,11550.0,金泳三,0.3952613940238953,Q165210,Geography.Regions.Asia.Asia*,11550.0,12919.324018342486,0.0,2712.0
406,5.0,11550.0,金泳三,0.3923468291759491,Q165210,History_and_Society.Politics_and_government,11550.0,12919.324018342486,0.0,2712.0
407,5.0,11550.0,金泳三,0.311877357006073,Q165210,Geography.Regions.Asia.East_Asia,11550.0,12919.324018342486,0.0,2712.0
408,5.0,11550.0,金泳三,0.11921291798353195,Q165210,History_and_Society.Military_and_warfare,11550.0,12919.324018342486,0.0,2712.0
409,3.0,11858.0,二十八宿,0.26285186409950256,Q1378760,Culture.Media.Media*,11858.0,4125.136661666795,5.0,3035.0
410,3.0,11858.0,二十八宿,0.1732981950044632,Q1378760,Culture.Media.Television,11858.0,4125.136661666795,5.0,3035.0
411,3.0,11858.0,二十八宿,0.12253321707248688,Q1378760,Culture.Sports,11858.0,4125.136661666795,5.0,3035.0
412,3.0,11858.0,二十八宿,0.10375863313674928,Q1378760,STEM.STEM*,11858.0,4125.136661666795,5.0,3035.0
413,3.0,11858.0,二十八宿,0.0,Q1378760,Geography.Regions.Asia.Asia*,11858.0,4125.136661666795,5.0,3035.0
414,3.0,11858.0,二十八宿,0.0,Q1378760,Geography.Regions.Asia.East_Asia,11858.0,4125.136661666795,5.0,3035.0
415,3.0,11858.0,二十八宿,0.0,Q1378760,Geography.Regions.Europe.Europe*,11858.0,4125.136661666795,5.0,3035.0
416,4.0,11864.0,吴作栋,1.0000100135803225,Q313300,Culture.Biography.Biography*,11864.0,744.1863506228071,3.0,3231.0
417,4.0,11864.0,吴作栋,0.4810237755775452,Q313300,Geography.Regions.Asia.Asia*,11864.0,744.1863506228071,3.0,3231.0
418,4.0,11864.0,吴作栋,0.38492217659950256,Q313300,History_and_Society.Politics_and_government,11864.0,744.1863506228071,3.0,3231.0
419,4.0,11864.0,吴作栋,0.311877357006073,Q313300,Geography.Regions.Asia.Southeast_Asia,11864.0,744.1863506228071,3.0,3231.0
420,35.0,12246.0,凯特·布兰切特,0.9992778301239014,Q80966,Culture.Biography.Women,12246.0,82983.19568245008,6.0,3677.0
421,35.0,12246.0,凯特·布兰切特,0.9979592561721802,Q80966,Culture.Biography.Biography*,12246.0,82983.19568245008,6.0,3677.0
422,35.0,12246.0,凯特·布兰切特,0.41490885615348816,Q80966,History_and_Society.History,12246.0,82983.19568245008,6.0,3677.0
423,35.0,12246.0,凯特·布兰切特,0.3140605390071869,Q80966,History_and_Society.Society,12246.0,82983.19568245008,6.0,3677.0
424,35.0,12246.0,凯特·布兰切特,0.287777841091156,Q80966,Culture.Literature,12246.0,82983.19568245008,6.0,3677.0
425,35.0,12246.0,凯特·布兰切特,0.1824355274438858,Q80966,Culture.Media.Media*,12246.0,82983.19568245008,6.0,3677.0
426,35.0,12246.0,凯特·布兰切特,0.1259327530860901,Q80966,Culture.Performing_arts,12246.0,82983.19568245008,6.0,3677.0
427,35.0,12246.0,凯特·布兰切特,0.0,Q80966,Geography.Regions.Americas.North_America,12246.0,82983.19568245008,6.0,3677.0
428,35.0,12246.0,凯特·布兰切特,0.0,Q80966,Geography.Regions.Europe.Europe*,12246.0,82983.19568245008,6.0,3677.0
429,6.0,12326.0,伊顿公学,0.8479777574539185,Q192088,History_and_Society.Education,12326.0,2524.796433465722,1.0,3646.0
430,6.0,12326.0,伊顿公学,0.8175845146179199,Q192088,Geography.Regions.Europe.Europe*,12326.0,2524.796433465722,1.0,3646.0
431,6.0,12326.0,伊顿公学,0.7879412174224854,Q192088,Geography.Regions.Europe.Northern_Europe,12326.0,2524.796433465722,1.0,3646.0
432,5.0,12350.0,情人节,0.4921981394290924,Q37587,Culture.Philosophy_and_religion,12350.0,6651.9104485313255,11.0,3779.0
433,5.0,12350.0,情人节,0.3415925204753876,Q37587,History_and_Society.Society,12350.0,6651.9104485313255,11.0,3779.0
434,5.0,12350.0,情人节,0.2568419873714447,Q37587,STEM.STEM*,12350.0,6651.9104485313255,11.0,3779.0
435,5.0,12350.0,情人节,0.1294127255678177,Q37587,History_and_Society.Politics_and_government,12350.0,6651.9104485313255,11.0,3779.0
436,5.0,12350.0,情人节,0.11280541121959685,Q37587,History_and_Society.History,12350.0,6651.9104485313255,11.0,3779.0
437,5.0,12350.0,情人节,0.0,Q37587,Geography.Regions.Europe.Europe*,12350.0,6651.9104485313255,11.0,3779.0
438,5.0,12350.0,情人节,0.0,Q37587,Geography.Geographical,12350.0,6651.9104485313255,11.0,3779.0
439,2.0,12356.0,亚历山大·伊萨耶维奇·索尔仁尼琴,0.9960646033287048,Q34474,Culture.Biography.Biography*,12356.0,3440.688493518932,1.0,2323.0
440,2.0,12356.0,亚历山大·伊萨耶维奇·索尔仁尼琴,0.8267217874526978,Q34474,History_and_Society.Society,12356.0,3440.688493518932,1.0,2323.0
441,2.0,12356.0,亚历山大·伊萨耶维奇·索尔仁尼琴,0.5544804334640503,Q34474,History_and_Society.Military_and_warfare,12356.0,3440.688493518932,1.0,2323.0
442,2.0,12356.0,亚历山大·伊萨耶维奇·索尔仁尼琴,0.2393593490123749,Q34474,Culture.Literature,12356.0,3440.688493518932,1.0,2323.0
443,2.0,12356.0,亚历山大·伊萨耶维奇·索尔仁尼琴,0.21124218606948847,Q34474,Geography.Regions.Europe.Europe*,12356.0,3440.688493518932,1.0,2323.0
444,2.0,12356.0,亚历山大·伊萨耶维奇·索尔仁尼琴,0.1294127255678177,Q34474,History_and_Society.History,12356.0,3440.688493518932,1.0,2323.0
445,2.0,12356.0,亚历山大·伊萨耶维奇·索尔仁尼琴,0.11921291798353195,Q34474,Culture.Philosophy_and_religion,12356.0,3440.688493518932,1.0,2323.0
446,2.0,12356.0,亚历山大·伊萨耶维奇·索尔仁尼琴,0.11921291798353195,Q34474,History_and_Society.Politics_and_government,12356.0,3440.688493518932,1.0,2323.0
447,2.0,12356.0,亚历山大·伊萨耶维奇·索尔仁尼琴,0.06886266374588013,Q34474,Geography.Regions.Asia.North_Asia,12356.0,3440.688493518932,1.0,2323.0
448,2.0,12356.0,亚历山大·伊萨耶维奇·索尔仁尼琴,0.022430347442626952,Q34474,Geography.Regions.Europe.Eastern_Europe,12356.0,3440.688493518932,1.0,2323.0
449,2.0,12356.0,亚历山大·伊萨耶维奇·索尔仁尼琴,0.0,Q34474,Geography.Regions.Asia.Asia*,12356.0,3440.688493518932,1.0,2323.0
450,2.0,12356.0,亚历山大·伊萨耶维奇·索尔仁尼琴,0.0,Q34474,Geography.Regions.Europe.Northern_Europe,12356.0,3440.688493518932,1.0,2323.0
451,14.0,12479.0,上校,0.8962613940238953,Q104680,History_and_Society.Military_and_warfare,12479.0,70124.90876847722,5.0,2480.0
452,14.0,12479.0,上校,0.0,Q104680,Geography.Regions.Europe.Europe*,12479.0,70124.90876847722,5.0,2480.0
453,20.0,12507.0,禅宗,0.9566442370414734,Q7953,Culture.Philosophy_and_religion,12507.0,88170.72842009054,11.0,3392.0
454,20.0,12507.0,禅宗,0.2393593490123749,Q7953,STEM.STEM*,12507.0,88170.72842009054,11.0,3392.0
455,20.0,12507.0,禅宗,0.23006861114501956,Q7953,Geography.Regions.Asia.Asia*,12507.0,88170.72842009054,11.0,3392.0
456,20.0,12507.0,禅宗,0.13604079389572146,Q7953,Geography.Regions.Asia.East_Asia,12507.0,88170.72842009054,11.0,3392.0
457,20.0,12507.0,禅宗,0.1294127255678177,Q7953,History_and_Society.Society,12507.0,88170.72842009054,11.0,3392.0
458,20.0,12507.0,禅宗,0.1259327530860901,Q7953,History_and_Society.History,12507.0,88170.72842009054,11.0,3392.0
459,20.0,12507.0,禅宗,0.11280541121959685,Q7953,History_and_Society.Politics_and_government,12507.0,88170.72842009054,11.0,3392.0
460,20.0,12507.0,禅宗,0.0,Q7953,Geography.Regions.Asia.Central_Asia,12507.0,88170.72842009054,11.0,3392.0
461,2.0,12588.0,黄任中,0.9893575310707092,Q11177045,Culture.Biography.Biography*,12588.0,943.3555279951767,12.0,2414.0
462,2.0,12588.0,黄任中,0.18714269995689392,Q11177045,Culture.Biography.Women,12588.0,943.3555279951767,12.0,2414.0
463,2.0,12588.0,黄任中,0.11280541121959685,Q11177045,History_and_Society.Business_and_economics,12588.0,943.3555279951767,12.0,2414.0
464,2.0,12588.0,黄任中,0.0,Q11177045,Geography.Regions.Americas.North_America,12588.0,943.3555279951767,12.0,2414.0
465,2.0,12588.0,黄任中,0.0,Q11177045,Geography.Regions.Asia.Asia*,12588.0,943.3555279951767,12.0,2414.0
466,2.0,12588.0,黄任中,0.0,Q11177045,Geography.Regions.Asia.East_Asia,12588.0,943.3555279951767,12.0,2414.0
467,7.0,12920.0,華特·迪士尼,0.9942797422409058,Q8704,Culture.Biography.Biography*,12920.0,13853.958710856743,6.0,3590.0
468,7.0,12920.0,華特·迪士尼,0.49,Q8704,Culture.Biography.Women,12920.0,13853.958710856743,6.0,3590.0
469,7.0,12920.0,華特·迪士尼,0.1520422399044037,Q8704,Culture.Literature,12920.0,13853.958710856743,6.0,3590.0
470,7.0,12920.0,華特·迪士尼,0.1067005917429924,Q8704,Culture.Visual_arts.Visual_arts*,12920.0,13853.958710856743,6.0,3590.0
471,7.0,12920.0,華特·迪士尼,0.0,Q8704,Geography.Regions.Americas.North_America,12920.0,13853.958710856743,6.0,3590.0
472,1.0,12942.0,天安门事件,1.0,Q342151,Compilation.List_Disambig,12942.0,0.0,5.0,2534.0
473,1.0,12942.0,天安门事件,0.15611489117145538,Q342151,STEM.STEM*,12942.0,0.0,5.0,2534.0
474,1.0,12942.0,天安门事件,0.14805719256401062,Q342151,History_and_Society.Transportation,12942.0,0.0,5.0,2534.0
475,1.0,12942.0,天安门事件,0.11280541121959685,Q342151,History_and_Society.Military_and_warfare,12942.0,0.0,5.0,2534.0
476,1.0,12942.0,天安门事件,0.0,Q342151,Geography.Regions.Asia.Asia*,12942.0,0.0,5.0,2534.0
477,1.0,12942.0,天安门事件,0.0,Q342151,Geography.Geographical,12942.0,0.0,5.0,2534.0
478,1.0,12942.0,天安门事件,0.0,Q342151,Geography.Regions.Asia.West_Asia,12942.0,0.0,5.0,2534.0
479,11.0,13585.0,少林寺,0.8267217874526978,Q232771,Geography.Regions.Asia.Asia*,13585.0,33820.99900022185,11.0,2955.0
480,11.0,13585.0,少林寺,0.7931159734725952,Q232771,Geography.Regions.Asia.East_Asia,13585.0,33820.99900022185,11.0,2955.0
481,11.0,13585.0,少林寺,0.7490972280502319,Q232771,Culture.Philosophy_and_religion,13585.0,33820.99900022185,11.0,2955.0
482,11.0,13585.0,少林寺,0.16452647745609286,Q232771,Geography.Geographical,13585.0,33820.99900022185,11.0,2955.0
483,11.0,13585.0,少林寺,0.11597072333097458,Q232771,Culture.Visual_arts.Visual_arts*,13585.0,33820.99900022185,11.0,2955.0
484,5.0,13693.0,新加坡总统,0.6442351341247559,Q39021,History_and_Society.Politics_and_government,13693.0,1350.314524937389,3.0,2534.0
485,5.0,13693.0,新加坡总统,0.3952613940238953,Q39021,Geography.Regions.Asia.Asia*,13693.0,1350.314524937389,3.0,2534.0
486,5.0,13693.0,新加坡总统,0.3923194279670715,Q39021,Geography.Regions.Asia.Southeast_Asia,13693.0,1350.314524937389,3.0,2534.0
487,2.0,14167.0,阿布哈茲,0.880807101726532,Q23334,Geography.Regions.Asia.West_Asia,14167.0,4702.768890334005,0.0,2152.0
488,2.0,14167.0,阿布哈茲,0.8596737384796143,Q23334,Geography.Regions.Asia.Asia*,14167.0,4702.768890334005,0.0,2152.0
489,2.0,14167.0,阿布哈茲,0.5775054097175598,Q23334,Geography.Geographical,14167.0,4702.768890334005,0.0,2152.0
490,2.0,14167.0,阿布哈茲,0.5698626637458801,Q23334,Geography.Regions.Asia.North_Asia,14167.0,4702.768890334005,0.0,2152.0
491,2.0,14167.0,阿布哈茲,0.5000100135803223,Q23334,History_and_Society.Society,14167.0,4702.768890334005,0.0,2152.0
492,2.0,14167.0,阿布哈茲,0.2568419873714447,Q23334,Geography.Regions.Europe.Europe*,14167.0,4702.768890334005,0.0,2152.0
493,2.0,14167.0,阿布哈茲,0.2120788097381592,Q23334,Geography.Regions.Europe.Eastern_Europe,14167.0,4702.768890334005,0.0,2152.0
494,2.0,14167.0,阿布哈茲,0.2120788097381592,Q23334,History_and_Society.Military_and_warfare,14167.0,4702.768890334005,0.0,2152.0
495,2.0,14167.0,阿布哈茲,0.14805719256401062,Q23334,History_and_Society.History,14167.0,4702.768890334005,0.0,2152.0
496,2.0,14167.0,阿布哈茲,0.1259327530860901,Q23334,History_and_Society.Politics_and_government,14167.0,4702.768890334005,0.0,2152.0
497,1.0,15481.0,拿督,0.4301573634147644,Q1232174,Culture.Philosophy_and_religion,15481.0,0.0,12.0,3344.0
498,1.0,15481.0,拿督,0.348655104637146,Q1232174,History_and_Society.Society,15481.0,0.0,12.0,3344.0
499,1.0,15481.0,拿督,0.3415925204753876,Q1232174,History_and_Society.Military_and_warfare,15481.0,0.0,12.0,3344.0
500,1.0,15481.0,拿督,0.1968362182378769,Q1232174,History_and_Society.Politics_and_government,15481.0,0.0,12.0,3344.0
501,1.0,15481.0,拿督,0.1732981950044632,Q1232174,Culture.Linguistics,15481.0,0.0,12.0,3344.0
502,1.0,15481.0,拿督,0.1067005917429924,Q1232174,History_and_Society.History,15481.0,0.0,12.0,3344.0
503,1.0,15481.0,拿督,0.0,Q1232174,Geography.Regions.Europe.Europe*,15481.0,0.0,12.0,3344.0
504,1.0,15481.0,拿督,0.0,Q1232174,Geography.Regions.Asia.Asia*,15481.0,0.0,12.0,3344.0
505,3.0,15528.0,爱丁堡大学,0.8991314172744751,Q160302,History_and_Society.Education,15528.0,7704.207833834183,10.0,3453.0
506,3.0,15528.0,爱丁堡大学,0.8354935646057129,Q160302,Geography.Regions.Europe.Europe*,15528.0,7704.207833834183,10.0,3453.0
507,3.0,15528.0,爱丁堡大学,0.59267657995224,Q160302,Geography.Regions.Europe.Northern_Europe,15528.0,7704.207833834183,10.0,3453.0
508,3.0,15528.0,爱丁堡大学,0.13661839067935946,Q160302,STEM.STEM*,15528.0,7704.207833834183,10.0,3453.0
509,3.0,15626.0,猴,0.9019306898117064,Q1367,STEM.STEM*,15626.0,6142.319291125833,5.0,2767.0
510,3.0,15626.0,猴,0.8596737384796143,Q1367,STEM.Biology,15626.0,6142.319291125833,5.0,2767.0
511,3.0,15626.0,猴,0.20182321965694427,Q1367,History_and_Society.Society,15626.0,6142.319291125833,5.0,2767.0
512,3.0,15626.0,猴,0.1067005917429924,Q1367,STEM.Earth_and_environment,15626.0,6142.319291125833,5.0,2767.0
513,3.0,15776.0,张志新,0.974052667617798,Q715418,Culture.Biography.Biography*,15776.0,386.9047893644236,2.0,6463.0
514,3.0,15776.0,张志新,0.35867373847961426,Q715418,Geography.Regions.Asia.East_Asia,15776.0,386.9047893644236,2.0,6463.0
515,3.0,15776.0,张志新,0.32119916582107544,Q715418,Geography.Regions.Asia.Asia*,15776.0,386.9047893644236,2.0,6463.0
516,3.0,15776.0,张志新,0.15611489117145538,Q715418,Culture.Biography.Women,15776.0,386.9047893644236,2.0,6463.0
517,3.0,16009.0,杜牧,0.9919480085372924,Q334095,Culture.Biography.Biography*,16009.0,2680.041410582686,12.0,2133.0
518,3.0,16009.0,杜牧,0.6150978803634644,Q334095,Culture.Literature,16009.0,2680.041410582686,12.0,2133.0
519,3.0,16009.0,杜牧,0.4696977605819702,Q334095,Geography.Regions.Asia.East_Asia,16009.0,2680.041410582686,12.0,2133.0
520,3.0,16009.0,杜牧,0.4605437984466553,Q334095,Geography.Regions.Asia.Asia*,16009.0,2680.041410582686,12.0,2133.0
521,3.0,16009.0,杜牧,0.13297423720359802,Q334095,History_and_Society.History,16009.0,2680.041410582686,12.0,2133.0
522,4.0,16065.0,饶漱石,0.9790457487106324,Q1593062,Culture.Biography.Biography*,16065.0,1970.5,1.0,3924.0
523,4.0,16065.0,饶漱石,0.24809722805023196,Q1593062,Geography.Regions.Asia.Asia*,16065.0,1970.5,1.0,3924.0
524,4.0,16065.0,饶漱石,0.21760438585281366,Q1593062,Geography.Regions.Asia.East_Asia,16065.0,1970.5,1.0,3924.0
525,4.0,16065.0,饶漱石,0.1259327530860901,Q1593062,History_and_Society.Politics_and_government,16065.0,1970.5,1.0,3924.0
526,4.0,16065.0,饶漱石,0.12253321707248688,Q1593062,History_and_Society.Military_and_warfare,16065.0,1970.5,1.0,3924.0
527,9.0,16240.0,南开大学,0.9899964332580566,Q254204,History_and_Society.Education,16240.0,33362.9419614294,2.0,2249.0
528,9.0,16240.0,南开大学,0.9099169969558716,Q254204,Geography.Regions.Asia.East_Asia,16240.0,33362.9419614294,2.0,2249.0
529,9.0,16240.0,南开大学,0.8670457601547241,Q254204,Geography.Regions.Asia.Asia*,16240.0,33362.9419614294,2.0,2249.0
530,5.0,16261.0,王明,0.9859463572502136,Q699327,Culture.Biography.Biography*,16261.0,10405.641408003554,1.0,3150.0
531,5.0,16261.0,王明,0.4423575868606568,Q699327,Geography.Regions.Asia.Asia*,16261.0,10405.641408003554,1.0,3150.0
532,5.0,16261.0,王明,0.29719679260253906,Q699327,Geography.Regions.Asia.East_Asia,16261.0,10405.641408003554,1.0,3150.0
533,5.0,16261.0,王明,0.2814156115055084,Q699327,History_and_Society.Military_and_warfare,16261.0,10405.641408003554,1.0,3150.0
534,5.0,16261.0,王明,0.14805719256401062,Q699327,History_and_Society.Politics_and_government,16261.0,10405.641408003554,1.0,3150.0
535,5.0,16261.0,王明,0.1067005917429924,Q699327,History_and_Society.History,16261.0,10405.641408003554,1.0,3150.0
536,7.0,16304.0,西班牙内战,0.6859594583511353,Q10859,History_and_Society.Military_and_warfare,16304.0,7724.932583462464,1.0,3582.0
537,7.0,16304.0,西班牙内战,0.4765896201133728,Q10859,History_and_Society.History,16304.0,7724.932583462464,1.0,3582.0
538,7.0,16304.0,西班牙内战,0.41865252161026,Q10859,Geography.Regions.Europe.Europe*,16304.0,7724.932583462464,1.0,3582.0
539,7.0,16304.0,西班牙内战,0.4114462008476257,Q10859,Geography.Regions.Europe.Southern_Europe,16304.0,7724.932583462464,1.0,3582.0
540,7.0,16304.0,西班牙内战,0.2509227991104126,Q10859,History_and_Society.Politics_and_government,16304.0,7724.932583462464,1.0,3582.0
541,7.0,16304.0,西班牙内战,0.1778208613395691,Q10859,History_and_Society.Society,16304.0,7724.932583462464,1.0,3582.0
542,7.0,16304.0,西班牙内战,0.1067005917429924,Q10859,Culture.Philosophy_and_religion,16304.0,7724.932583462464,1.0,3582.0
543,7.0,16304.0,西班牙内战,0.0,Q10859,Geography.Geographical,16304.0,7724.932583462464,1.0,3582.0
544,20.0,16415.0,大西洋,0.9626831412315368,Q97,Geography.Geographical,16415.0,112952.05445081988,5.0,2561.0
545,20.0,16415.0,大西洋,0.5234303474426271,Q97,Geography.Regions.Europe.Eastern_Europe,16415.0,112952.05445081988,5.0,2561.0
546,20.0,16415.0,大西洋,0.5156299471855164,Q97,Geography.Regions.Europe.Europe*,16415.0,112952.05445081988,5.0,2561.0
547,20.0,16415.0,大西洋,0.4765896201133728,Q97,History_and_Society.Society,16415.0,112952.05445081988,5.0,2561.0
548,20.0,16415.0,大西洋,0.2509227991104126,Q97,Geography.Regions.Americas.North_America,16415.0,112952.05445081988,5.0,2561.0
549,20.0,16415.0,大西洋,0.1968362182378769,Q97,Geography.Regions.Asia.Asia*,16415.0,112952.05445081988,5.0,2561.0
550,20.0,16415.0,大西洋,0.1824355274438858,Q97,Geography.Regions.Americas.South_America,16415.0,112952.05445081988,5.0,2561.0
551,20.0,16415.0,大西洋,0.16452647745609286,Q97,Geography.Regions.Asia.East_Asia,16415.0,112952.05445081988,5.0,2561.0
552,20.0,16415.0,大西洋,0.14805719256401062,Q97,Geography.Regions.Oceania,16415.0,112952.05445081988,5.0,2561.0
553,20.0,16415.0,大西洋,0.14415885508060455,Q97,Geography.Regions.Europe.Southern_Europe,16415.0,112952.05445081988,5.0,2561.0
554,20.0,16415.0,大西洋,0.1259327530860901,Q97,History_and_Society.Transportation,16415.0,112952.05445081988,5.0,2561.0
555,20.0,16415.0,大西洋,0.11280541121959685,Q97,Geography.Regions.Asia.West_Asia,16415.0,112952.05445081988,5.0,2561.0
556,20.0,16415.0,大西洋,0.1067005917429924,Q97,Geography.Regions.Europe.Northern_Europe,16415.0,112952.05445081988,5.0,2561.0
557,20.0,16415.0,大西洋,0.10375863313674928,Q97,Geography.Regions.Europe.Western_Europe,16415.0,112952.05445081988,5.0,2561.0
558,18.0,16801.0,中国战争列表,1.0,Q1765736,Compilation.List_Disambig,16801.0,17575.484686555894,5.0,2500.0
559,18.0,16801.0,中国战争列表,0.8354935646057129,Q1765736,History_and_Society.Military_and_warfare,16801.0,17575.484686555894,5.0,2500.0
560,18.0,16801.0,中国战争列表,0.12253321707248688,Q1765736,History_and_Society.Society,16801.0,17575.484686555894,5.0,2500.0
561,18.0,16801.0,中国战争列表,0.10375863313674928,Q1765736,History_and_Society.History,16801.0,17575.484686555894,5.0,2500.0
562,18.0,16801.0,中国战争列表,0.0,Q1765736,Geography.Regions.Europe.Europe*,16801.0,17575.484686555894,5.0,2500.0
563,18.0,16801.0,中国战争列表,0.0,Q1765736,Geography.Regions.Asia.Asia*,16801.0,17575.484686555894,5.0,2500.0
564,18.0,16801.0,中国战争列表,0.0,Q1765736,Geography.Regions.Europe.Western_Europe,16801.0,17575.484686555894,5.0,2500.0
565,18.0,16801.0,中国战争列表,0.0,Q1765736,Geography.Regions.Europe.Eastern_Europe,16801.0,17575.484686555894,5.0,2500.0
566,11.0,16926.0,姚文元,0.99593985080719,Q382645,Culture.Biography.Biography*,16926.0,12145.950129739216,1.0,3788.0
567,11.0,16926.0,姚文元,0.30218379402160644,Q382645,Geography.Regions.Asia.Asia*,16926.0,12145.950129739216,1.0,3788.0
568,11.0,16926.0,姚文元,0.21734751760959625,Q382645,History_and_Society.Politics_and_government,16926.0,12145.950129739216,1.0,3788.0
569,11.0,16926.0,姚文元,0.2047950496673584,Q382645,Geography.Regions.Asia.East_Asia,16926.0,12145.950129739216,1.0,3788.0
570,11.0,16926.0,姚文元,0.11280541121959685,Q382645,History_and_Society.Military_and_warfare,16926.0,12145.950129739216,1.0,3788.0
571,12.0,16939.0,全国广播公司,0.6150978803634644,Q13974,History_and_Society.Business_and_economics,16939.0,37527.133656412654,6.0,1663.0
572,12.0,16939.0,全国广播公司,0.4688006341457367,Q13974,Culture.Media.Media*,16939.0,37527.133656412654,6.0,1663.0
573,12.0,16939.0,全国广播公司,0.0,Q13974,Geography.Regions.Americas.North_America,16939.0,37527.133656412654,6.0,1663.0
574,4.0,17019.0,肥胖症,0.996837317943573,Q12174,STEM.STEM*,17019.0,5124.651864778676,10.0,2737.0
575,4.0,17019.0,肥胖症,0.9579222798347472,Q12174,STEM.Medicine_&_Health,17019.0,5124.651864778676,10.0,2737.0
576,4.0,17019.0,肥胖症,0.6584275364875793,Q12174,STEM.Biology,17019.0,5124.651864778676,10.0,2737.0
577,4.0,17019.0,肥胖症,0.5078218579292297,Q12174,History_and_Society.Society,17019.0,5124.651864778676,10.0,2737.0
578,4.0,17019.0,肥胖症,0.0,Q12174,Geography.Regions.Africa.Africa*,17019.0,5124.651864778676,10.0,2737.0
579,4.0,17019.0,肥胖症,0.0,Q12174,Geography.Regions.Africa.Southern_Africa,17019.0,5124.651864778676,10.0,2737.0
580,11.0,17202.0,伍德罗·威尔逊,0.9972090721130372,Q34296,Culture.Biography.Biography*,17202.0,29111.084475015567,5.0,3015.0
581,11.0,17202.0,伍德罗·威尔逊,0.5698626637458801,Q34296,History_and_Society.Politics_and_government,17202.0,29111.084475015567,5.0,3015.0
582,11.0,17202.0,伍德罗·威尔逊,0.33459946513175964,Q34296,History_and_Society.Military_and_warfare,17202.0,29111.084475015567,5.0,3015.0
583,11.0,17202.0,伍德罗·威尔逊,0.1097157895565033,Q34296,History_and_Society.History,17202.0,29111.084475015567,5.0,3015.0
584,11.0,17202.0,伍德罗·威尔逊,0.1067005917429924,Q34296,History_and_Society.Education,17202.0,29111.084475015567,5.0,3015.0
585,11.0,17202.0,伍德罗·威尔逊,0.0,Q34296,Geography.Regions.Americas.North_America,17202.0,29111.084475015567,5.0,3015.0
586,11.0,17202.0,伍德罗·威尔逊,0.0,Q34296,Geography.Regions.Europe.Europe*,17202.0,29111.084475015567,5.0,3015.0
587,10.0,17364.0,君主制,0.6150978803634644,Q7269,History_and_Society.Politics_and_government,17364.0,12363.37948361564,1.0,2492.0
588,10.0,17364.0,君主制,0.4455395638942719,Q7269,History_and_Society.History,17364.0,12363.37948361564,1.0,2492.0
589,10.0,17364.0,君主制,0.33459946513175964,Q7269,History_and_Society.Society,17364.0,12363.37948361564,1.0,2492.0
590,10.0,17364.0,君主制,0.3007555902004242,Q7269,Culture.Philosophy_and_religion,17364.0,12363.37948361564,1.0,2492.0
591,10.0,17364.0,君主制,0.16027602553367615,Q7269,STEM.STEM*,17364.0,12363.37948361564,1.0,2492.0
592,10.0,17364.0,君主制,0.11921291798353195,Q7269,History_and_Society.Military_and_warfare,17364.0,12363.37948361564,1.0,2492.0
593,10.0,17364.0,君主制,0.0,Q7269,Geography.Regions.Africa.Africa*,17364.0,12363.37948361564,1.0,2492.0
594,10.0,17364.0,君主制,0.0,Q7269,Geography.Geographical,17364.0,12363.37948361564,1.0,2492.0
595,10.0,17364.0,君主制,0.0,Q7269,Geography.Regions.Europe.Europe*,17364.0,12363.37948361564,1.0,2492.0
596,3.0,17443.0,羅伯特·E·李,0.9949496984481812,Q165557,Culture.Biography.Biography*,17443.0,7338.320303340148,17.0,0.0
597,3.0,17443.0,羅伯特·E·李,0.8634016513824463,Q165557,History_and_Society.Military_and_warfare,17443.0,7338.320303340148,17.0,0.0
598,3.0,17443.0,羅伯特·E·李,0.1097157895565033,Q165557,History_and_Society.History,17443.0,7338.320303340148,17.0,0.0
599,3.0,17443.0,羅伯特·E·李,0.014629947185516357,Q165557,Geography.Regions.Americas.North_America,17443.0,7338.320303340148,17.0,0.0
600,1.0,17858.0,音乐之声,0.9985549449920654,Q1022513,Culture.Performing_arts,17858.0,0.0,6.0,2395.0
601,1.0,17858.0,音乐之声,0.9553291201591492,Q1022513,Culture.Media.Music,17858.0,0.0,6.0,2395.0
602,1.0,17858.0,音乐之声,0.9263137578964232,Q1022513,Culture.Media.Media*,17858.0,0.0,6.0,2395.0
603,1.0,17886.0,撞球,0.6859594583511353,Q3341285,Culture.Sports,17886.0,0.0,13.0,2649.0
604,1.0,17886.0,撞球,0.5312193632125854,Q3341285,STEM.STEM*,17886.0,0.0,13.0,2649.0
605,1.0,17886.0,撞球,0.16452647745609286,Q3341285,STEM.Technology,17886.0,0.0,13.0,2649.0
606,1.0,17886.0,撞球,0.1520422399044037,Q3341285,History_and_Society.Society,17886.0,0.0,13.0,2649.0
607,1.0,17886.0,撞球,0.1520422399044037,Q3341285,Culture.Visual_arts.Visual_arts*,17886.0,0.0,13.0,2649.0
608,1.0,17886.0,撞球,0.1294127255678177,Q3341285,STEM.Medicine_&_Health,17886.0,0.0,13.0,2649.0
609,20.0,18075.0,中华人民共和国外交部,0.7826725244522095,Q1155502,Geography.Regions.Asia.Asia*,18075.0,55209.43796753204,3.0,2934.0
610,20.0,18075.0,中华人民共和国外交部,0.7773098945617676,Q1155502,Geography.Regions.Asia.East_Asia,18075.0,55209.43796753204,3.0,2934.0
611,20.0,18075.0,中华人民共和国外交部,0.19194278120994568,Q1155502,History_and_Society.Politics_and_government,18075.0,55209.43796753204,3.0,2934.0
612,20.0,18075.0,中华人民共和国外交部,0.11921291798353195,Q1155502,Geography.Regions.Europe.Europe*,18075.0,55209.43796753204,3.0,2934.0
613,15.0,18144.0,大阪府,0.9481645226478576,Q122723,Geography.Regions.Asia.East_Asia,18144.0,41866.61172431746,13.0,2136.0
614,15.0,18144.0,大阪府,0.9284188151359558,Q122723,Geography.Regions.Asia.Asia*,18144.0,41866.61172431746,13.0,2136.0
615,15.0,18144.0,大阪府,0.2069040536880493,Q122723,Geography.Geographical,18144.0,41866.61172431746,13.0,2136.0
616,1.0,18497.0,新华门,0.4981804361343384,Q11081673,Geography.Regions.Asia.East_Asia,18497.0,0.0,5.0,1012.0
617,1.0,18497.0,新华门,0.4886818399429321,Q11081673,Geography.Regions.Asia.Asia*,18497.0,0.0,5.0,1012.0
618,1.0,18497.0,新华门,0.13297423720359802,Q11081673,History_and_Society.Military_and_warfare,18497.0,0.0,5.0,1012.0
619,1.0,18497.0,新华门,0.1259327530860901,Q11081673,History_and_Society.Transportation,18497.0,0.0,5.0,1012.0
620,1.0,18497.0,新华门,0.1067005917429924,Q11081673,STEM.STEM*,18497.0,0.0,5.0,1012.0
621,2.0,18501.0,日食,0.8596737384796143,Q3887,STEM.STEM*,18501.0,9575.667906402454,10.0,3124.0
622,2.0,18501.0,日食,0.3276783227920532,Q3887,STEM.Space,18501.0,9575.667906402454,10.0,3124.0
623,4.0,18534.0,射鵰英雄傳之東成西就,0.9748311638832092,Q861813,Culture.Media.Media*,18534.0,751.8847275071294,12.0,2576.0
624,4.0,18534.0,射鵰英雄傳之東成西就,0.9591643214225768,Q861813,Culture.Media.Films,18534.0,751.8847275071294,12.0,2576.0
625,4.0,18534.0,射鵰英雄傳之東成西就,0.43892334604263306,Q861813,Geography.Regions.Asia.East_Asia,18534.0,751.8847275071294,12.0,2576.0
626,4.0,18534.0,射鵰英雄傳之東成西就,0.4063222279548645,Q861813,Geography.Regions.Asia.Asia*,18534.0,751.8847275071294,12.0,2576.0
627,4.0,18869.0,运河,0.6791887283325195,Q12284,STEM.STEM*,18869.0,2362.9174568709805,5.0,1255.0
628,4.0,18869.0,运河,0.23371636867523196,Q12284,STEM.Earth_and_environment,18869.0,2362.9174568709805,5.0,1255.0
629,4.0,18869.0,运河,0.16452647745609286,Q12284,History_and_Society.Society,18869.0,2362.9174568709805,5.0,1255.0
630,4.0,18869.0,运河,0.11280541121959685,Q12284,STEM.Engineering,18869.0,2362.9174568709805,5.0,1255.0
631,4.0,18869.0,运河,0.1067005917429924,Q12284,Culture.Visual_arts.Visual_arts*,18869.0,2362.9174568709805,5.0,1255.0
632,4.0,18869.0,运河,0.0,Q12284,Geography.Geographical,18869.0,2362.9174568709805,5.0,1255.0
633,2.0,18971.0,慾望城市,0.9659096002578736,Q35791,Culture.Media.Media*,18971.0,216.7362184179536,6.0,2446.0
634,2.0,18971.0,慾望城市,0.9073222279548644,Q35791,Culture.Media.Television,18971.0,216.7362184179536,6.0,2446.0
635,2.0,18971.0,慾望城市,0.2689514458179474,Q35791,Culture.Media.Entertainment,18971.0,216.7362184179536,6.0,2446.0
636,2.0,18971.0,慾望城市,0.0,Q35791,Geography.Regions.Americas.North_America,18971.0,216.7362184179536,6.0,2446.0
637,26.0,19035.0,地中海,0.8991314172744751,Q4918,Geography.Geographical,19035.0,205253.69607033173,5.0,3247.0
638,26.0,19035.0,地中海,0.6370407938957214,Q4918,Geography.Regions.Europe.Europe*,19035.0,205253.69607033173,5.0,3247.0
639,26.0,19035.0,地中海,0.1778208613395691,Q4918,Geography.Regions.Europe.Southern_Europe,19035.0,205253.69607033173,5.0,3247.0
640,4.0,19181.0,毛瑟Kar98k步槍,0.9914325475692748,Q60134,History_and_Society.Military_and_warfare,19181.0,4574.672702224984,1.0,2991.0
641,4.0,19181.0,毛瑟Kar98k步槍,0.8933194279670715,Q60134,STEM.Technology,19181.0,4574.672702224984,1.0,2991.0
642,4.0,19181.0,毛瑟Kar98k步槍,0.8596737384796143,Q60134,STEM.STEM*,19181.0,4574.672702224984,1.0,2991.0
643,4.0,19181.0,毛瑟Kar98k步槍,0.0,Q60134,Geography.Regions.Europe.Europe*,19181.0,4574.672702224984,1.0,2991.0
644,4.0,19181.0,毛瑟Kar98k步槍,0.0,Q60134,Geography.Regions.Europe.Western_Europe,19181.0,4574.672702224984,1.0,2991.0
645,12.0,19189.0,梁國雄,0.9715740084648132,Q712854,Culture.Biography.Biography*,19189.0,11947.275511561209,3.0,2375.0
646,12.0,19189.0,梁國雄,0.4932797422409058,Q712854,Geography.Regions.Asia.East_Asia,19189.0,11947.275511561209,3.0,2375.0
647,12.0,19189.0,梁國雄,0.4738311638832092,Q712854,Geography.Regions.Asia.Asia*,19189.0,11947.275511561209,3.0,2375.0
648,12.0,19189.0,梁國雄,0.1067005917429924,Q712854,History_and_Society.Politics_and_government,19189.0,11947.275511561209,3.0,2375.0
649,5.0,19470.0,特別攻擊隊,0.2568419873714447,Q133194,STEM.STEM*,19470.0,7433.764211012345,5.0,3185.0
650,5.0,19470.0,特別攻擊隊,0.23371636867523196,Q133194,History_and_Society.Military_and_warfare,19470.0,7433.764211012345,5.0,3185.0
651,5.0,19470.0,特別攻擊隊,0.1294127255678177,Q133194,History_and_Society.History,19470.0,7433.764211012345,5.0,3185.0
652,5.0,19470.0,特別攻擊隊,0.1259327530860901,Q133194,History_and_Society.Politics_and_government,19470.0,7433.764211012345,5.0,3185.0
653,5.0,19470.0,特別攻擊隊,0.10088862478733064,Q133194,Culture.Philosophy_and_religion,19470.0,7433.764211012345,5.0,3185.0
654,5.0,19470.0,特別攻擊隊,0.0,Q133194,Geography.Regions.Asia.East_Asia,19470.0,7433.764211012345,5.0,3185.0
655,5.0,19470.0,特別攻擊隊,0.0,Q133194,Geography.Regions.Asia.Asia*,19470.0,7433.764211012345,5.0,3185.0
656,14.0,19615.0,航空公司,0.7981967926025391,Q46970,STEM.STEM*,19615.0,10788.601507963876,10.0,2775.0
657,14.0,19615.0,航空公司,0.7663036584854126,Q46970,STEM.Engineering,19615.0,10788.601507963876,10.0,2775.0
658,14.0,19615.0,航空公司,0.6584275364875793,Q46970,History_and_Society.Transportation,19615.0,10788.601507963876,10.0,2775.0
659,14.0,19615.0,航空公司,0.546748161315918,Q46970,History_and_Society.Business_and_economics,19615.0,10788.601507963876,10.0,2775.0
660,14.0,19615.0,航空公司,0.13297423720359802,Q46970,Culture.Visual_arts.Visual_arts*,19615.0,10788.601507963876,10.0,2775.0
661,4.0,19676.0,方励之,0.9924327731132508,Q445635,Culture.Biography.Biography*,19676.0,4277.4318034658645,1.0,2730.0
662,4.0,19676.0,方励之,0.4455395638942719,Q445635,STEM.STEM*,19676.0,4277.4318034658645,1.0,2730.0
663,4.0,19676.0,方励之,0.3276783227920532,Q445635,History_and_Society.Society,19676.0,4277.4318034658645,1.0,2730.0
664,4.0,19676.0,方励之,0.287777841091156,Q445635,STEM.Physics,19676.0,4277.4318034658645,1.0,2730.0
665,4.0,19676.0,方励之,0.13604079389572146,Q445635,Geography.Regions.Asia.Asia*,19676.0,4277.4318034658645,1.0,2730.0
666,4.0,19676.0,方励之,0.006821857929229736,Q445635,Geography.Regions.Asia.East_Asia,19676.0,4277.4318034658645,1.0,2730.0
667,12.0,19735.0,总理,0.2689514458179474,Q14212,History_and_Society.Politics_and_government,19735.0,11975.484343265603,1.0,2344.0
668,12.0,19735.0,总理,0.13297423720359802,Q14212,History_and_Society.Business_and_economics,19735.0,11975.484343265603,1.0,2344.0
669,6.0,19937.0,北马里亚纳群岛,0.99753737449646,Q16644,Geography.Geographical,19937.0,6162.274264800475,5.0,2924.0
670,6.0,19937.0,北马里亚纳群岛,0.9073222279548644,Q16644,Geography.Regions.Oceania,19937.0,6162.274264800475,5.0,2924.0
671,6.0,19937.0,北马里亚纳群岛,0.33459946513175964,Q16644,Geography.Regions.Americas.North_America,19937.0,6162.274264800475,5.0,2924.0
672,6.0,19937.0,北马里亚纳群岛,0.1968362182378769,Q16644,STEM.Earth_and_environment,19937.0,6162.274264800475,5.0,2924.0
673,6.0,19937.0,北马里亚纳群岛,0.14415885508060455,Q16644,Geography.Regions.Americas.Central_America,19937.0,6162.274264800475,5.0,2924.0
674,6.0,19937.0,北马里亚纳群岛,0.11921291798353195,Q16644,History_and_Society.Society,19937.0,6162.274264800475,5.0,2924.0
675,6.0,19957.0,神农,0.8558611869812012,Q313336,Culture.Philosophy_and_religion,19957.0,10654.714169725838,4.0,2928.0
676,6.0,19957.0,神农,0.4936250915527344,Q313336,Geography.Regions.Asia.Asia*,19957.0,10654.714169725838,4.0,2928.0
677,6.0,19957.0,神农,0.4906942119598389,Q313336,Geography.Regions.Asia.East_Asia,19957.0,10654.714169725838,4.0,2928.0
678,6.0,19957.0,神农,0.20182321965694427,Q313336,Culture.Biography.Biography*,19957.0,10654.714169725838,4.0,2928.0
679,6.0,19957.0,神农,0.19194278120994568,Q313336,Culture.Literature,19957.0,10654.714169725838,4.0,2928.0
680,6.0,19957.0,神农,0.11597072333097458,Q313336,History_and_Society.Military_and_warfare,19957.0,10654.714169725838,4.0,2928.0
681,10.0,20617.0,十字架,0.6926519870758057,Q3235597,Culture.Philosophy_and_religion,20617.0,3741.911652154092,11.0,2099.0
682,10.0,20617.0,十字架,0.6859594583511353,Q3235597,History_and_Society.History,20617.0,3741.911652154092,11.0,2099.0
683,10.0,20617.0,十字架,0.3276783227920532,Q3235597,Culture.Literature,20617.0,3741.911652154092,11.0,2099.0
684,10.0,20617.0,十字架,0.14034625887870789,Q3235597,History_and_Society.Society,20617.0,3741.911652154092,11.0,2099.0
685,10.0,20617.0,十字架,0.1294127255678177,Q3235597,History_and_Society.Politics_and_government,20617.0,3741.911652154092,11.0,2099.0
686,10.0,20617.0,十字架,0.0,Q3235597,Geography.Geographical,20617.0,3741.911652154092,11.0,2099.0
687,10.0,20617.0,十字架,0.0,Q3235597,Geography.Regions.Europe.Southern_Europe,20617.0,3741.911652154092,11.0,2099.0
688,10.0,20617.0,十字架,0.0,Q3235597,Geography.Regions.Asia.Asia*,20617.0,3741.911652154092,11.0,2099.0
689,6.0,20755.0,林彪、江青反革命集团案,0.4944004287719727,Q11106117,Geography.Regions.Asia.East_Asia,20755.0,985.338278374653,1.0,3087.0
690,6.0,20755.0,林彪、江青反革命集团案,0.4738311638832092,Q11106117,Geography.Regions.Asia.Asia*,20755.0,985.338278374653,1.0,3087.0
691,6.0,20755.0,林彪、江青反革命集团案,0.11280541121959685,Q11106117,History_and_Society.Politics_and_government,20755.0,985.338278374653,1.0,3087.0
692,6.0,20755.0,林彪、江青反革命集团案,0.1097157895565033,Q11106117,History_and_Society.Military_and_warfare,20755.0,985.338278374653,1.0,3087.0
693,6.0,20755.0,林彪、江青反革命集团案,0.1067005917429924,Q11106117,Culture.Media.Media*,20755.0,985.338278374653,1.0,3087.0
694,13.0,20761.0,蔡元培,0.9987651705741882,Q19796,Culture.Biography.Biography*,20761.0,44410.063025453484,2.0,3026.0
695,13.0,20761.0,蔡元培,0.5621865391731262,Q19796,Culture.Philosophy_and_religion,20761.0,44410.063025453484,2.0,3026.0
696,13.0,20761.0,蔡元培,0.4901626577377319,Q19796,Geography.Regions.Asia.East_Asia,20761.0,44410.063025453484,2.0,3026.0
697,13.0,20761.0,蔡元培,0.4714247455596924,Q19796,Geography.Regions.Asia.Asia*,20761.0,44410.063025453484,2.0,3026.0
698,7.0,20954.0,絕世好Bra,0.9615437984466552,Q832344,Culture.Media.Films,20954.0,6232.776968690247,12.0,3907.0
699,7.0,20954.0,絕世好Bra,0.9553291201591492,Q832344,Culture.Media.Media*,20954.0,6232.776968690247,12.0,3907.0
700,7.0,20954.0,絕世好Bra,0.4906942119598389,Q832344,Geography.Regions.Asia.East_Asia,20954.0,6232.776968690247,12.0,3907.0
701,7.0,20954.0,絕世好Bra,0.4840529432296753,Q832344,Geography.Regions.Asia.Asia*,20954.0,6232.776968690247,12.0,3907.0
702,43.0,20984.0,臺灣關係法,0.7931159734725952,Q476667,History_and_Society.Politics_and_government,20984.0,89385.13470957492,5.0,3156.0
703,43.0,20984.0,臺灣關係法,0.3415925204753876,Q476667,STEM.STEM*,20984.0,89385.13470957492,5.0,3156.0
704,43.0,20984.0,臺灣關係法,0.3301530351638794,Q476667,Geography.Regions.Americas.North_America,20984.0,89385.13470957492,5.0,3156.0
705,43.0,20984.0,臺灣關係法,0.1778208613395691,Q476667,History_and_Society.Business_and_economics,20984.0,89385.13470957492,5.0,3156.0
706,43.0,20984.0,臺灣關係法,0.16452647745609286,Q476667,History_and_Society.Society,20984.0,89385.13470957492,5.0,3156.0
707,43.0,20984.0,臺灣關係法,0.13661839067935946,Q476667,STEM.Earth_and_environment,20984.0,89385.13470957492,5.0,3156.0
708,20.0,21052.0,台灣海峽,0.839743971824646,Q127031,History_and_Society.Society,21052.0,116843.05548931431,5.0,3032.0
709,20.0,21052.0,台灣海峽,0.8354935646057129,Q127031,Geography.Geographical,21052.0,116843.05548931431,5.0,3032.0
710,20.0,21052.0,台灣海峽,0.7431780099868774,Q127031,Geography.Regions.Asia.East_Asia,21052.0,116843.05548931431,5.0,3032.0
711,20.0,21052.0,台灣海峽,0.7248802781105042,Q127031,Geography.Regions.Asia.Asia*,21052.0,116843.05548931431,5.0,3032.0
712,20.0,21052.0,台灣海峽,0.59267657995224,Q127031,Culture.Biography.Biography*,21052.0,116843.05548931431,5.0,3032.0
713,20.0,21052.0,台灣海峽,0.1097157895565033,Q127031,Geography.Regions.Americas.North_America,21052.0,116843.05548931431,5.0,3032.0
714,12.0,21126.0,尼古拉·齐奥塞斯库,0.994455099105835,Q80504,Culture.Biography.Biography*,21126.0,14838.305587533196,1.0,3415.0
715,12.0,21126.0,尼古拉·齐奥塞斯库,0.6513648629188538,Q80504,History_and_Society.Military_and_warfare,21126.0,14838.305587533196,1.0,3415.0
716,12.0,21126.0,尼古拉·齐奥塞斯库,0.4765896201133728,Q80504,History_and_Society.Politics_and_government,21126.0,14838.305587533196,1.0,3415.0
717,12.0,21126.0,尼古拉·齐奥塞斯库,0.3893042674064636,Q80504,Geography.Regions.Europe.Europe*,21126.0,14838.305587533196,1.0,3415.0
718,12.0,21126.0,尼古拉·齐奥塞斯库,0.2596606483459473,Q80504,Geography.Regions.Europe.Eastern_Europe,21126.0,14838.305587533196,1.0,3415.0
719,12.0,21126.0,尼古拉·齐奥塞斯库,0.1778208613395691,Q80504,History_and_Society.Society,21126.0,14838.305587533196,1.0,3415.0
720,12.0,21126.0,尼古拉·齐奥塞斯库,0.1259327530860901,Q80504,History_and_Society.History,21126.0,14838.305587533196,1.0,3415.0
721,12.0,21126.0,尼古拉·齐奥塞斯库,0.0,Q80504,Geography.Regions.Asia.North_Asia,21126.0,14838.305587533196,1.0,3415.0
722,12.0,21126.0,尼古拉·齐奥塞斯库,0.0,Q80504,Geography.Regions.Asia.Asia*,21126.0,14838.305587533196,1.0,3415.0
723,12.0,21126.0,尼古拉·齐奥塞斯库,0.0,Q80504,Geography.Regions.Europe.Western_Europe,21126.0,14838.305587533196,1.0,3415.0
724,12.0,21126.0,尼古拉·齐奥塞斯库,0.0,Q80504,Geography.Regions.Europe.Southern_Europe,21126.0,14838.305587533196,1.0,3415.0
725,12.0,21126.0,尼古拉·齐奥塞斯库,0.0,Q80504,Geography.Regions.Europe.Northern_Europe,21126.0,14838.305587533196,1.0,3415.0
726,10.0,21448.0,弗朗西斯科·佛朗哥,0.9978272914886476,Q29179,Culture.Biography.Biography*,21448.0,9922.584865267814,1.0,3438.0
727,10.0,21448.0,弗朗西斯科·佛朗哥,0.6370407938957214,Q29179,History_and_Society.Military_and_warfare,21448.0,9922.584865267814,1.0,3438.0
728,10.0,21448.0,弗朗西斯科·佛朗哥,0.3165845146179199,Q29179,Geography.Regions.Europe.Europe*,21448.0,9922.584865267814,1.0,3438.0
729,10.0,21448.0,弗朗西斯科·佛朗哥,0.1968362182378769,Q29179,History_and_Society.Politics_and_government,21448.0,9922.584865267814,1.0,3438.0
730,10.0,21448.0,弗朗西斯科·佛朗哥,0.12253321707248688,Q29179,History_and_Society.History,21448.0,9922.584865267814,1.0,3438.0
731,10.0,21448.0,弗朗西斯科·佛朗哥,0.09167657995224,Q29179,Geography.Regions.Europe.Southern_Europe,21448.0,9922.584865267814,1.0,3438.0
732,10.0,21448.0,弗朗西斯科·佛朗哥,0.0,Q29179,Geography.Regions.Americas.North_America,21448.0,9922.584865267814,1.0,3438.0
733,1.0,21519.0,人本主义心理学,0.9019306898117064,Q23364,STEM.STEM*,21519.0,0.0,0.0,1708.0
734,1.0,21519.0,人本主义心理学,0.8175845146179199,Q23364,STEM.Medicine_&_Health,21519.0,0.0,0.0,1708.0
735,1.0,21519.0,人本主义心理学,0.3073680400848389,Q23364,Culture.Philosophy_and_religion,21519.0,0.0,0.0,1708.0
736,1.0,21519.0,人本主义心理学,0.22816647589206696,Q23364,History_and_Society.Society,21519.0,0.0,0.0,1708.0
737,1.0,21519.0,人本主义心理学,0.1520422399044037,Q23364,STEM.Technology,21519.0,0.0,0.0,1708.0
738,1.0,21519.0,人本主义心理学,0.11280541121959685,Q23364,STEM.Biology,21519.0,0.0,0.0,1708.0
739,3.0,21535.0,拉玛一世,0.984585464000702,Q310992,Culture.Biography.Biography*,21535.0,0.0,1.0,2404.0
740,3.0,21535.0,拉玛一世,0.493098961353302,Q310992,Geography.Regions.Asia.Asia*,21535.0,0.0,1.0,2404.0
741,3.0,21535.0,拉玛一世,0.4792908897399902,Q310992,Geography.Regions.Asia.Southeast_Asia,21535.0,0.0,1.0,2404.0
742,9.0,21706.0,科菲·安南,0.9965265989303588,Q1254,Culture.Biography.Biography*,21706.0,8739.725274894034,5.0,1478.0
743,9.0,21706.0,科菲·安南,0.3140605390071869,Q1254,History_and_Society.Politics_and_government,21706.0,8739.725274894034,5.0,1478.0
744,9.0,21706.0,科菲·安南,0.26285186409950256,Q1254,History_and_Society.Society,21706.0,8739.725274894034,5.0,1478.0
745,9.0,21706.0,科菲·安南,0.18714269995689392,Q1254,Culture.Biography.Women,21706.0,8739.725274894034,5.0,1478.0
746,9.0,21706.0,科菲·安南,0.1520422399044037,Q1254,History_and_Society.Military_and_warfare,21706.0,8739.725274894034,5.0,1478.0
747,9.0,21706.0,科菲·安南,0.14034625887870789,Q1254,History_and_Society.Business_and_economics,21706.0,8739.725274894034,5.0,1478.0
748,9.0,21706.0,科菲·安南,0.13297423720359802,Q1254,STEM.STEM*,21706.0,8739.725274894034,5.0,1478.0
749,9.0,21706.0,科菲·安南,0.0,Q1254,Geography.Regions.Africa.Africa*,21706.0,8739.725274894034,5.0,1478.0
750,9.0,21706.0,科菲·安南,0.0,Q1254,Geography.Regions.Americas.North_America,21706.0,8739.725274894034,5.0,1478.0
751,9.0,21706.0,科菲·安南,0.0,Q1254,Geography.Regions.Europe.Europe*,21706.0,8739.725274894034,5.0,1478.0
752,9.0,21706.0,科菲·安南,0.0,Q1254,Geography.Regions.Asia.Asia*,21706.0,8739.725274894034,5.0,1478.0
753,9.0,21706.0,科菲·安南,0.0,Q1254,Geography.Regions.Europe.Western_Europe,21706.0,8739.725274894034,5.0,1478.0
754,9.0,21706.0,科菲·安南,0.0,Q1254,Geography.Regions.Asia.West_Asia,21706.0,8739.725274894034,5.0,1478.0
755,8.0,21801.0,海啸,0.9942797422409058,Q8070,STEM.STEM*,21801.0,29640.656166037366,5.0,2780.0
756,8.0,21801.0,海啸,0.9924327731132508,Q8070,STEM.Earth_and_environment,21801.0,29640.656166037366,5.0,2780.0
757,8.0,21801.0,海啸,0.3073680400848389,Q8070,History_and_Society.Politics_and_government,21801.0,29640.656166037366,5.0,2780.0
758,8.0,21801.0,海啸,0.0,Q8070,Geography.Regions.Asia.Asia*,21801.0,29640.656166037366,5.0,2780.0
759,8.0,21841.0,张自忠,0.998142421245575,Q706851,Culture.Biography.Biography*,21841.0,26102.109444201164,2.0,5064.0
760,8.0,21841.0,张自忠,0.839743971824646,Q706851,History_and_Society.Military_and_warfare,21841.0,26102.109444201164,2.0,5064.0
761,8.0,21841.0,张自忠,0.4515841474533081,Q706851,Geography.Regions.Asia.East_Asia,21841.0,26102.109444201164,2.0,5064.0
762,8.0,21841.0,张自忠,0.4314633479118347,Q706851,Geography.Regions.Asia.Asia*,21841.0,26102.109444201164,2.0,5064.0
763,17.0,21842.0,希伯来语,0.8479777574539185,Q9288,Culture.Linguistics,21842.0,41598.14778991416,11.0,3835.0
764,17.0,21842.0,希伯来语,0.5698626637458801,Q9288,Geography.Regions.Asia.Asia*,21842.0,41598.14778991416,11.0,3835.0
765,17.0,21842.0,希伯来语,0.4378334879875183,Q9288,Geography.Regions.Asia.West_Asia,21842.0,41598.14778991416,11.0,3835.0
766,17.0,21842.0,希伯来语,0.3775506913661957,Q9288,Culture.Philosophy_and_religion,21842.0,41598.14778991416,11.0,3835.0
767,17.0,21842.0,希伯来语,0.2120788097381592,Q9288,History_and_Society.Society,21842.0,41598.14778991416,11.0,3835.0
768,17.0,21842.0,希伯来语,0.16027602553367615,Q9288,Geography.Regions.Europe.Europe*,21842.0,41598.14778991416,11.0,3835.0
769,17.0,21842.0,希伯来语,0.14805719256401062,Q9288,Geography.Regions.Africa.Africa*,21842.0,41598.14778991416,11.0,3835.0
770,3.0,21867.0,竹林七贤,0.348655104637146,Q1336646,Culture.Biography.Biography*,21867.0,4347.035742636622,4.0,2441.0
771,3.0,21867.0,竹林七贤,0.23371636867523196,Q1336646,History_and_Society.History,21867.0,4347.035742636622,4.0,2441.0
772,3.0,21867.0,竹林七贤,0.2227101624011993,Q1336646,Culture.Philosophy_and_religion,21867.0,4347.035742636622,4.0,2441.0
773,3.0,21867.0,竹林七贤,0.1732981950044632,Q1336646,Culture.Media.Media*,21867.0,4347.035742636622,4.0,2441.0
774,3.0,21867.0,竹林七贤,0.15611489117145538,Q1336646,STEM.STEM*,21867.0,4347.035742636622,4.0,2441.0
775,3.0,21867.0,竹林七贤,0.14034625887870789,Q1336646,History_and_Society.Politics_and_government,21867.0,4347.035742636622,4.0,2441.0
776,3.0,21867.0,竹林七贤,0.11921291798353195,Q1336646,History_and_Society.Society,21867.0,4347.035742636622,4.0,2441.0
777,3.0,21867.0,竹林七贤,0.11597072333097458,Q1336646,Culture.Visual_arts.Visual_arts*,21867.0,4347.035742636622,4.0,2441.0
778,3.0,21867.0,竹林七贤,0.1097157895565033,Q1336646,History_and_Society.Military_and_warfare,21867.0,4347.035742636622,4.0,2441.0
779,3.0,21867.0,竹林七贤,0.1067005917429924,Q1336646,Culture.Literature,21867.0,4347.035742636622,4.0,2441.0
780,3.0,21867.0,竹林七贤,0.0,Q1336646,Geography.Regions.Europe.Europe*,21867.0,4347.035742636622,4.0,2441.0
781,3.0,21867.0,竹林七贤,0.0,Q1336646,Geography.Regions.Asia.Asia*,21867.0,4347.035742636622,4.0,2441.0
782,3.0,21867.0,竹林七贤,0.0,Q1336646,Geography.Regions.Europe.Western_Europe,21867.0,4347.035742636622,4.0,2441.0
783,3.0,21867.0,竹林七贤,0.0,Q1336646,Geography.Regions.Americas.North_America,21867.0,4347.035742636622,4.0,2441.0
784,3.0,21867.0,竹林七贤,0.0,Q1336646,Geography.Regions.Asia.East_Asia,21867.0,4347.035742636622,4.0,2441.0
785,3.0,21867.0,竹林七贤,0.0,Q1336646,Geography.Regions.Europe.Northern_Europe,21867.0,4347.035742636622,4.0,2441.0
786,3.0,21867.0,竹林七贤,0.0,Q1336646,Geography.Regions.Europe.Southern_Europe,21867.0,4347.035742636622,4.0,2441.0
787,7.0,21909.0,黄奕,0.9996530413627625,Q696649,Culture.Biography.Biography*,21909.0,2662.621364523386,12.0,2242.0
788,7.0,21909.0,黄奕,0.8706072568893433,Q696649,Culture.Biography.Women,21909.0,2662.621364523386,12.0,2242.0
789,7.0,21909.0,黄奕,0.4638651480674744,Q696649,Geography.Regions.Asia.East_Asia,21909.0,2662.621364523386,12.0,2242.0
790,7.0,21909.0,黄奕,0.4314633479118347,Q696649,Geography.Regions.Asia.Asia*,21909.0,2662.621364523386,12.0,2242.0
791,7.0,21909.0,黄奕,0.11597072333097458,Q696649,History_and_Society.Society,21909.0,2662.621364523386,12.0,2242.0
792,7.0,21909.0,黄奕,0.11280541121959685,Q696649,Culture.Media.Media*,21909.0,2662.621364523386,12.0,2242.0
793,14.0,21910.0,陈坤,0.9972090721130372,Q706092,Culture.Biography.Biography*,21910.0,134772.3576716975,12.0,8192.0
794,14.0,21910.0,陈坤,0.16452647745609286,Q706092,Culture.Media.Media*,21910.0,134772.3576716975,12.0,8192.0
795,14.0,21910.0,陈坤,0.10088862478733064,Q706092,Culture.Media.Music,21910.0,134772.3576716975,12.0,8192.0
796,14.0,21910.0,陈坤,0.06118653917312623,Q706092,Geography.Regions.Asia.Asia*,21910.0,134772.3576716975,12.0,8192.0
797,14.0,21910.0,陈坤,0.0,Q706092,Geography.Regions.Asia.East_Asia,21910.0,134772.3576716975,12.0,8192.0
798,4.0,21956.0,阿尔泰语系,0.9324633479118348,Q37845,Culture.Linguistics,21956.0,5957.747598717066,13.0,2777.0
799,4.0,21956.0,阿尔泰语系,0.2869412174224853,Q37845,Geography.Regions.Asia.Asia*,21956.0,5957.747598717066,13.0,2777.0
800,4.0,21956.0,阿尔泰语系,0.22816647589206696,Q37845,History_and_Society.Society,21956.0,5957.747598717066,13.0,2777.0
801,4.0,21956.0,阿尔泰语系,0.2047950496673584,Q37845,Geography.Regions.Asia.Central_Asia,21956.0,5957.747598717066,13.0,2777.0
802,4.0,21956.0,阿尔泰语系,0.0,Q37845,Geography.Regions.Asia.East_Asia,21956.0,5957.747598717066,13.0,2777.0
803,4.0,21956.0,阿尔泰语系,0.0,Q37845,Geography.Regions.Asia.West_Asia,21956.0,5957.747598717066,13.0,2777.0
804,4.0,21956.0,阿尔泰语系,0.0,Q37845,Geography.Regions.Asia.North_Asia,21956.0,5957.747598717066,13.0,2777.0
805,9.0,22294.0,尼罗河,0.8903042674064636,Q3392,Geography.Regions.Africa.Africa*,22294.0,23595.149124933057,11.0,3104.0
806,9.0,22294.0,尼罗河,0.7773098945617676,Q3392,Geography.Geographical,22294.0,23595.149124933057,11.0,3104.0
807,3.0,22526.0,印欧语系,0.9715740084648132,Q19860,Culture.Linguistics,22526.0,4776.887213663739,2.0,2906.0
808,3.0,22526.0,印欧语系,0.2393593490123749,Q19860,History_and_Society.History,22526.0,4776.887213663739,2.0,2906.0
809,3.0,22526.0,印欧语系,0.1294127255678177,Q19860,History_and_Society.Society,22526.0,4776.887213663739,2.0,2906.0
810,3.0,22526.0,印欧语系,0.0,Q19860,Geography.Regions.Europe.Europe*,22526.0,4776.887213663739,2.0,2906.0
811,3.0,22526.0,印欧语系,0.0,Q19860,Geography.Regions.Europe.Southern_Europe,22526.0,4776.887213663739,2.0,2906.0
812,3.0,22526.0,印欧语系,0.0,Q19860,Geography.Regions.Asia.Asia*,22526.0,4776.887213663739,2.0,2906.0
813,22.0,22540.0,驱逐舰,0.5312193632125854,Q174736,History_and_Society.Transportation,22540.0,25507.43341450204,5.0,3028.0
814,22.0,22540.0,驱逐舰,0.4765896201133728,Q174736,History_and_Society.Military_and_warfare,22540.0,25507.43341450204,5.0,3028.0
815,22.0,22540.0,驱逐舰,0.1732981950044632,Q174736,STEM.STEM*,22540.0,25507.43341450204,5.0,3028.0
816,2.0,22734.0,珠江三角洲,0.9825675487518309,Q1144286,Geography.Regions.Asia.East_Asia,22734.0,984.6196586382332,3.0,2786.0
817,2.0,22734.0,珠江三角洲,0.9496793746948242,Q1144286,Geography.Regions.Asia.Asia*,22734.0,984.6196586382332,3.0,2786.0
818,2.0,22734.0,珠江三角洲,0.21734751760959625,Q1144286,Geography.Geographical,22734.0,984.6196586382332,3.0,2786.0
819,8.0,22876.0,巴黎和会 (1919年),0.4765896201133728,Q199820,History_and_Society.Military_and_warfare,22876.0,25636.840510296603,5.0,3016.0
820,8.0,22876.0,巴黎和会 (1919年),0.2689514458179474,Q199820,History_and_Society.Politics_and_government,22876.0,25636.840510296603,5.0,3016.0
821,8.0,22876.0,巴黎和会 (1919年),0.2120788097381592,Q199820,STEM.STEM*,22876.0,25636.840510296603,5.0,3016.0
822,8.0,22876.0,巴黎和会 (1919年),0.14415885508060455,Q199820,History_and_Society.History,22876.0,25636.840510296603,5.0,3016.0
823,8.0,22876.0,巴黎和会 (1919年),0.11597072333097458,Q199820,History_and_Society.Society,22876.0,25636.840510296603,5.0,3016.0
824,8.0,22876.0,巴黎和会 (1919年),0.0,Q199820,Geography.Regions.Europe.Europe*,22876.0,25636.840510296603,5.0,3016.0
825,8.0,22876.0,巴黎和会 (1919年),0.0,Q199820,Geography.Regions.Europe.Western_Europe,22876.0,25636.840510296603,5.0,3016.0
826,8.0,22876.0,巴黎和会 (1919年),0.0,Q199820,Geography.Regions.Asia.Asia*,22876.0,25636.840510296603,5.0,3016.0
827,3.0,22910.0,鹰,0.9859463572502136,Q846664,STEM.STEM*,22910.0,8482.820225202955,6.0,3130.0
828,3.0,22910.0,鹰,0.9284188151359558,Q846664,STEM.Biology,22910.0,8482.820225202955,6.0,3130.0
829,4.0,22996.0,新朝,1.0000100135803225,Q504769,History_and_Society.History,22996.0,7769.389966058347,4.0,2738.0
830,4.0,22996.0,新朝,0.4990100135803223,Q504769,Geography.Regions.Asia.Asia*,22996.0,7769.389966058347,4.0,2738.0
831,4.0,22996.0,新朝,0.4990100135803223,Q504769,Geography.Regions.Asia.East_Asia,22996.0,7769.389966058347,4.0,2738.0
832,4.0,22996.0,新朝,0.18714269995689392,Q504769,History_and_Society.Military_and_warfare,22996.0,7769.389966058347,4.0,2738.0
833,9.0,23119.0,南沙群岛,0.9986429810523988,Q215664,Geography.Regions.Asia.Asia*,23119.0,19440.318958049967,10.0,3057.0
834,9.0,23119.0,南沙群岛,0.9790457487106324,Q215664,Geography.Regions.Asia.East_Asia,23119.0,19440.318958049967,10.0,3057.0
835,9.0,23119.0,南沙群岛,0.2509227991104126,Q215664,Geography.Geographical,23119.0,19440.318958049967,10.0,3057.0
836,6.0,23245.0,李肇星,0.9871888160705566,Q463697,Culture.Biography.Biography*,23245.0,382.5884313479157,3.0,2227.0
837,6.0,23245.0,李肇星,0.4225146472454071,Q463697,History_and_Society.Politics_and_government,23245.0,382.5884313479157,3.0,2227.0
838,6.0,23245.0,李肇星,0.22388027811050412,Q463697,Geography.Regions.Asia.Asia*,23245.0,382.5884313479157,3.0,2227.0
839,6.0,23245.0,李肇星,0.19165198707580566,Q463697,Geography.Regions.Asia.East_Asia,23245.0,382.5884313479157,3.0,2227.0
840,6.0,23513.0,锡克教,0.6076731681823729,Q9316,Culture.Philosophy_and_religion,23513.0,11949.782493912222,11.0,3077.0
841,6.0,23513.0,锡克教,0.15742753648757934,Q9316,Geography.Regions.Asia.Asia*,23513.0,11949.782493912222,11.0,3077.0
842,6.0,23513.0,锡克教,0.1294127255678177,Q9316,History_and_Society.Society,23513.0,11949.782493912222,11.0,3077.0
843,6.0,23513.0,锡克教,0.1067005917429924,Q9316,STEM.STEM*,23513.0,11949.782493912222,11.0,3077.0
844,6.0,23513.0,锡克教,0.0,Q9316,Geography.Regions.Asia.South_Asia,23513.0,11949.782493912222,11.0,3077.0
845,7.0,24114.0,许世友,0.9591643214225768,Q835115,Culture.Biography.Biography*,24114.0,10835.229376622243,1.0,3322.0
846,7.0,24114.0,许世友,0.41490885615348816,Q835115,History_and_Society.Military_and_warfare,24114.0,10835.229376622243,1.0,3322.0
847,7.0,24114.0,许世友,0.4089169969558716,Q835115,Geography.Regions.Asia.Asia*,24114.0,10835.229376622243,1.0,3322.0
848,7.0,24114.0,许世友,0.3862146010398865,Q835115,Geography.Regions.Asia.East_Asia,24114.0,10835.229376622243,1.0,3322.0
849,7.0,24114.0,许世友,0.11597072333097458,Q835115,History_and_Society.Politics_and_government,24114.0,10835.229376622243,1.0,3322.0
850,10.0,24546.0,大卫·芬奇,0.9996640086174012,Q184903,Culture.Biography.Biography*,24546.0,23355.97499976186,6.0,2871.0
851,10.0,24546.0,大卫·芬奇,0.25392501258850103,Q184903,Geography.Regions.Americas.North_America,24546.0,23355.97499976186,6.0,2871.0
852,10.0,24546.0,大卫·芬奇,0.1968362182378769,Q184903,Culture.Media.Media*,24546.0,23355.97499976186,6.0,2871.0
853,10.0,24546.0,大卫·芬奇,0.0,Q184903,Geography.Regions.Europe.Europe*,24546.0,23355.97499976186,6.0,2871.0
854,10.0,24546.0,大卫·芬奇,0.0,Q184903,Geography.Regions.Europe.Northern_Europe,24546.0,23355.97499976186,6.0,2871.0
855,10.0,24546.0,大卫·芬奇,0.0,Q184903,Geography.Regions.Europe.Western_Europe,24546.0,23355.97499976186,6.0,2871.0
856,3.0,24551.0,日冕,0.9648651480674744,Q170754,STEM.STEM*,24551.0,7178.8241994781565,10.0,2490.0
857,3.0,24551.0,日冕,0.8634016513824463,Q170754,STEM.Space,24551.0,7178.8241994781565,10.0,2490.0
858,3.0,24551.0,日冕,0.7606606483459473,Q170754,STEM.Physics,24551.0,7178.8241994781565,10.0,2490.0
859,3.0,24551.0,日冕,0.7371681928634644,Q170754,STEM.Earth_and_environment,24551.0,7178.8241994781565,10.0,2490.0
860,3.0,24551.0,日冕,0.1968362182378769,Q170754,STEM.Chemistry,24551.0,7178.8241994781565,10.0,2490.0
861,3.0,24551.0,日冕,0.16027602553367615,Q170754,STEM.Technology,24551.0,7178.8241994781565,10.0,2490.0
862,3.0,24551.0,日冕,0.11597072333097458,Q170754,History_and_Society.Society,24551.0,7178.8241994781565,10.0,2490.0
863,3.0,24552.0,大卫·林奇,0.9987257122993468,Q2071,Culture.Biography.Biography*,24552.0,3247.543088542667,6.0,2067.0
864,3.0,24552.0,大卫·林奇,0.3557848632335663,Q2071,Culture.Media.Media*,24552.0,3247.543088542667,6.0,2067.0
865,3.0,24552.0,大卫·林奇,0.23371636867523196,Q2071,History_and_Society.Society,24552.0,3247.543088542667,6.0,2067.0
866,3.0,24552.0,大卫·林奇,0.11409788036346435,Q2071,Geography.Regions.Americas.North_America,24552.0,3247.543088542667,6.0,2067.0
867,3.0,24552.0,大卫·林奇,0.0,Q2071,Geography.Regions.Europe.Europe*,24552.0,3247.543088542667,6.0,2067.0
868,5.0,24558.0,狄青,0.9304682612419128,Q3274901,Culture.Biography.Biography*,24558.0,18026.52689157752,15.0,3001.0
869,5.0,24558.0,狄青,0.3702353835105896,Q3274901,History_and_Society.Military_and_warfare,24558.0,18026.52689157752,15.0,3001.0
870,5.0,24558.0,狄青,0.25392501258850103,Q3274901,Geography.Regions.Asia.Asia*,24558.0,18026.52689157752,15.0,3001.0
871,5.0,24558.0,狄青,0.1520422399044037,Q3274901,History_and_Society.History,24558.0,18026.52689157752,15.0,3001.0
872,5.0,24558.0,狄青,0.08411114120483397,Q3274901,Geography.Regions.Asia.East_Asia,24558.0,18026.52689157752,15.0,3001.0
873,1.0,24611.0,热带雨林,0.8903042674064636,Q199403,STEM.STEM*,24611.0,0.0,4.0,2338.0
874,1.0,24611.0,热带雨林,0.320831298828125,Q199403,STEM.Biology,24611.0,0.0,4.0,2338.0
875,1.0,24611.0,热带雨林,0.3073680400848389,Q199403,History_and_Society.Society,24611.0,0.0,4.0,2338.0
876,1.0,24611.0,热带雨林,0.2814156115055084,Q199403,STEM.Earth_and_environment,24611.0,0.0,4.0,2338.0
877,1.0,24611.0,热带雨林,0.14415885508060455,Q199403,STEM.Medicine_&_Health,24611.0,0.0,4.0,2338.0
878,1.0,24611.0,热带雨林,0.13661839067935946,Q199403,STEM.Technology,24611.0,0.0,4.0,2338.0
879,9.0,24824.0,公顷,0.8872146010398865,Q35852,STEM.STEM*,24824.0,50888.89489727206,10.0,2727.0
880,2.0,24871.0,商鞅变法,0.4883575310707092,Q10923219,Geography.Regions.Asia.East_Asia,24871.0,0.0,15.0,2761.0
881,2.0,24871.0,商鞅变法,0.4678661694526672,Q10923219,Geography.Regions.Asia.Asia*,24871.0,0.0,15.0,2761.0
882,1.0,24908.0,氢弹,0.6926519870758057,Q625107,STEM.STEM*,24908.0,0.0,1.0,3110.0
883,1.0,24908.0,氢弹,0.6224693655967712,Q625107,History_and_Society.Military_and_warfare,24908.0,0.0,1.0,3110.0
884,1.0,24908.0,氢弹,0.2120788097381592,Q625107,STEM.Technology,24908.0,0.0,1.0,3110.0
885,1.0,24908.0,氢弹,0.12253321707248688,Q625107,STEM.Physics,24908.0,0.0,1.0,3110.0
886,1.0,24908.0,氢弹,0.1097157895565033,Q625107,STEM.Earth_and_environment,24908.0,0.0,1.0,3110.0
887,7.0,24961.0,得墨忒耳,0.952584147453308,Q40730,Culture.Literature,24961.0,3467.9066997802,16.0,6280.0
888,7.0,24961.0,得墨忒耳,0.9173126816749572,Q40730,History_and_Society.History,24961.0,3467.9066997802,16.0,6280.0
889,7.0,24961.0,得墨忒耳,0.812877357006073,Q40730,Culture.Philosophy_and_religion,24961.0,3467.9066997802,16.0,6280.0
890,7.0,24961.0,得墨忒耳,0.7606606483459473,Q40730,Culture.Biography.Women,24961.0,3467.9066997802,16.0,6280.0
891,7.0,24961.0,得墨忒耳,0.5312193632125854,Q40730,Culture.Biography.Biography*,24961.0,3467.9066997802,16.0,6280.0
892,7.0,24961.0,得墨忒耳,0.29719679260253906,Q40730,Geography.Regions.Europe.Europe*,24961.0,3467.9066997802,16.0,6280.0
893,7.0,24961.0,得墨忒耳,0.2816725244522095,Q40730,Geography.Regions.Europe.Southern_Europe,24961.0,3467.9066997802,16.0,6280.0
894,6.0,25074.0,印度历史,0.4139109721183777,Q133136,Geography.Regions.Asia.Asia*,25074.0,12898.211049518288,11.0,2623.0
895,6.0,25074.0,印度历史,0.3893042674064636,Q133136,Geography.Regions.Asia.South_Asia,25074.0,12898.211049518288,11.0,2623.0
896,6.0,25074.0,印度历史,0.275139719247818,Q133136,Culture.Literature,25074.0,12898.211049518288,11.0,2623.0
897,6.0,25074.0,印度历史,0.2689514458179474,Q133136,Culture.Visual_arts.Visual_arts*,25074.0,12898.211049518288,11.0,2623.0
898,6.0,25074.0,印度历史,0.2509227991104126,Q133136,STEM.STEM*,25074.0,12898.211049518288,11.0,2623.0
899,6.0,25074.0,印度历史,0.2509227991104126,Q133136,History_and_Society.Politics_and_government,25074.0,12898.211049518288,11.0,2623.0
900,6.0,25074.0,印度历史,0.18714269995689392,Q133136,STEM.Biology,25074.0,12898.211049518288,11.0,2623.0
901,6.0,25074.0,印度历史,0.15611489117145538,Q133136,History_and_Society.Military_and_warfare,25074.0,12898.211049518288,11.0,2623.0
902,6.0,25074.0,印度历史,0.14415885508060455,Q133136,Culture.Philosophy_and_religion,25074.0,12898.211049518288,11.0,2623.0
903,6.0,25074.0,印度历史,0.13661839067935946,Q133136,Culture.Visual_arts.Comics_and_Anime,25074.0,12898.211049518288,11.0,2623.0
904,6.0,25074.0,印度历史,0.12253321707248688,Q133136,History_and_Society.History,25074.0,12898.211049518288,11.0,2623.0
905,7.0,25167.0,劳动节,0.984585464000702,Q10901070,Culture.Philosophy_and_religion,25167.0,46682.12905681232,11.0,3691.0
906,7.0,25167.0,劳动节,0.13297423720359802,Q10901070,History_and_Society.Politics_and_government,25167.0,46682.12905681232,11.0,3691.0
907,7.0,25167.0,劳动节,0.014629947185516357,Q10901070,Geography.Regions.Europe.Europe*,25167.0,46682.12905681232,11.0,3691.0
908,7.0,25167.0,劳动节,0.0,Q10901070,Geography.Regions.Oceania,25167.0,46682.12905681232,11.0,3691.0
909,7.0,25167.0,劳动节,0.0,Q10901070,Geography.Regions.Europe.Northern_Europe,25167.0,46682.12905681232,11.0,3691.0
910,7.0,25167.0,劳动节,0.0,Q10901070,Geography.Regions.Americas.North_America,25167.0,46682.12905681232,11.0,3691.0
911,9.0,25286.0,江南,0.2869412174224853,Q1367898,Geography.Regions.Asia.Asia*,25286.0,37277.13972427872,11.0,2608.0
912,9.0,25286.0,江南,0.270853506565094,Q1367898,Geography.Regions.Asia.East_Asia,25286.0,37277.13972427872,11.0,2608.0
913,9.0,25286.0,江南,0.16027602553367615,Q1367898,STEM.STEM*,25286.0,37277.13972427872,11.0,2608.0
914,9.0,25286.0,江南,0.16027602553367615,Q1367898,History_and_Society.History,25286.0,37277.13972427872,11.0,2608.0
915,2.0,25373.0,沈从文,0.991162657737732,Q559264,Culture.Biography.Biography*,25373.0,3942.0,1.0,2565.0
916,2.0,25373.0,沈从文,0.3764868249893189,Q559264,Geography.Regions.Asia.East_Asia,25373.0,3942.0,1.0,2565.0
917,2.0,25373.0,沈从文,0.3429050912857056,Q559264,Geography.Regions.Asia.Asia*,25373.0,3942.0,1.0,2565.0
918,2.0,25373.0,沈从文,0.11280541121959685,Q559264,Culture.Philosophy_and_religion,25373.0,3942.0,1.0,2565.0
919,2.0,25373.0,沈从文,0.10088862478733064,Q559264,Culture.Literature,25373.0,3942.0,1.0,2565.0
920,21.0,25393.0,联合国秘书长,0.9284188151359558,Q81066,History_and_Society.Politics_and_government,25393.0,43128.25852772629,5.0,4689.0
921,21.0,25393.0,联合国秘书长,0.275139719247818,Q81066,History_and_Society.Society,25393.0,43128.25852772629,5.0,4689.0
922,21.0,25393.0,联合国秘书长,0.13661839067935946,Q81066,Culture.Biography.Biography*,25393.0,43128.25852772629,5.0,4689.0
923,21.0,25393.0,联合国秘书长,0.0,Q81066,Geography.Regions.Europe.Europe*,25393.0,43128.25852772629,5.0,4689.0
924,10.0,25605.0,臺北市立第一女子高級中學,0.9995927214622498,Q697164,Culture.Biography.Biography*,25605.0,36559.649895056056,2.0,2711.0
925,10.0,25605.0,臺北市立第一女子高級中學,0.9937201142311096,Q697164,History_and_Society.Society,25605.0,36559.649895056056,2.0,2711.0
926,10.0,25605.0,臺北市立第一女子高級中學,0.9916942119598388,Q697164,Geography.Regions.Asia.East_Asia,25605.0,36559.649895056056,2.0,2711.0
927,10.0,25605.0,臺北市立第一女子高級中學,0.9688661694526672,Q697164,Geography.Regions.Asia.Asia*,25605.0,36559.649895056056,2.0,2711.0
928,10.0,25605.0,臺北市立第一女子高級中學,0.9046605229377748,Q697164,History_and_Society.Education,25605.0,36559.649895056056,2.0,2711.0
929,9.0,25618.0,元智大學,0.9724247455596924,Q8060057,History_and_Society.Education,25618.0,13353.492340625495,0.0,3054.0
930,9.0,25618.0,元智大學,0.9706977605819702,Q8060057,Culture.Biography.Biography*,25618.0,13353.492340625495,0.0,3054.0
931,9.0,25618.0,元智大學,0.967909336090088,Q8060057,Geography.Regions.Asia.East_Asia,25618.0,13353.492340625495,0.0,3054.0
932,9.0,25618.0,元智大學,0.9659096002578736,Q8060057,Geography.Regions.Asia.Asia*,25618.0,13353.492340625495,0.0,3054.0
933,9.0,25618.0,元智大學,0.9304682612419128,Q8060057,History_and_Society.Society,25618.0,13353.492340625495,0.0,3054.0
934,9.0,25618.0,元智大學,0.10088862478733064,Q8060057,Culture.Philosophy_and_religion,25618.0,13353.492340625495,0.0,3054.0
935,1.0,25832.0,李國鼎,0.9996530413627625,Q3436012,Culture.Biography.Biography*,25832.0,0.0,1.0,2045.0
936,1.0,25832.0,李國鼎,0.6297846436500549,Q3436012,History_and_Society.Society,25832.0,0.0,1.0,2045.0
937,1.0,25832.0,李國鼎,0.4889964332580566,Q3436012,Geography.Regions.Asia.East_Asia,25832.0,0.0,1.0,2045.0
938,1.0,25832.0,李國鼎,0.4745869507789612,Q3436012,Geography.Regions.Asia.Asia*,25832.0,0.0,1.0,2045.0
939,5.0,25887.0,词 (文学),0.8080772161483765,Q1091366,Culture.Literature,25887.0,6020.417694634092,15.0,2281.0
940,5.0,25887.0,词 (文学),0.3415925204753876,Q1091366,Culture.Media.Media*,25887.0,6020.417694634092,15.0,2281.0
941,5.0,25887.0,词 (文学),0.2942249774932861,Q1091366,Culture.Philosophy_and_religion,25887.0,6020.417694634092,15.0,2281.0
942,5.0,25887.0,词 (文学),0.26285186409950256,Q1091366,History_and_Society.History,25887.0,6020.417694634092,15.0,2281.0
943,5.0,25887.0,词 (文学),0.1520422399044037,Q1091366,Culture.Media.Books,25887.0,6020.417694634092,15.0,2281.0
944,5.0,25887.0,词 (文学),0.1520422399044037,Q1091366,History_and_Society.Society,25887.0,6020.417694634092,15.0,2281.0
945,5.0,25887.0,词 (文学),0.11597072333097458,Q1091366,STEM.STEM*,25887.0,6020.417694634092,15.0,2281.0
946,5.0,25887.0,词 (文学),0.10088862478733064,Q1091366,Culture.Biography.Biography*,25887.0,6020.417694634092,15.0,2281.0
947,5.0,25887.0,词 (文学),0.0,Q1091366,Geography.Regions.Asia.Asia*,25887.0,6020.417694634092,15.0,2281.0
948,5.0,25887.0,词 (文学),0.0,Q1091366,Geography.Regions.Asia.East_Asia,25887.0,6020.417694634092,15.0,2281.0
949,5.0,25887.0,词 (文学),0.0,Q1091366,Geography.Regions.Europe.Europe*,25887.0,6020.417694634092,15.0,2281.0
950,3.0,26055.0,唐努乌梁海,0.9969346523284912,Q1326878,History_and_Society.Society,26055.0,1688.3127858940936,13.0,2607.0
951,3.0,26055.0,唐努乌梁海,0.4971998205184937,Q1326878,Geography.Regions.Asia.Asia*,26055.0,1688.3127858940936,13.0,2607.0
952,3.0,26055.0,唐努乌梁海,0.4914327731132507,Q1326878,Geography.Regions.Asia.East_Asia,26055.0,1688.3127858940936,13.0,2607.0
953,3.0,26055.0,唐努乌梁海,0.33459946513175964,Q1326878,Culture.Biography.Biography*,26055.0,1688.3127858940936,13.0,2607.0
954,3.0,26055.0,唐努乌梁海,0.21760438585281366,Q1326878,Geography.Regions.Asia.Central_Asia,26055.0,1688.3127858940936,13.0,2607.0
955,3.0,26055.0,唐努乌梁海,0.16886694729328156,Q1326878,History_and_Society.History,26055.0,1688.3127858940936,13.0,2607.0
956,3.0,26055.0,唐努乌梁海,0.15611489117145538,Q1326878,History_and_Society.Military_and_warfare,26055.0,1688.3127858940936,13.0,2607.0
957,3.0,26055.0,唐努乌梁海,0.0,Q1326878,Geography.Regions.Asia.North_Asia,26055.0,1688.3127858940936,13.0,2607.0
958,16.0,26240.0,九州 (日本),0.9659096002578736,Q13987,Geography.Regions.Asia.Asia*,26240.0,50768.155920439865,13.0,2680.0
959,16.0,26240.0,九州 (日本),0.9481645226478576,Q13987,Geography.Regions.Asia.East_Asia,26240.0,50768.155920439865,13.0,2680.0
960,16.0,26240.0,九州 (日本),0.7826725244522095,Q13987,Geography.Geographical,26240.0,50768.155920439865,13.0,2680.0
961,16.0,26240.0,九州 (日本),0.13661839067935946,Q13987,STEM.STEM*,26240.0,50768.155920439865,13.0,2680.0
962,12.0,26325.0,凤凰卫视,0.9381340146064758,Q724186,Culture.Media.Media*,26325.0,65623.50305364361,10.0,43765.0
963,12.0,26325.0,凤凰卫视,0.585111141204834,Q724186,Culture.Media.Television,26325.0,65623.50305364361,10.0,43765.0
964,12.0,26325.0,凤凰卫视,0.4274188151359558,Q724186,Geography.Regions.Asia.East_Asia,26325.0,65623.50305364361,10.0,43765.0
965,12.0,26325.0,凤凰卫视,0.3429050912857056,Q724186,Geography.Regions.Asia.Asia*,26325.0,65623.50305364361,10.0,43765.0
966,2.0,26339.0,徐達,0.9637899398803712,Q1355886,Culture.Biography.Biography*,26339.0,3942.0,5.0,3322.0
967,2.0,26339.0,徐達,0.478677677154541,Q1355886,Geography.Regions.Asia.East_Asia,26339.0,3942.0,5.0,3322.0
968,2.0,26339.0,徐達,0.4767238368988037,Q1355886,Geography.Regions.Asia.Asia*,26339.0,3942.0,5.0,3322.0
969,2.0,26339.0,徐達,0.18714269995689392,Q1355886,History_and_Society.Military_and_warfare,26339.0,3942.0,5.0,3322.0
970,1.0,26363.0,洛可可,0.6926519870758057,Q122960,Culture.Visual_arts.Visual_arts*,26363.0,0.0,11.0,2902.0
971,1.0,26363.0,洛可可,0.24509501457214355,Q122960,History_and_Society.History,26363.0,0.0,11.0,2902.0
972,1.0,26363.0,洛可可,0.12253321707248688,Q122960,Culture.Visual_arts.Architecture,26363.0,0.0,11.0,2902.0
973,1.0,26363.0,洛可可,0.0,Q122960,Geography.Regions.Europe.Europe*,26363.0,0.0,11.0,2902.0
974,8.0,26467.0,呂秀蓮,1.0000100135803225,Q465284,Culture.Biography.Biography*,26467.0,16540.471661283213,2.0,3408.0
975,8.0,26467.0,呂秀蓮,0.9951046109199524,Q465284,History_and_Society.Society,26467.0,16540.471661283213,2.0,3408.0
976,8.0,26467.0,呂秀蓮,0.7663036584854126,Q465284,Culture.Biography.Women,26467.0,16540.471661283213,2.0,3408.0
977,8.0,26467.0,呂秀蓮,0.4471645226478577,Q465284,Geography.Regions.Asia.Asia*,26467.0,16540.471661283213,2.0,3408.0
978,8.0,26467.0,呂秀蓮,0.4163126816749573,Q465284,Geography.Regions.Asia.East_Asia,26467.0,16540.471661283213,2.0,3408.0
979,2.0,26575.0,阿尔弗雷德·诺贝尔,0.99219411611557,Q23810,Culture.Biography.Biography*,26575.0,3942.0,14.0,2407.0
980,2.0,26575.0,阿尔弗雷德·诺贝尔,0.4440047016143799,Q23810,Geography.Regions.Europe.Europe*,26575.0,3942.0,14.0,2407.0
981,2.0,26575.0,阿尔弗雷德·诺贝尔,0.2689514458179474,Q23810,STEM.STEM*,26575.0,3942.0,14.0,2407.0
982,2.0,26575.0,阿尔弗雷德·诺贝尔,0.1713417043685913,Q23810,Geography.Regions.Europe.Northern_Europe,26575.0,3942.0,14.0,2407.0
983,2.0,26575.0,阿尔弗雷德·诺贝尔,0.1067005917429924,Q23810,History_and_Society.Society,26575.0,3942.0,14.0,2407.0
984,3.0,28085.0,好望角,0.9149109721183776,Q4092,Geography.Geographical,28085.0,3732.300411019001,13.0,1990.0
985,3.0,28085.0,好望角,0.7879412174224854,Q4092,Geography.Regions.Africa.Africa*,28085.0,3732.300411019001,13.0,1990.0
986,3.0,28085.0,好望角,0.5156299471855164,Q4092,Geography.Regions.Africa.Southern_Africa,28085.0,3732.300411019001,13.0,1990.0
987,3.0,28085.0,好望角,0.16452647745609286,Q4092,Geography.Regions.Europe.Europe*,28085.0,3732.300411019001,13.0,1990.0
988,34.0,29933.0,許冠傑,0.9850529432296752,Q549233,Culture.Biography.Biography*,29933.0,190481.80214375735,12.0,117608.0
989,34.0,29933.0,許冠傑,0.42531375789642334,Q549233,Geography.Regions.Asia.East_Asia,29933.0,190481.80214375735,12.0,117608.0
990,34.0,29933.0,許冠傑,0.338743971824646,Q549233,Geography.Regions.Asia.Asia*,29933.0,190481.80214375735,12.0,117608.0
991,34.0,29933.0,許冠傑,0.3140605390071869,Q549233,Culture.Media.Music,29933.0,190481.80214375735,12.0,117608.0
992,34.0,29933.0,許冠傑,0.14805719256401062,Q549233,Culture.Media.Media*,29933.0,190481.80214375735,12.0,117608.0
993,2.0,30047.0,張榮發,1.0000100135803225,Q2723735,Culture.Biography.Biography*,30047.0,909.7722640804204,5.0,3170.0
994,2.0,30047.0,張榮發,0.9899964332580566,Q2723735,History_and_Society.Society,30047.0,909.7722640804204,5.0,3170.0
995,2.0,30047.0,張榮發,0.4966868629455566,Q2723735,Geography.Regions.Asia.East_Asia,30047.0,909.7722640804204,5.0,3170.0
996,2.0,30047.0,張榮發,0.4921061863899231,Q2723735,Geography.Regions.Asia.Asia*,30047.0,909.7722640804204,5.0,3170.0
997,2.0,30047.0,張榮發,0.13661839067935946,Q2723735,STEM.STEM*,30047.0,909.7722640804204,5.0,3170.0
998,2.0,30047.0,張榮發,0.10088862478733064,Q2723735,History_and_Society.Business_and_economics,30047.0,909.7722640804204,5.0,3170.0
999,22.0,30766.0,工党 (英国),0.9579222798347472,Q9630,History_and_Society.Politics_and_government,30766.0,8252.293461658188,1.0,2976.0
1000,22.0,30766.0,工党 (英国),0.0,Q9630,Geography.Regions.Europe.Europe*,30766.0,8252.293461658188,1.0,2976.0
1001,22.0,30766.0,工党 (英国),0.0,Q9630,Geography.Regions.Europe.Northern_Europe,30766.0,8252.293461658188,1.0,2976.0
1002,4.0,30893.0,布農族,0.275139719247818,Q701704,History_and_Society.Society,30893.0,9349.829815676414,4.0,2594.0
1003,4.0,30893.0,布農族,0.25392501258850103,Q701704,Geography.Regions.Asia.Asia*,30893.0,9349.829815676414,4.0,2594.0
1004,4.0,30893.0,布農族,0.22816647589206696,Q701704,Culture.Biography.Biography*,30893.0,9349.829815676414,4.0,2594.0
1005,4.0,30893.0,布農族,0.2047950496673584,Q701704,Geography.Regions.Asia.East_Asia,30893.0,9349.829815676414,4.0,2594.0
1006,4.0,30893.0,布農族,0.0,Q701704,Geography.Regions.Europe.Europe*,30893.0,9349.829815676414,4.0,2594.0
1007,4.0,30893.0,布農族,0.0,Q701704,Geography.Regions.Asia.Southeast_Asia,30893.0,9349.829815676414,4.0,2594.0
1008,4.0,30893.0,布農族,0.0,Q701704,Geography.Regions.Americas.North_America,30893.0,9349.829815676414,4.0,2594.0
1009,3.0,31082.0,約瑟的神奇彩衣,0.9946250915527344,Q1146264,Culture.Performing_arts,31082.0,689.8305329778549,11.0,1716.0
1010,3.0,31082.0,約瑟的神奇彩衣,0.7431780099868774,Q1146264,Culture.Media.Music,31082.0,689.8305329778549,11.0,1716.0
1011,3.0,31082.0,約瑟的神奇彩衣,0.6076731681823729,Q1146264,Culture.Media.Media*,31082.0,689.8305329778549,11.0,1716.0
1012,7.0,31847.0,达赖喇嘛,0.5621865391731262,Q37349,Culture.Philosophy_and_religion,31847.0,11509.742667420507,3.0,2937.0
1013,7.0,31847.0,达赖喇嘛,0.4378334879875183,Q37349,Culture.Biography.Biography*,31847.0,11509.742667420507,3.0,2937.0
1014,7.0,31847.0,达赖喇嘛,0.26285186409950256,Q37349,History_and_Society.Politics_and_government,31847.0,11509.742667420507,3.0,2937.0
1015,7.0,31847.0,达赖喇嘛,0.0,Q37349,Geography.Regions.Asia.Asia*,31847.0,11509.742667420507,3.0,2937.0
1016,7.0,31847.0,达赖喇嘛,0.0,Q37349,Geography.Regions.Europe.Europe*,31847.0,11509.742667420507,3.0,2937.0
1017,7.0,31847.0,达赖喇嘛,0.0,Q37349,Geography.Regions.Asia.South_Asia,31847.0,11509.742667420507,3.0,2937.0
1018,2.0,32476.0,社会建构主义,0.4688006341457367,Q2642673,STEM.STEM*,32476.0,0.0,0.0,1749.0
1019,2.0,32476.0,社会建构主义,0.16886694729328156,Q2642673,STEM.Technology,32476.0,0.0,0.0,1749.0
1020,2.0,32476.0,社会建构主义,0.14415885508060455,Q2642673,History_and_Society.Society,32476.0,0.0,0.0,1749.0
1021,2.0,32476.0,社会建构主义,0.13297423720359802,Q2642673,STEM.Medicine_&_Health,32476.0,0.0,0.0,1749.0
1022,2.0,32476.0,社会建构主义,0.1259327530860901,Q2642673,History_and_Society.Business_and_economics,32476.0,0.0,0.0,1749.0
1023,2.0,32476.0,社会建构主义,0.1067005917429924,Q2642673,History_and_Society.Politics_and_government,32476.0,0.0,0.0,1749.0
1024,2.0,32476.0,社会建构主义,0.0,Q2642673,Geography.Regions.Americas.North_America,32476.0,0.0,0.0,1749.0
1025,2.0,32476.0,社会建构主义,0.0,Q2642673,Geography.Regions.Asia.Asia*,32476.0,0.0,0.0,1749.0
1026,7.0,32544.0,杨虎城,0.996185541152954,Q715841,Culture.Biography.Biography*,32544.0,1799.3566666983731,5.0,2368.0
1027,7.0,32544.0,杨虎城,0.5078218579292297,Q715841,History_and_Society.Military_and_warfare,32544.0,1799.3566666983731,5.0,2368.0
1028,7.0,32544.0,杨虎城,0.25392501258850103,Q715841,Geography.Regions.Asia.Asia*,32544.0,1799.3566666983731,5.0,2368.0
1029,7.0,32544.0,杨虎城,0.15036486291885376,Q715841,Geography.Regions.Asia.East_Asia,32544.0,1799.3566666983731,5.0,2368.0
1030,6.0,32633.0,欧洲议会,0.7826725244522095,Q8889,History_and_Society.Politics_and_government,32633.0,4011.2622575185082,10.0,1737.0
1031,6.0,32633.0,欧洲议会,0.15742753648757934,Q8889,Geography.Regions.Europe.Europe*,32633.0,4011.2622575185082,10.0,1737.0
1032,6.0,32633.0,欧洲议会,0.15611489117145538,Q8889,History_and_Society.Business_and_economics,32633.0,4011.2622575185082,10.0,1737.0
1033,6.0,32633.0,欧洲议会,0.14415885508060455,Q8889,History_and_Society.Education,32633.0,4011.2622575185082,10.0,1737.0
1034,6.0,32633.0,欧洲议会,0.12253321707248688,Q8889,STEM.STEM*,32633.0,4011.2622575185082,10.0,1737.0
1035,6.0,32633.0,欧洲议会,0.0,Q8889,Geography.Regions.Europe.Western_Europe,32633.0,4011.2622575185082,10.0,1737.0
1036,1.0,32754.0,首席运营官,0.9626831412315368,Q623279,History_and_Society.Business_and_economics,32754.0,0.0,10.0,2164.0
1037,1.0,32754.0,首席运营官,0.5698626637458801,Q623279,STEM.STEM*,32754.0,0.0,10.0,2164.0
1038,1.0,32754.0,首席运营官,0.16452647745609286,Q623279,STEM.Technology,32754.0,0.0,10.0,2164.0
1039,4.0,33564.0,自卫队,1.0000100135803225,Q275488,History_and_Society.Military_and_warfare,33564.0,5388.852227873953,13.0,2878.0
1040,4.0,33564.0,自卫队,0.4990100135803223,Q275488,Geography.Regions.Asia.East_Asia,33564.0,5388.852227873953,13.0,2878.0
1041,4.0,33564.0,自卫队,0.4983003606796265,Q275488,Geography.Regions.Asia.Asia*,33564.0,5388.852227873953,13.0,2878.0
1042,9.0,33776.0,烏坵鄉,1.0000100135803225,Q706550,Culture.Biography.Biography*,33776.0,45203.5787905125,4.0,2826.0
1043,9.0,33776.0,烏坵鄉,1.0000100135803225,Q706550,Geography.Geographical,33776.0,45203.5787905125,4.0,2826.0
1044,9.0,33776.0,烏坵鄉,1.0000100135803225,Q706550,History_and_Society.Society,33776.0,45203.5787905125,4.0,2826.0
1045,9.0,33776.0,烏坵鄉,1.0000100135803225,Q706550,Geography.Regions.Asia.East_Asia,33776.0,45203.5787905125,4.0,2826.0
1046,9.0,33776.0,烏坵鄉,0.9993221759796144,Q706550,Geography.Regions.Asia.Asia*,33776.0,45203.5787905125,4.0,2826.0
1047,3.0,33797.0,達悟族,0.3775506913661957,Q706528,History_and_Society.Society,33797.0,4428.664063354302,4.0,2952.0
1048,3.0,33797.0,達悟族,0.15611489117145538,Q706528,Culture.Biography.Biography*,33797.0,4428.664063354302,4.0,2952.0
1049,3.0,33797.0,達悟族,0.10088862478733064,Q706528,Culture.Philosophy_and_religion,33797.0,4428.664063354302,4.0,2952.0
1050,3.0,33797.0,達悟族,0.0,Q706528,Geography.Regions.Asia.Asia*,33797.0,4428.664063354302,4.0,2952.0
1051,3.0,33797.0,達悟族,0.0,Q706528,Geography.Regions.Europe.Europe*,33797.0,4428.664063354302,4.0,2952.0
1052,3.0,33797.0,達悟族,0.0,Q706528,Geography.Regions.Americas.North_America,33797.0,4428.664063354302,4.0,2952.0
1053,3.0,33797.0,達悟族,0.0,Q706528,Geography.Regions.Asia.East_Asia,33797.0,4428.664063354302,4.0,2952.0
1054,3.0,33797.0,達悟族,0.0,Q706528,Geography.Regions.Europe.Northern_Europe,33797.0,4428.664063354302,4.0,2952.0
1055,3.0,33797.0,達悟族,0.0,Q706528,Geography.Regions.Europe.Western_Europe,33797.0,4428.664063354302,4.0,2952.0
1056,3.0,33797.0,達悟族,0.0,Q706528,Geography.Regions.Asia.South_Asia,33797.0,4428.664063354302,4.0,2952.0
1057,3.0,33797.0,達悟族,0.0,Q706528,Geography.Regions.Europe.Southern_Europe,33797.0,4428.664063354302,4.0,2952.0
1058,3.0,33797.0,達悟族,0.0,Q706528,Geography.Regions.Asia.Southeast_Asia,33797.0,4428.664063354302,4.0,2952.0
1059,3.0,33797.0,達悟族,0.0,Q706528,Geography.Regions.Americas.South_America,33797.0,4428.664063354302,4.0,2952.0
1060,3.0,33797.0,達悟族,0.0,Q706528,Geography.Regions.Asia.West_Asia,33797.0,4428.664063354302,4.0,2952.0
1061,8.0,33829.0,政令指定都市,0.4886818399429321,Q1749269,Geography.Regions.Asia.East_Asia,33829.0,10746.93213544502,13.0,1936.0
1062,8.0,33829.0,政令指定都市,0.4515841474533081,Q1749269,Geography.Regions.Asia.Asia*,33829.0,10746.93213544502,13.0,1936.0
1063,8.0,33829.0,政令指定都市,0.2393593490123749,Q1749269,History_and_Society.Politics_and_government,33829.0,10746.93213544502,13.0,1936.0
1064,8.0,33829.0,政令指定都市,0.0,Q1749269,Geography.Geographical,33829.0,10746.93213544502,13.0,1936.0
1065,4.0,34078.0,何妤玟,1.0000100135803225,Q8970023,Culture.Biography.Biography*,34078.0,2628.787655134085,4.0,98549.0
1066,4.0,34078.0,何妤玟,0.9970290064811708,Q8970023,History_and_Society.Society,34078.0,2628.787655134085,4.0,98549.0
1067,4.0,34078.0,何妤玟,0.8439050912857056,Q8970023,Culture.Biography.Women,34078.0,2628.787655134085,4.0,98549.0
1068,4.0,34078.0,何妤玟,0.496894287109375,Q8970023,Geography.Regions.Asia.East_Asia,34078.0,2628.787655134085,4.0,98549.0
1069,4.0,34078.0,何妤玟,0.4914327731132507,Q8970023,Geography.Regions.Asia.Asia*,34078.0,2628.787655134085,4.0,98549.0
1070,4.0,34078.0,何妤玟,0.20182321965694427,Q8970023,Culture.Media.Music,34078.0,2628.787655134085,4.0,98549.0
1071,4.0,34078.0,何妤玟,0.16452647745609286,Q8970023,Culture.Media.Media*,34078.0,2628.787655134085,4.0,98549.0
1072,3.0,34445.0,马赫,0.9937201142311096,Q160669,STEM.STEM*,34445.0,4712.924825277965,5.0,2610.0
1073,3.0,34445.0,马赫,0.9149109721183776,Q160669,STEM.Physics,34445.0,4712.924825277965,5.0,2610.0
1074,3.0,34445.0,马赫,0.2069040536880493,Q160669,STEM.Chemistry,34445.0,4712.924825277965,5.0,2610.0
1075,3.0,34445.0,马赫,0.1778208613395691,Q160669,STEM.Engineering,34445.0,4712.924825277965,5.0,2610.0
1076,3.0,34445.0,马赫,0.13661839067935946,Q160669,STEM.Technology,34445.0,4712.924825277965,5.0,2610.0
1077,3.0,34635.0,黎瑞恩,0.9814634323120116,Q6145374,Culture.Biography.Biography*,34635.0,982.0564857161542,12.0,2946.0
1078,3.0,34635.0,黎瑞恩,0.4927201142311096,Q6145374,Geography.Regions.Asia.East_Asia,34635.0,982.0564857161542,12.0,2946.0
1079,3.0,34635.0,黎瑞恩,0.4722507467269898,Q6145374,Geography.Regions.Asia.Asia*,34635.0,982.0564857161542,12.0,2946.0
1080,3.0,34635.0,黎瑞恩,0.3702353835105896,Q6145374,Culture.Biography.Women,34635.0,982.0564857161542,12.0,2946.0
1081,3.0,34635.0,黎瑞恩,0.3073680400848389,Q6145374,Culture.Media.Media*,34635.0,982.0564857161542,12.0,2946.0
1082,3.0,34635.0,黎瑞恩,0.21734751760959625,Q6145374,Culture.Media.Music,34635.0,982.0564857161542,12.0,2946.0
1083,6.0,34998.0,美国副总统,0.7826725244522095,Q11699,History_and_Society.Politics_and_government,34998.0,6523.136430552223,5.0,2306.0
1084,6.0,34998.0,美国副总统,0.4456066956520081,Q11699,Geography.Regions.Americas.North_America,34998.0,6523.136430552223,5.0,2306.0
1085,6.0,34998.0,美国副总统,0.24509501457214355,Q11699,Culture.Biography.Biography*,34998.0,6523.136430552223,5.0,2306.0
1086,2.0,35696.0,玛丽亚·莎拉波娃,0.9908843636512756,Q11666,Culture.Biography.Biography*,35696.0,2157.8508493784548,5.0,2677.0
1087,2.0,35696.0,玛丽亚·莎拉波娃,0.9284188151359558,Q11666,Culture.Biography.Women,35696.0,2157.8508493784548,5.0,2677.0
1088,2.0,35696.0,玛丽亚·莎拉波娃,0.8670457601547241,Q11666,Culture.Sports,35696.0,2157.8508493784548,5.0,2677.0
1089,2.0,35696.0,玛丽亚·莎拉波娃,0.4843900501728058,Q11666,History_and_Society.Society,35696.0,2157.8508493784548,5.0,2677.0
1090,2.0,35696.0,玛丽亚·莎拉波娃,0.0,Q11666,Geography.Regions.Europe.Europe*,35696.0,2157.8508493784548,5.0,2677.0
1091,2.0,35696.0,玛丽亚·莎拉波娃,0.0,Q11666,Geography.Regions.Americas.North_America,35696.0,2157.8508493784548,5.0,2677.0
1092,17.0,35719.0,美国国务院,0.7490972280502319,Q789915,History_and_Society.Politics_and_government,35719.0,68795.54331994017,5.0,2844.0
1093,17.0,35719.0,美国国务院,0.2921159734725952,Q789915,Geography.Regions.Americas.North_America,35719.0,68795.54331994017,5.0,2844.0
1094,17.0,35719.0,美国国务院,0.18714269995689392,Q789915,History_and_Society.Business_and_economics,35719.0,68795.54331994017,5.0,2844.0
1095,17.0,35719.0,美国国务院,0.15611489117145538,Q789915,History_and_Society.Education,35719.0,68795.54331994017,5.0,2844.0
1096,17.0,35719.0,美国国务院,0.1067005917429924,Q789915,History_and_Society.Military_and_warfare,35719.0,68795.54331994017,5.0,2844.0
1097,17.0,35719.0,美国国务院,0.0,Q789915,Geography.Regions.Europe.Europe*,35719.0,68795.54331994017,5.0,2844.0
1098,11.0,35737.0,阿特拉斯,0.6513648629188538,Q130818,History_and_Society.History,35737.0,17990.592322509514,16.0,2612.0
1099,11.0,35737.0,阿特拉斯,0.538993239402771,Q130818,Culture.Literature,35737.0,17990.592322509514,16.0,2612.0
1100,11.0,35737.0,阿特拉斯,0.5000100135803223,Q130818,Culture.Philosophy_and_religion,35737.0,17990.592322509514,16.0,2612.0
1101,11.0,35737.0,阿特拉斯,0.320831298828125,Q130818,Culture.Biography.Biography*,35737.0,17990.592322509514,16.0,2612.0
1102,11.0,35737.0,阿特拉斯,0.21124218606948847,Q130818,Geography.Regions.Europe.Europe*,35737.0,17990.592322509514,16.0,2612.0
1103,11.0,35737.0,阿特拉斯,0.18495945835113525,Q130818,Geography.Regions.Europe.Southern_Europe,35737.0,17990.592322509514,16.0,2612.0
1104,11.0,35737.0,阿特拉斯,0.0,Q130818,Geography.Regions.Asia.Asia*,35737.0,17990.592322509514,16.0,2612.0
1105,1.0,35751.0,海伦 (神话),0.9755869507789612,Q164061,History_and_Society.History,35751.0,0.0,9.0,1694.0
1106,1.0,35751.0,海伦 (神话),0.951152205467224,Q164061,Culture.Literature,35751.0,0.0,9.0,1694.0
1107,1.0,35751.0,海伦 (神话),0.9284188151359558,Q164061,Culture.Philosophy_and_religion,35751.0,0.0,9.0,1694.0
1108,1.0,35751.0,海伦 (神话),0.8903042674064636,Q164061,Culture.Biography.Biography*,35751.0,0.0,9.0,1694.0
1109,1.0,35751.0,海伦 (神话),0.7490972280502319,Q164061,Culture.Biography.Women,35751.0,0.0,9.0,1694.0
1110,1.0,35751.0,海伦 (神话),0.3301530351638794,Q164061,Geography.Regions.Europe.Europe*,35751.0,0.0,9.0,1694.0
1111,1.0,35751.0,海伦 (神话),0.24809722805023196,Q164061,Geography.Regions.Europe.Southern_Europe,35751.0,0.0,9.0,1694.0
1112,1.0,35751.0,海伦 (神话),0.2069040536880493,Q164061,History_and_Society.Military_and_warfare,35751.0,0.0,9.0,1694.0
1113,4.0,35816.0,老子 (書),0.6723417043685913,Q134425,Culture.Literature,35816.0,8711.318810677642,11.0,2904.0
1114,4.0,35816.0,老子 (書),0.5698626637458801,Q134425,Culture.Philosophy_and_religion,35816.0,8711.318810677642,11.0,2904.0
1115,4.0,35816.0,老子 (書),0.5000100135803223,Q134425,History_and_Society.History,35816.0,8711.318810677642,11.0,2904.0
1116,4.0,35816.0,老子 (書),0.4532718360424042,Q134425,Culture.Media.Books,35816.0,8711.318810677642,11.0,2904.0
1117,4.0,35816.0,老子 (書),0.37980710172653204,Q134425,Geography.Regions.Asia.East_Asia,35816.0,8711.318810677642,11.0,2904.0
1118,4.0,35816.0,老子 (書),0.3702353835105896,Q134425,Culture.Media.Media*,35816.0,8711.318810677642,11.0,2904.0
1119,4.0,35816.0,老子 (書),0.3344935646057129,Q134425,Geography.Regions.Asia.Asia*,35816.0,8711.318810677642,11.0,2904.0
1120,4.0,35816.0,老子 (書),0.2393593490123749,Q134425,STEM.STEM*,35816.0,8711.318810677642,11.0,2904.0
1121,4.0,35816.0,老子 (書),0.10375863313674928,Q134425,STEM.Libraries_&_Information,35816.0,8711.318810677642,11.0,2904.0
1122,6.0,36171.0,义乌市,0.9994742274284364,Q1011138,Geography.Regions.Asia.East_Asia,36171.0,15914.519280311291,13.0,2814.0
1123,6.0,36171.0,义乌市,0.9942797422409058,Q1011138,Geography.Regions.Asia.Asia*,36171.0,15914.519280311291,13.0,2814.0
1124,10.0,36342.0,中国工商银行,0.8439050912857056,Q26463,History_and_Society.Business_and_economics,36342.0,26339.389080187866,10.0,2740.0
1125,10.0,36342.0,中国工商银行,0.2047950496673584,Q26463,Geography.Regions.Asia.Asia*,36342.0,26339.389080187866,10.0,2740.0
1126,10.0,36342.0,中国工商银行,0.006821857929229736,Q26463,Geography.Regions.Asia.East_Asia,36342.0,26339.389080187866,10.0,2740.0
1127,2.0,36480.0,洛基,0.8634016513824463,Q133147,History_and_Society.History,36480.0,3877.8132413677095,13.0,2758.0
1128,2.0,36480.0,洛基,0.5698626637458801,Q133147,Culture.Philosophy_and_religion,36480.0,3877.8132413677095,13.0,2758.0
1129,2.0,36480.0,洛基,0.4765896201133728,Q133147,Culture.Literature,36480.0,3877.8132413677095,13.0,2758.0
1130,2.0,36480.0,洛基,0.2120788097381592,Q133147,Culture.Biography.Biography*,36480.0,3877.8132413677095,13.0,2758.0
1131,2.0,36480.0,洛基,0.0,Q133147,Geography.Regions.Europe.Europe*,36480.0,3877.8132413677095,13.0,2758.0
1132,4.0,36735.0,非裔美国人,0.9715740084648132,Q49085,History_and_Society.Society,36735.0,18354.16520049233,17.0,2202.0
1133,4.0,36735.0,非裔美国人,0.7248802781105042,Q49085,Culture.Biography.Biography*,36735.0,18354.16520049233,17.0,2202.0
1134,4.0,36735.0,非裔美国人,0.18495945835113525,Q49085,Geography.Regions.Americas.North_America,36735.0,18354.16520049233,17.0,2202.0
1135,4.0,36735.0,非裔美国人,0.11921291798353195,Q49085,History_and_Society.History,36735.0,18354.16520049233,17.0,2202.0
1136,12.0,36834.0,東沙群島,0.9951046109199524,Q698931,Geography.Regions.Asia.East_Asia,36834.0,95550.05023287775,10.0,3405.0
1137,12.0,36834.0,東沙群島,0.9841036200523376,Q698931,Geography.Regions.Asia.Asia*,36834.0,95550.05023287775,10.0,3405.0
1138,12.0,36834.0,東沙群島,0.9381340146064758,Q698931,History_and_Society.Society,36834.0,95550.05023287775,10.0,3405.0
1139,12.0,36834.0,東沙群島,0.8439050912857056,Q698931,Culture.Biography.Biography*,36834.0,95550.05023287775,10.0,3405.0
1140,12.0,36834.0,東沙群島,0.585111141204834,Q698931,Geography.Geographical,36834.0,95550.05023287775,10.0,3405.0
1141,12.0,36834.0,東沙群島,0.26285186409950256,Q698931,STEM.STEM*,36834.0,95550.05023287775,10.0,3405.0
1142,12.0,36834.0,東沙群島,0.1520422399044037,Q698931,STEM.Earth_and_environment,36834.0,95550.05023287775,10.0,3405.0
1143,17.0,37092.0,杰拉尔德·福特,0.9990700483322144,Q9582,Culture.Biography.Biography*,37092.0,70732.34369561113,1.0,3039.0
1144,17.0,37092.0,杰拉尔德·福特,0.348655104637146,Q9582,History_and_Society.Politics_and_government,37092.0,70732.34369561113,1.0,3039.0
1145,17.0,37092.0,杰拉尔德·福特,0.3165845146179199,Q9582,Geography.Regions.Americas.North_America,37092.0,70732.34369561113,1.0,3039.0
1146,17.0,37092.0,杰拉尔德·福特,0.287777841091156,Q9582,Culture.Sports,37092.0,70732.34369561113,1.0,3039.0
1147,17.0,37092.0,杰拉尔德·福特,0.16027602553367615,Q9582,Culture.Biography.Women,37092.0,70732.34369561113,1.0,3039.0
1148,17.0,37092.0,杰拉尔德·福特,0.12253321707248688,Q9582,History_and_Society.Military_and_warfare,37092.0,70732.34369561113,1.0,3039.0
1149,5.0,37103.0,齐白石,0.9955416321754456,Q369608,Culture.Biography.Biography*,37103.0,1328.8178151309787,2.0,2554.0
1150,5.0,37103.0,齐白石,0.4225146472454071,Q369608,Culture.Visual_arts.Visual_arts*,37103.0,1328.8178151309787,2.0,2554.0
1151,5.0,37103.0,齐白石,0.053480433464050285,Q369608,Geography.Regions.Asia.Asia*,37103.0,1328.8178151309787,2.0,2554.0
1152,5.0,37103.0,齐白石,0.0,Q369608,Geography.Regions.Asia.East_Asia,37103.0,1328.8178151309787,2.0,2554.0
1153,2.0,37127.0,李显扬,0.9908843636512756,Q2904984,Culture.Biography.Biography*,37127.0,3942.0000000000014,3.0,2752.0
1154,2.0,37127.0,李显扬,0.3469777574539185,Q2904984,Geography.Regions.Asia.Asia*,37127.0,3942.0000000000014,3.0,2752.0
1155,2.0,37127.0,李显扬,0.2763098945617676,Q2904984,Geography.Regions.Asia.Southeast_Asia,37127.0,3942.0000000000014,3.0,2752.0
1156,2.0,37127.0,李显扬,0.2120788097381592,Q2904984,History_and_Society.Business_and_economics,37127.0,3942.0000000000014,3.0,2752.0
1157,11.0,37144.0,黑人,1.0000100135803225,Q817393,History_and_Society.Society,37144.0,38669.390625094486,5.0,3906.0
1158,11.0,37144.0,黑人,0.5312193632125854,Q817393,Culture.Biography.Biography*,37144.0,38669.390625094486,5.0,3906.0
1159,11.0,37144.0,黑人,0.16027602553367615,Q817393,History_and_Society.History,37144.0,38669.390625094486,5.0,3906.0
1160,2.0,37205.0,仁波切,1.0,Q913727,Compilation.List_Disambig,37205.0,3942.0,12.0,3907.0
1161,2.0,37205.0,仁波切,0.3007555902004242,Q913727,Culture.Philosophy_and_religion,37205.0,3942.0,12.0,3907.0
1162,2.0,37205.0,仁波切,0.2227101624011993,Q913727,History_and_Society.Society,37205.0,3942.0,12.0,3907.0
1163,2.0,37205.0,仁波切,0.16452647745609286,Q913727,Culture.Biography.Biography*,37205.0,3942.0,12.0,3907.0
1164,2.0,37205.0,仁波切,0.0,Q913727,Geography.Regions.Asia.East_Asia,37205.0,3942.0,12.0,3907.0
1165,2.0,37205.0,仁波切,0.0,Q913727,Geography.Regions.Asia.Asia*,37205.0,3942.0,12.0,3907.0
1166,12.0,37329.0,波塞冬,0.7931159734725952,Q41127,Culture.Literature,37329.0,16811.035928952333,16.0,3246.0
1167,12.0,37329.0,波塞冬,0.7931159734725952,Q41127,History_and_Society.History,37329.0,16811.035928952333,16.0,3246.0
1168,12.0,37329.0,波塞冬,0.6859594583511353,Q41127,History_and_Society.Society,37329.0,16811.035928952333,16.0,3246.0
1169,12.0,37329.0,波塞冬,0.6584275364875793,Q41127,Culture.Philosophy_and_religion,37329.0,16811.035928952333,16.0,3246.0
1170,12.0,37329.0,波塞冬,0.49,Q41127,Culture.Biography.Women,37329.0,16811.035928952333,16.0,3246.0
1171,12.0,37329.0,波塞冬,0.4688006341457367,Q41127,Culture.Biography.Biography*,37329.0,16811.035928952333,16.0,3246.0
1172,12.0,37329.0,波塞冬,0.37980710172653204,Q41127,Geography.Regions.Europe.Southern_Europe,37329.0,16811.035928952333,16.0,3246.0
1173,12.0,37329.0,波塞冬,0.3696072568893433,Q41127,Geography.Regions.Europe.Europe*,37329.0,16811.035928952333,16.0,3246.0
1174,12.0,37329.0,波塞冬,0.10375863313674928,Q41127,History_and_Society.Politics_and_government,37329.0,16811.035928952333,16.0,3246.0
1175,12.0,37329.0,波塞冬,0.0,Q41127,Geography.Regions.Europe.Western_Europe,37329.0,16811.035928952333,16.0,3246.0
1176,12.0,37329.0,波塞冬,0.0,Q41127,Geography.Regions.Europe.Northern_Europe,37329.0,16811.035928952333,16.0,3246.0
1177,12.0,37329.0,波塞冬,0.0,Q41127,Geography.Regions.Asia.Asia*,37329.0,16811.035928952333,16.0,3246.0
1178,12.0,37329.0,波塞冬,0.0,Q41127,Geography.Regions.Asia.East_Asia,37329.0,16811.035928952333,16.0,3246.0
1179,12.0,37329.0,波塞冬,0.0,Q41127,Geography.Regions.Americas.North_America,37329.0,16811.035928952333,16.0,3246.0
1180,6.0,37381.0,盖亚,0.7981967926025391,Q93172,History_and_Society.History,37381.0,10098.315277095877,16.0,2936.0
1181,6.0,37381.0,盖亚,0.7663036584854126,Q93172,Culture.Literature,37381.0,10098.315277095877,16.0,2936.0
1182,6.0,37381.0,盖亚,0.6654205918312073,Q93172,Culture.Philosophy_and_religion,37381.0,10098.315277095877,16.0,2936.0
1183,6.0,37381.0,盖亚,0.3923468291759491,Q93172,Culture.Biography.Biography*,37381.0,10098.315277095877,16.0,2936.0
1184,6.0,37381.0,盖亚,0.38492217659950256,Q93172,Culture.Biography.Women,37381.0,10098.315277095877,16.0,2936.0
1185,6.0,37381.0,盖亚,0.3509628047943115,Q93172,Geography.Regions.Europe.Southern_Europe,37381.0,10098.315277095877,16.0,2936.0
1186,6.0,37381.0,盖亚,0.3070772161483765,Q93172,Geography.Regions.Europe.Europe*,37381.0,10098.315277095877,16.0,2936.0
1187,6.0,37381.0,盖亚,0.1097157895565033,Q93172,History_and_Society.Business_and_economics,37381.0,10098.315277095877,16.0,2936.0
1188,6.0,37381.0,盖亚,0.0,Q93172,Geography.Regions.Asia.Asia*,37381.0,10098.315277095877,16.0,2936.0
1189,3.0,37422.0,耶穌基督後期聖徒教會,0.3140605390071869,Q42504,History_and_Society.Business_and_economics,37422.0,2038.1160891042389,5.0,2816.0
1190,3.0,37422.0,耶穌基督後期聖徒教會,0.22816647589206696,Q42504,Culture.Philosophy_and_religion,37422.0,2038.1160891042389,5.0,2816.0
1191,3.0,37422.0,耶穌基督後期聖徒教會,0.16027602553367615,Q42504,Culture.Biography.Biography*,37422.0,2038.1160891042389,5.0,2816.0
1192,3.0,37422.0,耶穌基督後期聖徒教會,0.14034625887870789,Q42504,History_and_Society.Education,37422.0,2038.1160891042389,5.0,2816.0
1193,3.0,37422.0,耶穌基督後期聖徒教會,0.1259327530860901,Q42504,History_and_Society.Politics_and_government,37422.0,2038.1160891042389,5.0,2816.0
1194,3.0,37422.0,耶穌基督後期聖徒教會,0.1067005917429924,Q42504,STEM.STEM*,37422.0,2038.1160891042389,5.0,2816.0
1195,3.0,37422.0,耶穌基督後期聖徒教會,0.04574816131591797,Q42504,Geography.Regions.Americas.North_America,37422.0,2038.1160891042389,5.0,2816.0
1196,11.0,37573.0,欧陆法系,0.6001983880996704,Q5950118,History_and_Society.Politics_and_government,37573.0,33277.366782022684,3.0,2600.0
1197,11.0,37573.0,欧陆法系,0.1259327530860901,Q5950118,STEM.STEM*,37573.0,33277.366782022684,3.0,2600.0
1198,11.0,37573.0,欧陆法系,0.0,Q5950118,Geography.Regions.Asia.Asia*,37573.0,33277.366782022684,3.0,2600.0
1199,13.0,37617.0,英雄 (电影),0.9924327731132508,Q260379,Culture.Media.Media*,37617.0,11229.46638871216,12.0,2977.0
1200,13.0,37617.0,英雄 (电影),0.9914325475692748,Q260379,Culture.Media.Films,37617.0,11229.46638871216,12.0,2977.0
1201,13.0,37617.0,英雄 (电影),0.24217800998687744,Q260379,Geography.Regions.Asia.Asia*,37617.0,11229.46638871216,12.0,2977.0
1202,13.0,37617.0,英雄 (电影),0.21760438585281366,Q260379,Geography.Regions.Asia.East_Asia,37617.0,11229.46638871216,12.0,2977.0
1203,13.0,37617.0,英雄 (电影),0.10375863313674928,Q260379,Culture.Literature,37617.0,11229.46638871216,12.0,2977.0
1204,1.0,37774.0,格林尼治標準時間,0.946606695652008,Q30192,STEM.STEM*,37774.0,0.0,1.0,3124.0
1205,10.0,37807.0,于右任,1.0000100135803225,Q574453,Culture.Biography.Biography*,37807.0,34289.09625407621,2.0,2841.0
1206,10.0,37807.0,于右任,0.5544804334640503,Q574453,History_and_Society.Society,37807.0,34289.09625407621,2.0,2841.0
1207,10.0,37807.0,于右任,0.4918885698318482,Q574453,Geography.Regions.Asia.East_Asia,37807.0,34289.09625407621,2.0,2841.0
1208,10.0,37807.0,于右任,0.4792908897399902,Q574453,Geography.Regions.Asia.Asia*,37807.0,34289.09625407621,2.0,2841.0
1209,8.0,37838.0,特洛伊,0.8080772161483765,Q22647,History_and_Society.History,37838.0,31278.7872584141,16.0,3232.0
1210,8.0,37838.0,特洛伊,0.6224693655967712,Q22647,Geography.Regions.Europe.Europe*,37838.0,31278.7872584141,16.0,3232.0
1211,8.0,37838.0,特洛伊,0.6001983880996704,Q22647,Geography.Regions.Europe.Southern_Europe,37838.0,31278.7872584141,16.0,3232.0
1212,8.0,37838.0,特洛伊,0.5234303474426271,Q22647,Geography.Geographical,37838.0,31278.7872584141,16.0,3232.0
1213,8.0,37838.0,特洛伊,0.348655104637146,Q22647,Geography.Regions.Asia.Asia*,37838.0,31278.7872584141,16.0,3232.0
1214,8.0,37838.0,特洛伊,0.2393593490123749,Q22647,Geography.Regions.Asia.West_Asia,37838.0,31278.7872584141,16.0,3232.0
1215,8.0,37838.0,特洛伊,0.16452647745609286,Q22647,Culture.Philosophy_and_religion,37838.0,31278.7872584141,16.0,3232.0
1216,1.0,37952.0,昴宿星團,0.9886782765388488,Q13423,STEM.Space,37952.0,0.0,5.0,2920.0
1217,1.0,37952.0,昴宿星團,0.98678719997406,Q13423,STEM.STEM*,37952.0,0.0,5.0,2920.0
1218,4.0,38044.0,青山剛昌,0.990301549434662,Q313945,Culture.Biography.Biography*,38044.0,11822.0,13.0,2997.0
1219,4.0,38044.0,青山剛昌,0.98678719997406,Q313945,Culture.Visual_arts.Comics_and_Anime,38044.0,11822.0,13.0,2997.0
1220,4.0,38044.0,青山剛昌,0.9715740084648132,Q313945,Culture.Literature,38044.0,11822.0,13.0,2997.0
1221,4.0,38044.0,青山剛昌,0.967909336090088,Q313945,Culture.Visual_arts.Visual_arts*,38044.0,11822.0,13.0,2997.0
1222,4.0,38044.0,青山剛昌,0.014629947185516357,Q313945,Geography.Regions.Asia.East_Asia,38044.0,11822.0,13.0,2997.0
1223,4.0,38044.0,青山剛昌,0.006821857929229736,Q313945,Geography.Regions.Asia.Asia*,38044.0,11822.0,13.0,2997.0
1224,6.0,38215.0,摩天大樓,0.6584275364875793,Q11303,Culture.Visual_arts.Architecture,38215.0,8084.885781905938,6.0,2673.0
1225,6.0,38215.0,摩天大樓,0.6584275364875793,Q11303,Culture.Visual_arts.Visual_arts*,38215.0,8084.885781905938,6.0,2673.0
1226,6.0,38215.0,摩天大樓,0.33459946513175964,Q11303,STEM.STEM*,38215.0,8084.885781905938,6.0,2673.0
1227,79.0,38223.0,Yahoo奇摩,0.9706977605819702,Q10863587,History_and_Society.Society,38223.0,784511.7289654162,12.0,2936.0
1228,79.0,38223.0,Yahoo奇摩,0.9362950325012208,Q10863587,Culture.Biography.Biography*,38223.0,784511.7289654162,12.0,2936.0
1229,79.0,38223.0,Yahoo奇摩,0.6001983880996704,Q10863587,History_and_Society.Business_and_economics,38223.0,784511.7289654162,12.0,2936.0
1230,79.0,38223.0,Yahoo奇摩,0.538993239402771,Q10863587,Culture.Media.Media*,38223.0,784511.7289654162,12.0,2936.0
1231,79.0,38223.0,Yahoo奇摩,0.40366052293777466,Q10863587,Geography.Regions.Asia.East_Asia,38223.0,784511.7289654162,12.0,2936.0
1232,79.0,38223.0,Yahoo奇摩,0.3764868249893189,Q10863587,Geography.Regions.Asia.Asia*,38223.0,784511.7289654162,12.0,2936.0
1233,79.0,38223.0,Yahoo奇摩,0.2942249774932861,Q10863587,Culture.Internet_culture,38223.0,784511.7289654162,12.0,2936.0
1234,79.0,38223.0,Yahoo奇摩,0.2568419873714447,Q10863587,STEM.Technology,38223.0,784511.7289654162,12.0,2936.0
1235,79.0,38223.0,Yahoo奇摩,0.2568419873714447,Q10863587,STEM.STEM*,38223.0,784511.7289654162,12.0,2936.0
1236,79.0,38223.0,Yahoo奇摩,0.11597072333097458,Q10863587,Culture.Media.Software,38223.0,784511.7289654162,12.0,2936.0
1237,14.0,38275.0,斯德哥尔摩,0.8840492963790894,Q1754,Geography.Regions.Europe.Europe*,38275.0,63763.58641145537,14.0,3247.0
1238,14.0,38275.0,斯德哥尔摩,0.8519628047943115,Q1754,Geography.Regions.Europe.Northern_Europe,38275.0,63763.58641145537,14.0,3247.0
1239,14.0,38275.0,斯德哥尔摩,0.3998216390609741,Q1754,Geography.Geographical,38275.0,63763.58641145537,14.0,3247.0
1240,14.0,38275.0,斯德哥尔摩,0.2393593490123749,Q1754,History_and_Society.History,38275.0,63763.58641145537,14.0,3247.0
1241,2.0,38365.0,莫高窟,0.8706072568893433,Q43286,Geography.Regions.Asia.East_Asia,38365.0,101.32615676423912,13.0,3184.0
1242,2.0,38365.0,莫高窟,0.8558611869812012,Q43286,Geography.Regions.Asia.Asia*,38365.0,101.32615676423912,13.0,3184.0
1243,2.0,38365.0,莫高窟,0.7186043858528137,Q43286,Geography.Geographical,38365.0,101.32615676423912,13.0,3184.0
1244,2.0,38365.0,莫高窟,0.7186043858528137,Q43286,History_and_Society.History,38365.0,101.32615676423912,13.0,3184.0
1245,2.0,38365.0,莫高窟,0.3923468291759491,Q43286,Culture.Philosophy_and_religion,38365.0,101.32615676423912,13.0,3184.0
1246,2.0,38365.0,莫高窟,0.2393593490123749,Q43286,Culture.Visual_arts.Architecture,38365.0,101.32615676423912,13.0,3184.0
1247,2.0,38365.0,莫高窟,0.22816647589206696,Q43286,Culture.Visual_arts.Visual_arts*,38365.0,101.32615676423912,13.0,3184.0
1248,2.0,38365.0,莫高窟,0.21734751760959625,Q43286,Geography.Regions.Asia.Central_Asia,38365.0,101.32615676423912,13.0,3184.0
1249,7.0,38678.0,日内瓦,0.9732507467269896,Q71,Geography.Regions.Europe.Europe*,38678.0,9186.35960594668,5.0,3108.0
1250,7.0,38678.0,日内瓦,0.9553291201591492,Q71,Geography.Regions.Europe.Western_Europe,38678.0,9186.35960594668,5.0,3108.0
1251,7.0,38678.0,日内瓦,0.585111141204834,Q71,Geography.Geographical,38678.0,9186.35960594668,5.0,3108.0
1252,20.0,38932.0,京都市,0.6992644667625427,Q34600,Geography.Geographical,38932.0,41000.05021725044,13.0,3087.0
1253,20.0,38932.0,京都市,0.5234303474426271,Q34600,Geography.Regions.Asia.Asia*,38932.0,41000.05021725044,13.0,3087.0
1254,20.0,38932.0,京都市,0.4765896201133728,Q34600,Geography.Regions.Asia.East_Asia,38932.0,41000.05021725044,13.0,3087.0
1255,20.0,38932.0,京都市,0.275139719247818,Q34600,Geography.Regions.Europe.Europe*,38932.0,41000.05021725044,13.0,3087.0
1256,5.0,38956.0,班禅额尔德尼,0.6654205918312073,Q157310,Culture.Philosophy_and_religion,38956.0,6385.263072916836,13.0,1936.0
1257,5.0,38956.0,班禅额尔德尼,0.3923468291759491,Q157310,Culture.Biography.Biography*,38956.0,6385.263072916836,13.0,1936.0
1258,5.0,38956.0,班禅额尔德尼,0.16452647745609286,Q157310,History_and_Society.Politics_and_government,38956.0,6385.263072916836,13.0,1936.0
1259,5.0,38956.0,班禅额尔德尼,0.1097157895565033,Q157310,History_and_Society.History,38956.0,6385.263072916836,13.0,1936.0
1260,5.0,38956.0,班禅额尔德尼,0.10088862478733064,Q157310,History_and_Society.Military_and_warfare,38956.0,6385.263072916836,13.0,1936.0
1261,5.0,38956.0,班禅额尔德尼,0.0,Q157310,Geography.Regions.Asia.Asia*,38956.0,6385.263072916836,13.0,1936.0
1262,5.0,38956.0,班禅额尔德尼,0.0,Q157310,Geography.Regions.Europe.Northern_Europe,38956.0,6385.263072916836,13.0,1936.0
1263,5.0,38956.0,班禅额尔德尼,0.0,Q157310,Geography.Regions.Europe.Europe*,38956.0,6385.263072916836,13.0,1936.0
1264,5.0,38956.0,班禅额尔德尼,0.0,Q157310,Geography.Regions.Asia.East_Asia,38956.0,6385.263072916836,13.0,1936.0
1265,5.0,38956.0,班禅额尔德尼,0.0,Q157310,Geography.Regions.Americas.North_America,38956.0,6385.263072916836,13.0,1936.0
1266,17.0,39167.0,名古屋市,0.8267217874526978,Q11751,Geography.Geographical,39167.0,95636.41632280695,13.0,3001.0
1267,17.0,39167.0,名古屋市,0.7826725244522095,Q11751,Geography.Regions.Asia.Asia*,39167.0,95636.41632280695,13.0,3001.0
1268,17.0,39167.0,名古屋市,0.7773098945617676,Q11751,Geography.Regions.Asia.East_Asia,39167.0,95636.41632280695,13.0,3001.0
1269,7.0,39226.0,無國界醫生,0.6150978803634644,Q49330,History_and_Society.Education,39226.0,30334.668777926137,5.0,2895.0
1270,7.0,39226.0,無國界醫生,0.5698626637458801,Q49330,History_and_Society.Business_and_economics,39226.0,30334.668777926137,5.0,2895.0
1271,7.0,39226.0,無國界醫生,0.4843900501728058,Q49330,History_and_Society.Politics_and_government,39226.0,30334.668777926137,5.0,2895.0
1272,7.0,39226.0,無國界醫生,0.40734341740608215,Q49330,STEM.STEM*,39226.0,30334.668777926137,5.0,2895.0
1273,7.0,39226.0,無國界醫生,0.33459946513175964,Q49330,STEM.Medicine_&_Health,39226.0,30334.668777926137,5.0,2895.0
1274,7.0,39226.0,無國界醫生,0.2227101624011993,Q49330,Culture.Biography.Biography*,39226.0,30334.668777926137,5.0,2895.0
1275,7.0,39226.0,無國界醫生,0.2120788097381592,Q49330,History_and_Society.Society,39226.0,30334.668777926137,5.0,2895.0
1276,7.0,39226.0,無國界醫生,0.16452647745609286,Q49330,History_and_Society.Military_and_warfare,39226.0,30334.668777926137,5.0,2895.0
1277,7.0,39226.0,無國界醫生,0.11280541121959685,Q49330,Culture.Literature,39226.0,30334.668777926137,5.0,2895.0
1278,7.0,39226.0,無國界醫生,0.11280541121959685,Q49330,STEM.Technology,39226.0,30334.668777926137,5.0,2895.0
1279,7.0,39226.0,無國界醫生,0.1067005917429924,Q49330,Culture.Philosophy_and_religion,39226.0,30334.668777926137,5.0,2895.0
1280,7.0,39226.0,無國界醫生,0.10375863313674928,Q49330,Culture.Media.Media*,39226.0,30334.668777926137,5.0,2895.0
1281,7.0,39226.0,無國界醫生,0.04574816131591797,Q49330,Geography.Regions.Europe.Europe*,39226.0,30334.668777926137,5.0,2895.0
1282,7.0,39226.0,無國界醫生,0.0,Q49330,Geography.Regions.Americas.North_America,39226.0,30334.668777926137,5.0,2895.0
1283,7.0,39226.0,無國界醫生,0.0,Q49330,Geography.Regions.Europe.Western_Europe,39226.0,30334.668777926137,5.0,2895.0
1284,7.0,39226.0,無國界醫生,0.0,Q49330,Geography.Regions.Asia.Asia*,39226.0,30334.668777926137,5.0,2895.0
1285,7.0,39226.0,無國界醫生,0.0,Q49330,Geography.Regions.Europe.Southern_Europe,39226.0,30334.668777926137,5.0,2895.0
1286,16.0,39288.0,加勒比海,0.9304682612419128,Q1247,Geography.Geographical,39288.0,77131.12094294693,5.0,2773.0
1287,16.0,39288.0,加勒比海,0.2227101624011993,Q1247,History_and_Society.Society,39288.0,77131.12094294693,5.0,2773.0
1288,16.0,39288.0,加勒比海,0.1824355274438858,Q1247,Geography.Regions.Europe.Europe*,39288.0,77131.12094294693,5.0,2773.0
1289,9.0,39315.0,尼米茲號航空母艦,0.99219411611557,Q463161,History_and_Society.Transportation,39315.0,13725.773274685293,5.0,3942.0
1290,9.0,39315.0,尼米茲號航空母艦,0.9748311638832092,Q463161,History_and_Society.Military_and_warfare,39315.0,13725.773274685293,5.0,3942.0
1291,9.0,39315.0,尼米茲號航空母艦,0.0,Q463161,Geography.Regions.Americas.North_America,39315.0,13725.773274685293,5.0,3942.0
1292,5.0,39426.0,赛特,0.9344051480293274,Q131795,History_and_Society.History,39426.0,3388.1798945549126,11.0,1921.0
1293,5.0,39426.0,赛特,0.7248802781105042,Q131795,Culture.Philosophy_and_religion,39426.0,3388.1798945549126,11.0,1921.0
1294,5.0,39426.0,赛特,0.7186043858528137,Q131795,Culture.Literature,39426.0,3388.1798945549126,11.0,1921.0
1295,5.0,39426.0,赛特,0.6513648629188538,Q131795,Culture.Biography.Biography*,39426.0,3388.1798945549126,11.0,1921.0
1296,9.0,39474.0,近畿小子,0.9099169969558716,Q972792,Culture.Media.Music,39474.0,12832.604276672117,13.0,2844.0
1297,9.0,39474.0,近畿小子,0.8991314172744751,Q972792,Culture.Biography.Biography*,39474.0,12832.604276672117,13.0,2844.0
1298,9.0,39474.0,近畿小子,0.8479777574539185,Q972792,Culture.Media.Media*,39474.0,12832.604276672117,13.0,2844.0
1299,9.0,39474.0,近畿小子,0.4649096002578735,Q972792,Geography.Regions.Asia.East_Asia,39474.0,12832.604276672117,13.0,2844.0
1300,9.0,39474.0,近畿小子,0.3624016513824463,Q972792,Geography.Regions.Asia.Asia*,39474.0,12832.604276672117,13.0,2844.0
1301,7.0,39484.0,堂本剛,0.9931061863899232,Q985899,Culture.Biography.Biography*,39484.0,3179.8413356591527,13.0,2676.0
1302,7.0,39484.0,堂本剛,0.4440047016143799,Q985899,Geography.Regions.Asia.East_Asia,39484.0,3179.8413356591527,13.0,2676.0
1303,7.0,39484.0,堂本剛,0.4163126816749573,Q985899,Geography.Regions.Asia.Asia*,39484.0,3179.8413356591527,13.0,2676.0
1304,7.0,39484.0,堂本剛,0.3557848632335663,Q985899,Culture.Media.Music,39484.0,3179.8413356591527,13.0,2676.0
1305,7.0,39484.0,堂本剛,0.3276783227920532,Q985899,Culture.Media.Media*,39484.0,3179.8413356591527,13.0,2676.0
1306,4.0,39614.0,王朔,0.9973783493041992,Q693778,Culture.Biography.Biography*,39614.0,2533.311100891885,2.0,2569.0
1307,4.0,39614.0,王朔,0.2653036584854126,Q693778,Geography.Regions.Asia.Asia*,39614.0,2533.311100891885,2.0,2569.0
1308,4.0,39614.0,王朔,0.22388027811050412,Q693778,Geography.Regions.Asia.East_Asia,39614.0,2533.311100891885,2.0,2569.0
1309,4.0,39614.0,王朔,0.1067005917429924,Q693778,Culture.Literature,39614.0,2533.311100891885,2.0,2569.0
1310,18.0,39676.0,美联社,0.4301573634147644,Q40469,Culture.Media.Media*,39676.0,126506.48260063572,3.0,2892.0
1311,18.0,39676.0,美联社,0.26285186409950256,Q40469,History_and_Society.Business_and_economics,39676.0,126506.48260063572,3.0,2892.0
1312,18.0,39676.0,美联社,0.13297423720359802,Q40469,STEM.STEM*,39676.0,126506.48260063572,3.0,2892.0
1313,18.0,39676.0,美联社,0.12253321707248688,Q40469,History_and_Society.Education,39676.0,126506.48260063572,3.0,2892.0
1314,18.0,39676.0,美联社,0.0,Q40469,Geography.Regions.Americas.North_America,39676.0,126506.48260063572,3.0,2892.0
1315,18.0,39676.0,美联社,0.0,Q40469,Geography.Regions.Europe.Europe*,39676.0,126506.48260063572,3.0,2892.0
1316,6.0,39721.0,荷鲁斯,0.9688661694526672,Q84122,History_and_Society.History,39721.0,3650.2452706916993,11.0,3270.0
1317,6.0,39721.0,荷鲁斯,0.5775054097175598,Q84122,Culture.Philosophy_and_religion,39721.0,3650.2452706916993,11.0,3270.0
1318,6.0,39721.0,荷鲁斯,0.5698626637458801,Q84122,Culture.Literature,39721.0,3650.2452706916993,11.0,3270.0
1319,6.0,39721.0,荷鲁斯,0.4765896201133728,Q84122,Culture.Biography.Biography*,39721.0,3650.2452706916993,11.0,3270.0
1320,6.0,39721.0,荷鲁斯,0.0,Q84122,Geography.Regions.Europe.Europe*,39721.0,3650.2452706916993,11.0,3270.0
1321,11.0,39958.0,法老,0.7186043858528137,Q37110,History_and_Society.History,39958.0,15151.140889935996,11.0,2154.0
1322,11.0,39958.0,法老,0.1732981950044632,Q37110,Culture.Philosophy_and_religion,39958.0,15151.140889935996,11.0,2154.0
1323,11.0,39958.0,法老,0.1259327530860901,Q37110,Culture.Biography.Biography*,39958.0,15151.140889935996,11.0,2154.0
1324,14.0,40005.0,萨尔瓦多,0.9539760947227478,Q792,Geography.Geographical,40005.0,24297.893408425512,10.0,3133.0
1325,14.0,40005.0,萨尔瓦多,0.7371681928634644,Q792,Geography.Regions.Americas.Central_America,40005.0,24297.893408425512,10.0,3133.0
1326,14.0,40005.0,萨尔瓦多,0.15611489117145538,Q792,Geography.Regions.Europe.Europe*,40005.0,24297.893408425512,10.0,3133.0
1327,14.0,40005.0,萨尔瓦多,0.1294127255678177,Q792,History_and_Society.Society,40005.0,24297.893408425512,10.0,3133.0
1328,8.0,40079.0,花生,0.9951046109199524,Q37383,STEM.Biology,40079.0,24519.056436883824,10.0,3086.0
1329,8.0,40079.0,花生,0.9951046109199524,Q37383,STEM.STEM*,40079.0,24519.056436883824,10.0,3086.0
1330,8.0,40079.0,花生,0.5078218579292297,Q37383,Culture.Food_and_drink,40079.0,24519.056436883824,10.0,3086.0
1331,8.0,40079.0,花生,0.0,Q37383,Geography.Regions.Asia.Asia*,40079.0,24519.056436883824,10.0,3086.0
1332,3.0,40214.0,台新國際商業銀行,0.9591643214225768,Q7676420,History_and_Society.Business_and_economics,40214.0,885.2049144116808,10.0,2611.0
1333,3.0,40214.0,台新國際商業銀行,0.7826725244522095,Q7676420,Culture.Biography.Biography*,40214.0,885.2049144116808,10.0,2611.0
1334,3.0,40214.0,台新國際商業銀行,0.6926519870758057,Q7676420,History_and_Society.Society,40214.0,885.2049144116808,10.0,2611.0
1335,3.0,40214.0,台新國際商業銀行,0.4990100135803223,Q7676420,Geography.Regions.Asia.East_Asia,40214.0,885.2049144116808,10.0,2611.0
1336,3.0,40214.0,台新國際商業銀行,0.4976850023269653,Q7676420,Geography.Regions.Asia.Asia*,40214.0,885.2049144116808,10.0,2611.0
1337,9.0,40227.0,刘晓庆,0.9970290064811708,Q697930,Culture.Biography.Biography*,40227.0,9374.252934595252,12.0,2726.0
1338,9.0,40227.0,刘晓庆,0.6001983880996704,Q697930,Culture.Biography.Women,40227.0,9374.252934595252,12.0,2726.0
1339,9.0,40227.0,刘晓庆,0.32119916582107544,Q697930,Geography.Regions.Asia.Asia*,40227.0,9374.252934595252,12.0,2726.0
1340,9.0,40227.0,刘晓庆,0.270853506565094,Q697930,Geography.Regions.Asia.East_Asia,40227.0,9374.252934595252,12.0,2726.0
1341,9.0,40227.0,刘晓庆,0.1732981950044632,Q697930,History_and_Society.Society,40227.0,9374.252934595252,12.0,2726.0
1342,9.0,40227.0,刘晓庆,0.1259327530860901,Q697930,Culture.Media.Media*,40227.0,9374.252934595252,12.0,2726.0
1343,2.0,40292.0,江世俊,0.9802908897399902,Q11133618,Culture.Biography.Biography*,40292.0,3942.0000000000014,15.0,1914.0
1344,2.0,40292.0,江世俊,0.4773946871757507,Q11133618,Geography.Regions.Asia.East_Asia,40292.0,3942.0000000000014,15.0,1914.0
1345,2.0,40292.0,江世俊,0.4696977605819702,Q11133618,Geography.Regions.Asia.Asia*,40292.0,3942.0000000000014,15.0,1914.0
1346,2.0,40292.0,江世俊,0.10088862478733064,Q11133618,Culture.Sports,40292.0,3942.0000000000014,15.0,1914.0
1347,21.0,40398.0,中国东方航空,0.9859463572502136,Q291796,STEM.Engineering,40398.0,44284.431179158244,10.0,3538.0
1348,21.0,40398.0,中国东方航空,0.9808859825134276,Q291796,History_and_Society.Transportation,40398.0,44284.431179158244,10.0,3538.0
1349,21.0,40398.0,中国东方航空,0.9481645226478576,Q291796,STEM.STEM*,40398.0,44284.431179158244,10.0,3538.0
1350,21.0,40398.0,中国东方航空,0.7931159734725952,Q291796,History_and_Society.Business_and_economics,40398.0,44284.431179158244,10.0,3538.0
1351,21.0,40398.0,中国东方航空,0.3429050912857056,Q291796,Geography.Regions.Asia.Asia*,40398.0,44284.431179158244,10.0,3538.0
1352,21.0,40398.0,中国东方航空,0.3257217874526977,Q291796,Geography.Regions.Asia.East_Asia,40398.0,44284.431179158244,10.0,3538.0
1353,2.0,40498.0,虫虫危机,0.9952548146247864,Q216153,Culture.Media.Films,40498.0,6204.380875435793,3.0,2490.0
1354,2.0,40498.0,虫虫危机,0.994455099105835,Q216153,Culture.Media.Media*,40498.0,6204.380875435793,3.0,2490.0
1355,2.0,40498.0,虫虫危机,0.2069040536880493,Q216153,Culture.Media.Entertainment,40498.0,6204.380875435793,3.0,2490.0
1356,2.0,40498.0,虫虫危机,0.14415885508060455,Q216153,STEM.STEM*,40498.0,6204.380875435793,3.0,2490.0
1357,2.0,40498.0,虫虫危机,0.11280541121959685,Q216153,STEM.Biology,40498.0,6204.380875435793,3.0,2490.0
1358,2.0,40498.0,虫虫危机,0.1097157895565033,Q216153,Culture.Literature,40498.0,6204.380875435793,3.0,2490.0
1359,2.0,40498.0,虫虫危机,0.06118653917312623,Q216153,Geography.Regions.Americas.North_America,40498.0,6204.380875435793,3.0,2490.0
1360,2.0,40534.0,幾米,0.9996179938316344,Q6200639,Culture.Biography.Biography*,40534.0,759.9410910162262,13.0,2812.0
1361,2.0,40534.0,幾米,0.5775054097175598,Q6200639,History_and_Society.Society,40534.0,759.9410910162262,13.0,2812.0
1362,2.0,40534.0,幾米,0.24217800998687744,Q6200639,Geography.Regions.Asia.East_Asia,40534.0,759.9410910162262,13.0,2812.0
1363,2.0,40534.0,幾米,0.15742753648757934,Q6200639,Geography.Regions.Asia.Asia*,40534.0,759.9410910162262,13.0,2812.0
1364,2.0,40534.0,幾米,0.1520422399044037,Q6200639,Culture.Literature,40534.0,759.9410910162262,13.0,2812.0
1365,2.0,40534.0,幾米,0.14034625887870789,Q6200639,Culture.Media.Media*,40534.0,759.9410910162262,13.0,2812.0
1366,9.0,40688.0,吐蕃,0.6513648629188538,Q2431480,History_and_Society.History,40688.0,39710.25520654568,11.0,2966.0
1367,9.0,40688.0,吐蕃,0.0,Q2431480,Geography.Regions.Asia.Asia*,40688.0,39710.25520654568,11.0,2966.0
1368,9.0,40688.0,吐蕃,0.0,Q2431480,Geography.Regions.Asia.East_Asia,40688.0,39710.25520654568,11.0,2966.0
1369,1.0,40707.0,紅移,0.9790457487106324,Q76250,STEM.STEM*,40707.0,0.0,16.0,2191.0
1370,1.0,40707.0,紅移,0.4765896201133728,Q76250,STEM.Physics,40707.0,0.0,16.0,2191.0
1371,1.0,40707.0,紅移,0.1732981950044632,Q76250,STEM.Technology,40707.0,0.0,16.0,2191.0
1372,1.0,40707.0,紅移,0.13297423720359802,Q76250,STEM.Space,40707.0,0.0,16.0,2191.0
1373,1.0,40780.0,璦琿條約,0.8634016513824463,Q618292,History_and_Society.Military_and_warfare,40780.0,0.0,10.0,2431.0
1374,1.0,40780.0,璦琿條約,0.8080772161483765,Q618292,History_and_Society.Society,40780.0,0.0,10.0,2431.0
1375,1.0,40780.0,璦琿條約,0.38304929637908935,Q618292,Geography.Regions.Asia.Asia*,40780.0,0.0,10.0,2431.0
1376,1.0,40780.0,璦琿條約,0.3557848632335663,Q618292,History_and_Society.History,40780.0,0.0,10.0,2431.0
1377,1.0,40780.0,璦琿條約,0.3415925204753876,Q618292,History_and_Society.Politics_and_government,40780.0,0.0,10.0,2431.0
1378,1.0,40780.0,璦琿條約,0.23006861114501956,Q618292,Geography.Regions.Asia.East_Asia,40780.0,0.0,10.0,2431.0
1379,13.0,40807.0,中壢區,1.0000100135803225,Q172146,Culture.Biography.Biography*,40807.0,72935.86419861889,4.0,3780.0
1380,13.0,40807.0,中壢區,0.9978272914886476,Q172146,History_and_Society.Society,40807.0,72935.86419861889,4.0,3780.0
1381,13.0,40807.0,中壢區,0.9935217499732972,Q172146,Geography.Geographical,40807.0,72935.86419861889,4.0,3780.0
1382,13.0,40807.0,中壢區,0.9841036200523376,Q172146,Geography.Regions.Asia.East_Asia,40807.0,72935.86419861889,4.0,3780.0
1383,13.0,40807.0,中壢區,0.951152205467224,Q172146,Geography.Regions.Asia.Asia*,40807.0,72935.86419861889,4.0,3780.0
1384,2.0,41030.0,北京条约,0.8596737384796143,Q604938,History_and_Society.Society,41030.0,0.0,13.0,2763.0
1385,2.0,41030.0,北京条约,0.4649096002578735,Q604938,Geography.Regions.Asia.Asia*,41030.0,0.0,13.0,2763.0
1386,2.0,41030.0,北京条约,0.4114462008476257,Q604938,Geography.Regions.Asia.East_Asia,41030.0,0.0,13.0,2763.0
1387,2.0,41030.0,北京条约,0.24509501457214355,Q604938,History_and_Society.History,41030.0,0.0,13.0,2763.0
1388,2.0,41030.0,北京条约,0.2227101624011993,Q604938,History_and_Society.Military_and_warfare,41030.0,0.0,13.0,2763.0
1389,2.0,41030.0,北京条约,0.1968362182378769,Q604938,History_and_Society.Politics_and_government,41030.0,0.0,13.0,2763.0
1390,2.0,41030.0,北京条约,0.1259327530860901,Q604938,Culture.Philosophy_and_religion,41030.0,0.0,13.0,2763.0
1391,1.0,41337.0,藤原鎌足,0.9099169969558716,Q433995,Culture.Biography.Biography*,41337.0,0.0,13.0,2169.0
1392,1.0,41337.0,藤原鎌足,0.4486793746948242,Q433995,Geography.Regions.Asia.Asia*,41337.0,0.0,13.0,2169.0
1393,1.0,41337.0,藤原鎌足,0.4440047016143799,Q433995,Geography.Regions.Asia.East_Asia,41337.0,0.0,13.0,2169.0
1394,1.0,41337.0,藤原鎌足,0.1259327530860901,Q433995,History_and_Society.History,41337.0,0.0,13.0,2169.0
1395,3.0,41553.0,馬榮成,0.967909336090088,Q6720846,Culture.Biography.Biography*,41553.0,5824.286721075337,12.0,2494.0
1396,3.0,41553.0,馬榮成,0.4687954058647156,Q6720846,Geography.Regions.Asia.East_Asia,41553.0,5824.286721075337,12.0,2494.0
1397,3.0,41553.0,馬榮成,0.4610267877578736,Q6720846,Culture.Literature,41553.0,5824.286721075337,12.0,2494.0
1398,3.0,41553.0,馬榮成,0.4314633479118347,Q6720846,Geography.Regions.Asia.Asia*,41553.0,5824.286721075337,12.0,2494.0
1399,3.0,41553.0,馬榮成,0.4225146472454071,Q6720846,Culture.Visual_arts.Comics_and_Anime,41553.0,5824.286721075337,12.0,2494.0
1400,3.0,41553.0,馬榮成,0.275139719247818,Q6720846,Culture.Visual_arts.Visual_arts*,41553.0,5824.286721075337,12.0,2494.0
1401,4.0,41600.0,刘翔,1.0000100135803225,Q211088,Culture.Biography.Biography*,41600.0,12200.76754379319,13.0,6011.0
1402,4.0,41600.0,刘翔,0.99745911359787,Q211088,Culture.Sports,41600.0,12200.76754379319,13.0,6011.0
1403,4.0,41600.0,刘翔,0.0,Q211088,Geography.Regions.Asia.Asia*,41600.0,12200.76754379319,13.0,6011.0
1404,4.0,41600.0,刘翔,0.0,Q211088,Geography.Regions.Asia.East_Asia,41600.0,12200.76754379319,13.0,6011.0
1405,3.0,41787.0,吳三連,0.9995794296264648,Q10918574,Culture.Biography.Biography*,41787.0,2698.7135295539906,2.0,1758.0
1406,3.0,41787.0,吳三連,0.8962613940238953,Q10918574,History_and_Society.Society,41787.0,2698.7135295539906,2.0,1758.0
1407,3.0,41787.0,吳三連,0.4954163899421692,Q10918574,Geography.Regions.Asia.East_Asia,41787.0,2698.7135295539906,2.0,1758.0
1408,3.0,41787.0,吳三連,0.4898843636512756,Q10918574,Geography.Regions.Asia.Asia*,41787.0,2698.7135295539906,2.0,1758.0
1409,2.0,41814.0,驴,0.9830951094627379,Q19707,STEM.STEM*,41814.0,418.0020779383621,10.0,2523.0
1410,2.0,41814.0,驴,0.9796776771545409,Q19707,STEM.Biology,41814.0,418.0020779383621,10.0,2523.0
1411,2.0,41814.0,驴,0.5698626637458801,Q19707,History_and_Society.Society,41814.0,418.0020779383621,10.0,2523.0
1412,2.0,41814.0,驴,0.11921291798353195,Q19707,Culture.Food_and_drink,41814.0,418.0020779383621,10.0,2523.0
1413,2.0,41814.0,驴,0.0,Q19707,Geography.Regions.Asia.East_Asia,41814.0,418.0020779383621,10.0,2523.0
1414,2.0,41814.0,驴,0.0,Q19707,Geography.Regions.Asia.Asia*,41814.0,418.0020779383621,10.0,2523.0
1415,2.0,41814.0,驴,0.0,Q19707,Geography.Regions.Africa.Africa*,41814.0,418.0020779383621,10.0,2523.0
1416,2.0,41814.0,驴,0.0,Q19707,Geography.Regions.Americas.Central_America,41814.0,418.0020779383621,10.0,2523.0
1417,2.0,41814.0,驴,0.0,Q19707,Geography.Regions.Oceania,41814.0,418.0020779383621,10.0,2523.0
1418,5.0,41941.0,阿育王,0.9626831412315368,Q8589,Culture.Biography.Biography*,41941.0,2851.9372807617933,11.0,1924.0
1419,5.0,41941.0,阿育王,0.7122421860694885,Q8589,Culture.Philosophy_and_religion,41941.0,2851.9372807617933,11.0,1924.0
1420,5.0,41941.0,阿育王,0.5775054097175598,Q8589,History_and_Society.History,41941.0,2851.9372807617933,11.0,1924.0
1421,5.0,41941.0,阿育王,0.3981314172744751,Q8589,Geography.Regions.Asia.Asia*,41941.0,2851.9372807617933,11.0,1924.0
1422,5.0,41941.0,阿育王,0.09167657995224,Q8589,Geography.Regions.Asia.South_Asia,41941.0,2851.9372807617933,11.0,1924.0
1423,3.0,42131.0,蔗糖,0.9648651480674744,Q4027534,STEM.STEM*,42131.0,4988.281631361103,11.0,3023.0
1424,3.0,42131.0,蔗糖,0.8221991658210754,Q4027534,STEM.Chemistry,42131.0,4988.281631361103,11.0,3023.0
1425,3.0,42131.0,蔗糖,0.14805719256401062,Q4027534,STEM.Medicine_&_Health,42131.0,4988.281631361103,11.0,3023.0
1426,3.0,42131.0,蔗糖,0.14415885508060455,Q4027534,Culture.Food_and_drink,42131.0,4988.281631361103,11.0,3023.0
1427,9.0,42237.0,綠黨 (臺灣),0.9988405108451844,Q713302,History_and_Society.Society,42237.0,32856.71761367933,2.0,2320.0
1428,9.0,42237.0,綠黨 (臺灣),0.998599648475647,Q713302,Culture.Biography.Biography*,42237.0,32856.71761367933,2.0,2320.0
1429,9.0,42237.0,綠黨 (臺灣),0.9755869507789612,Q713302,History_and_Society.Politics_and_government,42237.0,32856.71761367933,2.0,2320.0
1430,9.0,42237.0,綠黨 (臺灣),0.4906942119598389,Q713302,Geography.Regions.Asia.East_Asia,42237.0,32856.71761367933,2.0,2320.0
1431,9.0,42237.0,綠黨 (臺灣),0.4294682612419128,Q713302,Geography.Regions.Asia.Asia*,42237.0,32856.71761367933,2.0,2320.0
1432,9.0,42237.0,綠黨 (臺灣),0.1778208613395691,Q713302,STEM.Earth_and_environment,42237.0,32856.71761367933,2.0,2320.0
1433,9.0,42237.0,綠黨 (臺灣),0.14805719256401062,Q713302,STEM.STEM*,42237.0,32856.71761367933,2.0,2320.0
1434,1.0,42312.0,地球大合唱,0.8774868249893188,Q10928354,Culture.Media.Music,42312.0,0.0,12.0,2307.0
1435,1.0,42312.0,地球大合唱,0.8311530351638794,Q10928354,Culture.Media.Media*,42312.0,0.0,12.0,2307.0
1436,1.0,42312.0,地球大合唱,0.4730526676177978,Q10928354,Geography.Regions.Asia.Asia*,42312.0,0.0,12.0,2307.0
1437,1.0,42312.0,地球大合唱,0.4722507467269898,Q10928354,Geography.Regions.Asia.East_Asia,42312.0,0.0,12.0,2307.0
1438,2.0,42392.0,别斯兰人质危机,0.7248802781105042,Q193733,History_and_Society.Politics_and_government,42392.0,0.0,10.0,1646.0
1439,2.0,42392.0,别斯兰人质危机,0.5544804334640503,Q193733,History_and_Society.Society,42392.0,0.0,10.0,1646.0
1440,2.0,42392.0,别斯兰人质危机,0.5078218579292297,Q193733,History_and_Society.Military_and_warfare,42392.0,0.0,10.0,1646.0
1441,2.0,42392.0,别斯兰人质危机,0.5078218579292297,Q193733,Geography.Regions.Europe.Europe*,42392.0,0.0,10.0,1646.0
1442,2.0,42392.0,别斯兰人质危机,0.5000100135803223,Q193733,Geography.Regions.Asia.Asia*,42392.0,0.0,10.0,1646.0
1443,2.0,42392.0,别斯兰人质危机,0.3775506913661957,Q193733,Culture.Philosophy_and_religion,42392.0,0.0,10.0,1646.0
1444,2.0,42392.0,别斯兰人质危机,0.3629792034626007,Q193733,Geography.Regions.Europe.Eastern_Europe,42392.0,0.0,10.0,1646.0
1445,2.0,42392.0,别斯兰人质危机,0.33459946513175964,Q193733,STEM.STEM*,42392.0,0.0,10.0,1646.0
1446,2.0,42392.0,别斯兰人质危机,0.26285186409950256,Q193733,Geography.Regions.Asia.West_Asia,42392.0,0.0,10.0,1646.0
1447,2.0,42392.0,别斯兰人质危机,0.14034625887870789,Q193733,STEM.Technology,42392.0,0.0,10.0,1646.0
1448,2.0,42392.0,别斯兰人质危机,0.11921291798353195,Q193733,History_and_Society.Transportation,42392.0,0.0,10.0,1646.0
1449,4.0,42667.0,教育電視 (香港電台),0.8519628047943115,Q5341265,Culture.Media.Media*,42667.0,5296.236524625954,11.0,1316.0
1450,4.0,42667.0,教育電視 (香港電台),0.6859594583511353,Q5341265,Culture.Media.Television,42667.0,5296.236524625954,11.0,1316.0
1451,4.0,42667.0,教育電視 (香港電台),0.4114462008476257,Q5341265,Geography.Regions.Asia.East_Asia,42667.0,5296.236524625954,11.0,1316.0
1452,4.0,42667.0,教育電視 (香港電台),0.13604079389572146,Q5341265,Geography.Regions.Asia.Asia*,42667.0,5296.236524625954,11.0,1316.0
1453,1.0,42918.0,羅馬假期,0.99219411611557,Q201293,Culture.Media.Films,42918.0,0.0,6.0,2877.0
1454,1.0,42918.0,羅馬假期,0.9808859825134276,Q201293,Culture.Media.Media*,42918.0,0.0,6.0,2877.0
1455,1.0,42918.0,羅馬假期,0.0,Q201293,Geography.Regions.Americas.North_America,42918.0,0.0,6.0,2877.0
1456,13.0,43261.0,宋理宗,0.9987651705741882,Q7497,Culture.Biography.Biography*,43261.0,36077.30900718112,15.0,3214.0
1457,13.0,43261.0,宋理宗,0.4983433356285095,Q7497,Geography.Regions.Asia.East_Asia,43261.0,36077.30900718112,15.0,3214.0
1458,13.0,43261.0,宋理宗,0.4936250915527344,Q7497,Geography.Regions.Asia.Asia*,43261.0,36077.30900718112,15.0,3214.0
1459,13.0,43261.0,宋理宗,0.19194278120994568,Q7497,History_and_Society.Society,43261.0,36077.30900718112,15.0,3214.0
1460,10.0,43310.0,陈赓,0.9886782765388488,Q697686,Culture.Biography.Biography*,43310.0,14296.490697820933,1.0,2534.0
1461,10.0,43310.0,陈赓,0.7931159734725952,Q697686,History_and_Society.Military_and_warfare,43310.0,14296.490697820933,1.0,2534.0
1462,10.0,43310.0,陈赓,0.4659240117073059,Q697686,Geography.Regions.Asia.East_Asia,43310.0,14296.490697820933,1.0,2534.0
1463,10.0,43310.0,陈赓,0.4456066956520081,Q697686,Geography.Regions.Asia.Asia*,43310.0,14296.490697820933,1.0,2534.0
1464,8.0,43413.0,蒲隆地,0.9124462008476256,Q967,Geography.Geographical,43413.0,17599.88345542758,1.0,3126.0
1465,8.0,43413.0,蒲隆地,0.3557848632335663,Q967,Geography.Regions.Africa.Africa*,43413.0,17599.88345542758,1.0,3126.0
1466,8.0,43413.0,蒲隆地,0.18714269995689392,Q967,Geography.Regions.Europe.Europe*,43413.0,17599.88345542758,1.0,3126.0
1467,8.0,43413.0,蒲隆地,0.12253321707248688,Q967,History_and_Society.Society,43413.0,17599.88345542758,1.0,3126.0
1468,2.0,44296.0,沙丘系列小說,0.984585464000702,Q6095696,Culture.Media.Media*,44296.0,0.0,6.0,2246.0
1469,2.0,44296.0,沙丘系列小說,0.9836069941520692,Q6095696,Culture.Media.Books,44296.0,0.0,6.0,2246.0
1470,2.0,44296.0,沙丘系列小說,0.9697954058647156,Q6095696,Culture.Literature,44296.0,0.0,6.0,2246.0
1471,2.0,44296.0,沙丘系列小說,0.9362950325012208,Q6095696,Culture.Media.Entertainment,44296.0,0.0,6.0,2246.0
1472,5.0,44720.0,梨花女子大學,0.9883227348327636,Q41114,History_and_Society.Education,44720.0,25146.975359409702,0.0,2171.0
1473,5.0,44720.0,梨花女子大學,0.9284188151359558,Q41114,Geography.Regions.Asia.Asia*,44720.0,25146.975359409702,0.0,2171.0
1474,5.0,44720.0,梨花女子大學,0.9263137578964232,Q41114,Geography.Regions.Asia.East_Asia,44720.0,25146.975359409702,0.0,2171.0
1475,2.0,44727.0,梁燕城,0.91965252161026,Q8999427,Culture.Philosophy_and_religion,44727.0,1452.560787645912,2.0,1483.0
1476,2.0,44727.0,梁燕城,0.8706072568893433,Q8999427,Culture.Biography.Biography*,44727.0,1452.560787645912,2.0,1483.0
1477,2.0,44727.0,梁燕城,0.3624016513824463,Q8999427,Geography.Regions.Asia.Asia*,44727.0,1452.560787645912,2.0,1483.0
1478,2.0,44727.0,梁燕城,0.3344935646057129,Q8999427,Geography.Regions.Asia.East_Asia,44727.0,1452.560787645912,2.0,1483.0
1479,5.0,44765.0,格奥尔格·弗里德里希·亨德尔,0.9931061863899232,Q7302,Culture.Biography.Biography*,44765.0,7964.225355926228,11.0,150.0
1480,5.0,44765.0,格奥尔格·弗里德里希·亨德尔,0.8558611869812012,Q7302,Culture.Media.Music,44765.0,7964.225355926228,11.0,150.0
1481,5.0,44765.0,格奥尔格·弗里德里希·亨德尔,0.8519628047943115,Q7302,Culture.Media.Media*,44765.0,7964.225355926228,11.0,150.0
1482,5.0,44765.0,格奥尔格·弗里德里希·亨德尔,0.3165845146179199,Q7302,Geography.Regions.Europe.Europe*,44765.0,7964.225355926228,11.0,150.0
1483,5.0,44765.0,格奥尔格·弗里德里希·亨德尔,0.2393593490123749,Q7302,Culture.Performing_arts,44765.0,7964.225355926228,11.0,150.0
1484,5.0,44765.0,格奥尔格·弗里德里希·亨德尔,0.0,Q7302,Geography.Regions.Europe.Western_Europe,44765.0,7964.225355926228,11.0,150.0
1485,5.0,44765.0,格奥尔格·弗里德里希·亨德尔,0.0,Q7302,Geography.Regions.Europe.Northern_Europe,44765.0,7964.225355926228,11.0,150.0
1486,2.0,45248.0,保羅·高更,0.9951046109199524,Q37693,Culture.Biography.Biography*,45248.0,3942.0,5.0,2925.0
1487,2.0,45248.0,保羅·高更,0.546748161315918,Q37693,Culture.Visual_arts.Visual_arts*,45248.0,3942.0,5.0,2925.0
1488,2.0,45248.0,保羅·高更,0.15036486291885376,Q37693,Geography.Regions.Europe.Europe*,45248.0,3942.0,5.0,2925.0
1489,2.0,45248.0,保羅·高更,0.037993239402771,Q37693,Geography.Regions.Europe.Western_Europe,45248.0,3942.0,5.0,2925.0
1490,2.0,45478.0,頭條新聞 (香港電台),0.9046605229377748,Q5689789,Culture.Media.Media*,45478.0,4674.702724738399,3.0,2413.0
1491,2.0,45478.0,頭條新聞 (香港電台),0.8774868249893188,Q5689789,Culture.Media.Television,45478.0,4674.702724738399,3.0,2413.0
1492,2.0,45478.0,頭條新聞 (香港電台),0.4911941161155701,Q5689789,Geography.Regions.Asia.East_Asia,45478.0,4674.702724738399,3.0,2413.0
1493,2.0,45478.0,頭條新聞 (香港電台),0.4840529432296753,Q5689789,Geography.Regions.Asia.Asia*,45478.0,4674.702724738399,3.0,2413.0
1494,7.0,45481.0,警訊,0.8080772161483765,Q7209501,Culture.Media.Television,45481.0,17668.614435342737,3.0,2502.0
1495,7.0,45481.0,警訊,0.6297846436500549,Q7209501,Culture.Media.Media*,45481.0,17668.614435342737,3.0,2502.0
1496,7.0,45481.0,警訊,0.4857871999740601,Q7209501,Geography.Regions.Asia.East_Asia,45481.0,17668.614435342737,3.0,2502.0
1497,7.0,45481.0,警訊,0.4705740084648132,Q7209501,Geography.Regions.Asia.Asia*,45481.0,17668.614435342737,3.0,2502.0
1498,1.0,45568.0,LMF,0.8933194279670715,Q3321310,Culture.Media.Music,45568.0,0.0,12.0,2186.0
1499,1.0,45568.0,LMF,0.6224693655967712,Q3321310,Culture.Media.Media*,45568.0,0.0,12.0,2186.0
1500,1.0,45568.0,LMF,0.585111141204834,Q3321310,Culture.Biography.Biography*,45568.0,0.0,12.0,2186.0
1501,1.0,45568.0,LMF,0.4969592561721802,Q3321310,Geography.Regions.Asia.East_Asia,45568.0,0.0,12.0,2186.0
1502,1.0,45568.0,LMF,0.4893015494346618,Q3321310,Geography.Regions.Asia.Asia*,45568.0,0.0,12.0,2186.0
1503,6.0,45595.0,I Love You Boyz,0.8706072568893433,Q10851049,Culture.Biography.Biography*,45595.0,5915.3953320586,12.0,1522.0
1504,6.0,45595.0,I Love You Boyz,0.0,Q10851049,Geography.Regions.Asia.Asia*,45595.0,5915.3953320586,12.0,1522.0
1505,6.0,45595.0,I Love You Boyz,0.0,Q10851049,Geography.Regions.Europe.Europe*,45595.0,5915.3953320586,12.0,1522.0
1506,6.0,45595.0,I Love You Boyz,0.0,Q10851049,Geography.Regions.Europe.Northern_Europe,45595.0,5915.3953320586,12.0,1522.0
1507,6.0,45728.0,阮玲玉,0.9916942119598388,Q254196,Culture.Biography.Biography*,45728.0,6165.365791301176,12.0,3062.0
1508,6.0,45728.0,阮玲玉,0.8031837940216064,Q254196,Culture.Biography.Women,45728.0,6165.365791301176,12.0,3062.0
1509,6.0,45728.0,阮玲玉,0.4294682612419128,Q254196,Geography.Regions.Asia.East_Asia,45728.0,6165.365791301176,12.0,3062.0
1510,6.0,45728.0,阮玲玉,0.3981314172744751,Q254196,Geography.Regions.Asia.Asia*,45728.0,6165.365791301176,12.0,3062.0
1511,6.0,45728.0,阮玲玉,0.2814156115055084,Q254196,History_and_Society.History,45728.0,6165.365791301176,12.0,3062.0
1512,23.0,45759.0,中華民國外交部,0.998142421245575,Q697158,Culture.Biography.Biography*,45759.0,43562.892799550515,5.0,3230.0
1513,23.0,45759.0,中華民國外交部,0.9937201142311096,Q697158,History_and_Society.Society,45759.0,43562.892799550515,5.0,3230.0
1514,23.0,45759.0,中華民國外交部,0.9748311638832092,Q697158,History_and_Society.Politics_and_government,45759.0,43562.892799550515,5.0,3230.0
1515,23.0,45759.0,中華民國外交部,0.4904325475692749,Q697158,Geography.Regions.Asia.East_Asia,45759.0,43562.892799550515,5.0,3230.0
1516,23.0,45759.0,中華民國外交部,0.4678661694526672,Q697158,Geography.Regions.Asia.Asia*,45759.0,43562.892799550515,5.0,3230.0
1517,20.0,45959.0,英国政治,0.94500470161438,Q678363,History_and_Society.Politics_and_government,45959.0,4080.178028702291,1.0,2209.0
1518,20.0,45959.0,英国政治,0.0,Q678363,Geography.Regions.Europe.Europe*,45959.0,4080.178028702291,1.0,2209.0
1519,15.0,46023.0,中華民國教育部,0.996837317943573,Q697093,Culture.Biography.Biography*,46023.0,68225.7620062626,5.0,2836.0
1520,15.0,46023.0,中華民國教育部,0.99567848443985,Q697093,History_and_Society.Society,46023.0,68225.7620062626,5.0,2836.0
1521,15.0,46023.0,中華民國教育部,0.7431780099868774,Q697093,History_and_Society.Politics_and_government,46023.0,68225.7620062626,5.0,2836.0
1522,15.0,46023.0,中華民國教育部,0.4876782765388489,Q697093,Geography.Regions.Asia.East_Asia,46023.0,68225.7620062626,5.0,2836.0
1523,15.0,46023.0,中華民國教育部,0.4773946871757507,Q697093,Geography.Regions.Asia.Asia*,46023.0,68225.7620062626,5.0,2836.0
1524,15.0,46023.0,中華民國教育部,0.2568419873714447,Q697093,STEM.STEM*,46023.0,68225.7620062626,5.0,2836.0
1525,15.0,46023.0,中華民國教育部,0.2069040536880493,Q697093,History_and_Society.Education,46023.0,68225.7620062626,5.0,2836.0
1526,15.0,46023.0,中華民國教育部,0.18714269995689392,Q697093,History_and_Society.Business_and_economics,46023.0,68225.7620062626,5.0,2836.0
1527,5.0,46918.0,红海,0.6992644667625427,Q23406,Geography.Geographical,46918.0,2632.099646517085,11.0,1810.0
1528,5.0,46918.0,红海,0.2814156115055084,Q23406,History_and_Society.Society,46918.0,2632.099646517085,11.0,1810.0
1529,5.0,46918.0,红海,0.22816647589206696,Q23406,Geography.Regions.Europe.Europe*,46918.0,2632.099646517085,11.0,1810.0
1530,5.0,46918.0,红海,0.16452647745609286,Q23406,History_and_Society.History,46918.0,2632.099646517085,11.0,1810.0
1531,5.0,46918.0,红海,0.14034625887870789,Q23406,Geography.Regions.Asia.Asia*,46918.0,2632.099646517085,11.0,1810.0
1532,5.0,46918.0,红海,0.13297423720359802,Q23406,Culture.Philosophy_and_religion,46918.0,2632.099646517085,11.0,1810.0
1533,5.0,46918.0,红海,0.1259327530860901,Q23406,STEM.STEM*,46918.0,2632.099646517085,11.0,1810.0
1534,5.0,46918.0,红海,0.1067005917429924,Q23406,Geography.Regions.Europe.Southern_Europe,46918.0,2632.099646517085,11.0,1810.0
1535,5.0,46918.0,红海,0.10375863313674928,Q23406,Geography.Regions.Africa.Africa*,46918.0,2632.099646517085,11.0,1810.0
1536,21.0,47391.0,國家元首,0.7186043858528137,Q48352,History_and_Society.Politics_and_government,47391.0,68961.5096250339,1.0,2991.0
1537,21.0,47391.0,國家元首,0.2689514458179474,Q48352,History_and_Society.Business_and_economics,47391.0,68961.5096250339,1.0,2991.0
1538,25.0,47698.0,明鄭時期,0.9362950325012208,Q152855,Geography.Regions.Asia.Asia*,47698.0,149072.4874923301,5.0,2746.0
1539,25.0,47698.0,明鄭時期,0.9173126816749572,Q152855,History_and_Society.Society,47698.0,149072.4874923301,5.0,2746.0
1540,25.0,47698.0,明鄭時期,0.9073222279548644,Q152855,Geography.Regions.Asia.East_Asia,47698.0,149072.4874923301,5.0,2746.0
1541,25.0,47698.0,明鄭時期,0.8175845146179199,Q152855,History_and_Society.History,47698.0,149072.4874923301,5.0,2746.0
1542,25.0,47698.0,明鄭時期,0.6150978803634644,Q152855,Culture.Biography.Biography*,47698.0,149072.4874923301,5.0,2746.0
1543,25.0,47698.0,明鄭時期,0.11921291798353195,Q152855,Geography.Regions.Europe.Europe*,47698.0,149072.4874923301,5.0,2746.0
1544,25.0,47698.0,明鄭時期,0.10088862478733064,Q152855,Geography.Geographical,47698.0,149072.4874923301,5.0,2746.0
1545,5.0,47712.0,國立高雄大學,0.9626831412315368,Q697367,Geography.Regions.Asia.Asia*,47712.0,0.0,0.0,2893.0
1546,5.0,47712.0,國立高雄大學,0.9433575868606568,Q697367,Geography.Regions.Asia.East_Asia,47712.0,0.0,0.0,2893.0
1547,5.0,47712.0,國立高雄大學,0.9241518378257751,Q697367,History_and_Society.Education,47712.0,0.0,0.0,2893.0
1548,5.0,47712.0,國立高雄大學,0.8479777574539185,Q697367,History_and_Society.Society,47712.0,0.0,0.0,2893.0
1549,5.0,47712.0,國立高雄大學,0.8439050912857056,Q697367,Culture.Biography.Biography*,47712.0,0.0,0.0,2893.0
1550,5.0,47712.0,國立高雄大學,0.11921291798353195,Q697367,STEM.STEM*,47712.0,0.0,0.0,2893.0
1551,1.0,47945.0,胡兰成,0.9958112239837646,Q6126973,Culture.Biography.Biography*,47945.0,0.0,15.0,2953.0
1552,1.0,47945.0,胡兰成,0.4471645226478577,Q6126973,Geography.Regions.Asia.Asia*,47945.0,0.0,15.0,2953.0
1553,1.0,47945.0,胡兰成,0.4274188151359558,Q6126973,Geography.Regions.Asia.East_Asia,47945.0,0.0,15.0,2953.0
1554,1.0,47945.0,胡兰成,0.3007555902004242,Q6126973,Culture.Literature,47945.0,0.0,15.0,2953.0
1555,1.0,47945.0,胡兰成,0.16886694729328156,Q6126973,Culture.Media.Media*,47945.0,0.0,15.0,2953.0
1556,10.0,48005.0,淡马锡控股,0.6926519870758057,Q762479,History_and_Society.Business_and_economics,48005.0,8697.3844804623,3.0,15827.0
1557,10.0,48005.0,淡马锡控股,0.4669093360900879,Q762479,Geography.Regions.Asia.Southeast_Asia,48005.0,8697.3844804623,3.0,15827.0
1558,10.0,48005.0,淡马锡控股,0.4605437984466553,Q762479,Geography.Regions.Asia.Asia*,48005.0,8697.3844804623,3.0,15827.0
1559,10.0,48005.0,淡马锡控股,0.2509227991104126,Q762479,STEM.STEM*,48005.0,8697.3844804623,3.0,15827.0
1560,10.0,48005.0,淡马锡控股,0.1778208613395691,Q762479,History_and_Society.Transportation,48005.0,8697.3844804623,3.0,15827.0
1561,10.0,48005.0,淡马锡控股,0.14415885508060455,Q762479,Culture.Media.Media*,48005.0,8697.3844804623,3.0,15827.0
1562,10.0,48005.0,淡马锡控股,0.13661839067935946,Q762479,STEM.Engineering,48005.0,8697.3844804623,3.0,15827.0
1563,3.0,48087.0,魔方,0.8740872144699097,Q47043,Culture.Media.Media*,48087.0,551.0503477102936,6.0,2945.0
1564,3.0,48087.0,魔方,0.8221991658210754,Q47043,Culture.Media.Entertainment,48087.0,551.0503477102936,6.0,2945.0
1565,3.0,48087.0,魔方,0.1520422399044037,Q47043,STEM.STEM*,48087.0,551.0503477102936,6.0,2945.0
1566,3.0,48087.0,魔方,0.11921291798353195,Q47043,History_and_Society.Business_and_economics,48087.0,551.0503477102936,6.0,2945.0
1567,3.0,48087.0,魔方,0.0,Q47043,Geography.Regions.Europe.Europe*,48087.0,551.0503477102936,6.0,2945.0
1568,3.0,48087.0,魔方,0.0,Q47043,Geography.Regions.Europe.Eastern_Europe,48087.0,551.0503477102936,6.0,2945.0
1569,3.0,48180.0,哈特谢普苏特,0.997120440006256,Q129234,History_and_Society.History,48180.0,116.7729336262047,11.0,1902.0
1570,3.0,48180.0,哈特谢普苏特,0.993317186832428,Q129234,Culture.Biography.Biography*,48180.0,116.7729336262047,11.0,1902.0
1571,3.0,48180.0,哈特谢普苏特,0.9099169969558716,Q129234,Culture.Biography.Women,48180.0,116.7729336262047,11.0,1902.0
1572,3.0,48180.0,哈特谢普苏特,0.1520422399044037,Q129234,History_and_Society.Military_and_warfare,48180.0,116.7729336262047,11.0,1902.0
1573,3.0,48180.0,哈特谢普苏特,0.0,Q129234,Geography.Regions.Africa.Africa*,48180.0,116.7729336262047,11.0,1902.0
1574,3.0,48180.0,哈特谢普苏特,0.0,Q129234,Geography.Regions.Africa.Northern_Africa,48180.0,116.7729336262047,11.0,1902.0
1575,18.0,48210.0,東涌綫,0.812877357006073,Q989358,History_and_Society.Transportation,48210.0,30459.91915790645,10.0,3323.0
1576,18.0,48210.0,東涌綫,0.4804634323120117,Q989358,Geography.Regions.Asia.East_Asia,48210.0,30459.91915790645,10.0,3323.0
1577,18.0,48210.0,東涌綫,0.4714247455596924,Q989358,Geography.Regions.Asia.Asia*,48210.0,30459.91915790645,10.0,3323.0
1578,2.0,48284.0,樂府,0.9284188151359558,Q142872,Culture.Literature,48284.0,634.1097129633574,4.0,2692.0
1579,2.0,48284.0,樂府,0.2869412174224853,Q142872,Geography.Regions.Asia.Asia*,48284.0,634.1097129633574,4.0,2692.0
1580,2.0,48284.0,樂府,0.16442059183120727,Q142872,Geography.Regions.Asia.East_Asia,48284.0,634.1097129633574,4.0,2692.0
1581,2.0,48284.0,樂府,0.0,Q142872,Geography.Regions.Asia.South_Asia,48284.0,634.1097129633574,4.0,2692.0
1582,10.0,48316.0,以巴冲突,0.6859594583511353,Q151622,History_and_Society.Military_and_warfare,48316.0,26482.168860625654,11.0,3287.0
1583,10.0,48316.0,以巴冲突,0.4990100135803223,Q151622,Geography.Regions.Asia.West_Asia,48316.0,26482.168860625654,11.0,3287.0
1584,10.0,48316.0,以巴冲突,0.4982306232452393,Q151622,Geography.Regions.Asia.Asia*,48316.0,26482.168860625654,11.0,3287.0
1585,10.0,48316.0,以巴冲突,0.1968362182378769,Q151622,History_and_Society.Society,48316.0,26482.168860625654,11.0,3287.0
1586,10.0,48316.0,以巴冲突,0.19194278120994568,Q151622,History_and_Society.Politics_and_government,48316.0,26482.168860625654,11.0,3287.0
1587,6.0,48323.0,國際金融中心 (香港),0.7431780099868774,Q15246,Geography.Regions.Asia.East_Asia,48323.0,20706.040005587547,10.0,2840.0
1588,6.0,48323.0,國際金融中心 (香港),0.7310686111450195,Q15246,Geography.Regions.Asia.Asia*,48323.0,20706.040005587547,10.0,2840.0
1589,6.0,48323.0,國際金融中心 (香港),0.6150978803634644,Q15246,Culture.Visual_arts.Visual_arts*,48323.0,20706.040005587547,10.0,2840.0
1590,6.0,48323.0,國際金融中心 (香港),0.6001983880996704,Q15246,Culture.Visual_arts.Architecture,48323.0,20706.040005587547,10.0,2840.0
1591,8.0,48687.0,大稻埕,0.9748311638832092,Q392488,Geography.Regions.Asia.Asia*,48687.0,51285.557481850265,4.0,2838.0
1592,8.0,48687.0,大稻埕,0.946606695652008,Q392488,Geography.Regions.Asia.East_Asia,48687.0,51285.557481850265,4.0,2838.0
1593,8.0,48687.0,大稻埕,0.9416641592979432,Q392488,History_and_Society.Society,48687.0,51285.557481850265,4.0,2838.0
1594,8.0,48687.0,大稻埕,0.9099169969558716,Q392488,Culture.Biography.Biography*,48687.0,51285.557481850265,4.0,2838.0
1595,2.0,48943.0,关东州,0.9808859825134276,Q678658,Geography.Regions.Asia.East_Asia,48943.0,7882.0,10.0,1026.0
1596,2.0,48943.0,关东州,0.9416641592979432,Q678658,Geography.Regions.Asia.Asia*,48943.0,7882.0,10.0,1026.0
1597,7.0,48984.0,B-2幽灵战略轰炸机,0.967909336090088,Q180285,History_and_Society.Transportation,48984.0,33388.00167453462,5.0,3299.0
1598,7.0,48984.0,B-2幽灵战略轰炸机,0.9659096002578736,Q180285,History_and_Society.Military_and_warfare,48984.0,33388.00167453462,5.0,3299.0
1599,7.0,48984.0,B-2幽灵战略轰炸机,0.9591643214225768,Q180285,STEM.STEM*,48984.0,33388.00167453462,5.0,3299.0
1600,7.0,48984.0,B-2幽灵战略轰炸机,0.946606695652008,Q180285,STEM.Engineering,48984.0,33388.00167453462,5.0,3299.0
1601,29.0,49299.0,香港島,0.9978272914886476,Q19483,Geography.Regions.Asia.Asia*,49299.0,129961.81930119904,3.0,3176.0
1602,29.0,49299.0,香港島,0.9976868629455566,Q19483,Geography.Regions.Asia.East_Asia,49299.0,129961.81930119904,3.0,3176.0
1603,29.0,49299.0,香港島,0.33459946513175964,Q19483,Geography.Geographical,49299.0,129961.81930119904,3.0,3176.0
1604,6.0,49499.0,大洪水,0.59267657995224,Q134052,History_and_Society.History,49499.0,17330.249582412172,11.0,2689.0
1605,6.0,49499.0,大洪水,0.585111141204834,Q134052,Culture.Philosophy_and_religion,49499.0,17330.249582412172,11.0,2689.0
1606,6.0,49499.0,大洪水,0.5621865391731262,Q134052,STEM.STEM*,49499.0,17330.249582412172,11.0,2689.0
1607,6.0,49499.0,大洪水,0.275139719247818,Q134052,History_and_Society.Society,49499.0,17330.249582412172,11.0,2689.0
1608,6.0,49499.0,大洪水,0.1968362182378769,Q134052,History_and_Society.Politics_and_government,49499.0,17330.249582412172,11.0,2689.0
1609,6.0,49499.0,大洪水,0.1824355274438858,Q134052,Culture.Literature,49499.0,17330.249582412172,11.0,2689.0
1610,6.0,49499.0,大洪水,0.0,Q134052,Geography.Regions.Europe.Europe*,49499.0,17330.249582412172,11.0,2689.0
1611,7.0,49942.0,欽察汗國,0.9755869507789612,Q79965,History_and_Society.History,49942.0,8659.802634172038,11.0,3629.0
1612,7.0,49942.0,欽察汗國,0.546748161315918,Q79965,History_and_Society.Society,49942.0,8659.802634172038,11.0,3629.0
1613,7.0,49942.0,欽察汗國,0.4406641592979431,Q79965,Geography.Regions.Asia.Asia*,49942.0,8659.802634172038,11.0,3629.0
1614,7.0,49942.0,欽察汗國,0.3923194279670715,Q79965,Geography.Regions.Asia.Central_Asia,49942.0,8659.802634172038,11.0,3629.0
1615,7.0,49942.0,欽察汗國,0.3629792034626007,Q79965,History_and_Society.Military_and_warfare,49942.0,8659.802634172038,11.0,3629.0
1616,7.0,49942.0,欽察汗國,0.287777841091156,Q79965,Culture.Biography.Biography*,49942.0,8659.802634172038,11.0,3629.0
1617,7.0,49942.0,欽察汗國,0.24217800998687744,Q79965,Geography.Regions.Asia.East_Asia,49942.0,8659.802634172038,11.0,3629.0
1618,7.0,49942.0,欽察汗國,0.0,Q79965,Geography.Regions.Asia.North_Asia,49942.0,8659.802634172038,11.0,3629.0
1619,7.0,49942.0,欽察汗國,0.0,Q79965,Geography.Regions.Asia.West_Asia,49942.0,8659.802634172038,11.0,3629.0
1620,7.0,49942.0,欽察汗國,0.0,Q79965,Geography.Regions.Europe.Eastern_Europe,49942.0,8659.802634172038,11.0,3629.0
1621,1.0,50386.0,夏侯霸,0.9796776771545409,Q740312,Culture.Biography.Biography*,50386.0,0.0,11.0,1940.0
1622,1.0,50386.0,夏侯霸,0.6001983880996704,Q740312,History_and_Society.History,50386.0,0.0,11.0,1940.0
1623,1.0,50386.0,夏侯霸,0.3775506913661957,Q740312,History_and_Society.Military_and_warfare,50386.0,0.0,11.0,1940.0
1624,1.0,50386.0,夏侯霸,0.3660457601547241,Q740312,Geography.Regions.Asia.East_Asia,50386.0,0.0,11.0,1940.0
1625,1.0,50386.0,夏侯霸,0.3301530351638794,Q740312,Geography.Regions.Asia.Asia*,50386.0,0.0,11.0,1940.0
1626,2.0,51092.0,阿里山國家森林遊樂區,0.3775506913661957,Q17032783,Geography.Regions.Europe.Europe*,51092.0,0.0,4.0,1431.0
1627,2.0,51092.0,阿里山國家森林遊樂區,0.33459946513175964,Q17032783,Geography.Regions.Americas.North_America,51092.0,0.0,4.0,1431.0
1628,2.0,51092.0,阿里山國家森林遊樂區,0.320831298828125,Q17032783,Geography.Regions.Asia.Asia*,51092.0,0.0,4.0,1431.0
1629,2.0,51092.0,阿里山國家森林遊樂區,0.3140605390071869,Q17032783,Culture.Visual_arts.Visual_arts*,51092.0,0.0,4.0,1431.0
1630,2.0,51092.0,阿里山國家森林遊樂區,0.2509227991104126,Q17032783,Culture.Visual_arts.Architecture,51092.0,0.0,4.0,1431.0
1631,2.0,51092.0,阿里山國家森林遊樂區,0.2393593490123749,Q17032783,Geography.Regions.Europe.Northern_Europe,51092.0,0.0,4.0,1431.0
1632,2.0,51092.0,阿里山國家森林遊樂區,0.13661839067935946,Q17032783,Geography.Regions.Asia.South_Asia,51092.0,0.0,4.0,1431.0
1633,2.0,51092.0,阿里山國家森林遊樂區,0.10088862478733064,Q17032783,STEM.STEM*,51092.0,0.0,4.0,1431.0
1634,3.0,51295.0,八仙洞遺址,0.9984612464904784,Q4866817,Culture.Biography.Biography*,51295.0,1026.1757313103647,4.0,844.0
1635,3.0,51295.0,八仙洞遺址,0.9970290064811708,Q4866817,History_and_Society.Society,51295.0,1026.1757313103647,4.0,844.0
1636,3.0,51295.0,八仙洞遺址,0.9919480085372924,Q4866817,Geography.Regions.Asia.East_Asia,51295.0,1026.1757313103647,4.0,844.0
1637,3.0,51295.0,八仙洞遺址,0.974052667617798,Q4866817,Geography.Regions.Asia.Asia*,51295.0,1026.1757313103647,4.0,844.0
1638,3.0,51295.0,八仙洞遺址,0.6297846436500549,Q4866817,Culture.Sports,51295.0,1026.1757313103647,4.0,844.0
1639,3.0,51295.0,八仙洞遺址,0.3629792034626007,Q4866817,Culture.Visual_arts.Architecture,51295.0,1026.1757313103647,4.0,844.0
1640,3.0,51295.0,八仙洞遺址,0.275139719247818,Q4866817,Culture.Visual_arts.Visual_arts*,51295.0,1026.1757313103647,4.0,844.0
1641,3.0,51295.0,八仙洞遺址,0.18714269995689392,Q4866817,Geography.Geographical,51295.0,1026.1757313103647,4.0,844.0
1642,3.0,51295.0,八仙洞遺址,0.11597072333097458,Q4866817,STEM.STEM*,51295.0,1026.1757313103647,4.0,844.0
1643,20.0,51335.0,自由黨 (香港),0.9553291201591492,Q23060,History_and_Society.Politics_and_government,51335.0,6727.81486498709,3.0,2135.0
1644,20.0,51335.0,自由黨 (香港),0.18495945835113525,Q23060,Geography.Regions.Asia.Asia*,51335.0,6727.81486498709,3.0,2135.0
1645,20.0,51335.0,自由黨 (香港),0.15036486291885376,Q23060,Geography.Regions.Asia.East_Asia,51335.0,6727.81486498709,3.0,2135.0
1646,6.0,51440.0,晏殊,0.8354935646057129,Q11089447,Culture.Biography.Biography*,51440.0,1187.756504208662,15.0,10155.0
1647,6.0,51440.0,晏殊,0.4456066956520081,Q11089447,Geography.Regions.Asia.Asia*,51440.0,1187.756504208662,15.0,10155.0
1648,6.0,51440.0,晏殊,0.3893042674064636,Q11089447,Geography.Regions.Asia.East_Asia,51440.0,1187.756504208662,15.0,10155.0
1649,6.0,51440.0,晏殊,0.1294127255678177,Q11089447,Culture.Literature,51440.0,1187.756504208662,15.0,10155.0
1650,7.0,51489.0,黃石國家公園,0.9790457487106324,Q351,Geography.Geographical,51489.0,14645.828936409434,5.0,3274.0
1651,7.0,51489.0,黃石國家公園,0.9073222279548644,Q351,Geography.Regions.Americas.North_America,51489.0,14645.828936409434,5.0,3274.0
1652,7.0,51489.0,黃石國家公園,0.14805719256401062,Q351,Culture.Sports,51489.0,14645.828936409434,5.0,3274.0
1653,7.0,51489.0,黃石國家公園,0.11921291798353195,Q351,STEM.Earth_and_environment,51489.0,14645.828936409434,5.0,3274.0
1654,7.0,51489.0,黃石國家公園,0.11597072333097458,Q351,STEM.STEM*,51489.0,14645.828936409434,5.0,3274.0
1655,5.0,51593.0,世界大戰,0.20182321965694427,Q103495,History_and_Society.Society,51593.0,14157.062103094466,11.0,3535.0
1656,5.0,51593.0,世界大戰,0.16027602553367615,Q103495,History_and_Society.Military_and_warfare,51593.0,14157.062103094466,11.0,3535.0
1657,5.0,51593.0,世界大戰,0.12253321707248688,Q103495,STEM.STEM*,51593.0,14157.062103094466,11.0,3535.0
1658,5.0,51593.0,世界大戰,0.1097157895565033,Q103495,History_and_Society.Politics_and_government,51593.0,14157.062103094466,11.0,3535.0
1659,13.0,52066.0,東京電視台,0.6150978803634644,Q734663,Culture.Media.Media*,52066.0,29612.64833028692,13.0,2542.0
1660,13.0,52066.0,東京電視台,0.5544804334640503,Q734663,History_and_Society.Business_and_economics,52066.0,29612.64833028692,13.0,2542.0
1661,13.0,52066.0,東京電視台,0.4688006341457367,Q734663,Culture.Visual_arts.Comics_and_Anime,52066.0,29612.64833028692,13.0,2542.0
1662,13.0,52066.0,東京電視台,0.4378334879875183,Q734663,Culture.Visual_arts.Visual_arts*,52066.0,29612.64833028692,13.0,2542.0
1663,13.0,52066.0,東京電視台,0.4301573634147644,Q734663,Culture.Literature,52066.0,29612.64833028692,13.0,2542.0
1664,13.0,52066.0,東京電視台,0.4274188151359558,Q734663,Geography.Regions.Asia.Asia*,52066.0,29612.64833028692,13.0,2542.0
1665,13.0,52066.0,東京電視台,0.40093068981170654,Q734663,Geography.Regions.Asia.East_Asia,52066.0,29612.64833028692,13.0,2542.0
1666,13.0,52066.0,東京電視台,0.320831298828125,Q734663,Culture.Media.Television,52066.0,29612.64833028692,13.0,2542.0
1667,9.0,52225.0,李瑞环,0.9972950220108032,Q704916,Culture.Biography.Biography*,52225.0,12013.854188454561,1.0,2677.0
1668,9.0,52225.0,李瑞环,0.1067005917429924,Q704916,History_and_Society.Politics_and_government,52225.0,12013.854188454561,1.0,2677.0
1669,9.0,52225.0,李瑞环,0.07650540971755981,Q704916,Geography.Regions.Asia.Asia*,52225.0,12013.854188454561,1.0,2677.0
1670,9.0,52225.0,李瑞环,0.0,Q704916,Geography.Regions.Asia.East_Asia,52225.0,12013.854188454561,1.0,2677.0
1671,1.0,52236.0,西蒙·德·波娃,0.9986429810523988,Q7197,Culture.Biography.Biography*,52236.0,0.0,0.0,2438.0
1672,1.0,52236.0,西蒙·德·波娃,0.946606695652008,Q7197,Culture.Philosophy_and_religion,52236.0,0.0,0.0,2438.0
1673,1.0,52236.0,西蒙·德·波娃,0.8479777574539185,Q7197,Culture.Literature,52236.0,0.0,0.0,2438.0
1674,1.0,52236.0,西蒙·德·波娃,0.7981967926025391,Q7197,History_and_Society.Society,52236.0,0.0,0.0,2438.0
1675,1.0,52236.0,西蒙·德·波娃,0.6584275364875793,Q7197,Culture.Biography.Women,52236.0,0.0,0.0,2438.0
1676,1.0,52236.0,西蒙·德·波娃,0.4843900501728058,Q7197,History_and_Society.History,52236.0,0.0,0.0,2438.0
1677,1.0,52236.0,西蒙·德·波娃,0.4501522054672241,Q7197,Geography.Regions.Europe.Europe*,52236.0,0.0,0.0,2438.0
1678,1.0,52236.0,西蒙·德·波娃,0.3764868249893189,Q7197,Geography.Regions.Europe.Western_Europe,52236.0,0.0,0.0,2438.0
1679,1.0,52236.0,西蒙·德·波娃,0.19194278120994568,Q7197,History_and_Society.Politics_and_government,52236.0,0.0,0.0,2438.0
1680,1.0,52236.0,西蒙·德·波娃,0.1732981950044632,Q7197,Culture.Media.Media*,52236.0,0.0,0.0,2438.0
1681,1.0,52236.0,西蒙·德·波娃,0.0,Q7197,Geography.Regions.Europe.Northern_Europe,52236.0,0.0,0.0,2438.0
1682,1.0,52236.0,西蒙·德·波娃,0.0,Q7197,Geography.Regions.Americas.North_America,52236.0,0.0,0.0,2438.0
1683,1.0,52236.0,西蒙·德·波娃,0.0,Q7197,Geography.Regions.Europe.Eastern_Europe,52236.0,0.0,0.0,2438.0
1684,1.0,52236.0,西蒙·德·波娃,0.0,Q7197,Geography.Regions.Europe.Southern_Europe,52236.0,0.0,0.0,2438.0
1685,1.0,52558.0,平方根,0.5775054097175598,Q134237,STEM.STEM*,52558.0,0.0,11.0,2823.0
1686,1.0,52558.0,平方根,0.10375863313674928,Q134237,STEM.Mathematics,52558.0,0.0,11.0,2823.0
1687,4.0,52693.0,世界贸易中心,0.8903042674064636,Q11235,Culture.Visual_arts.Architecture,52693.0,9112.730970079374,6.0,2780.0
1688,4.0,52693.0,世界贸易中心,0.8872146010398865,Q11235,Culture.Visual_arts.Visual_arts*,52693.0,9112.730970079374,6.0,2780.0
1689,4.0,52693.0,世界贸易中心,0.546748161315918,Q11235,Geography.Regions.Americas.North_America,52693.0,9112.730970079374,6.0,2780.0
1690,4.0,52693.0,世界贸易中心,0.275139719247818,Q11235,Geography.Regions.Europe.Europe*,52693.0,9112.730970079374,6.0,2780.0
1691,4.0,52693.0,世界贸易中心,0.1294127255678177,Q11235,Geography.Regions.Europe.Western_Europe,52693.0,9112.730970079374,6.0,2780.0
1692,4.0,52693.0,世界贸易中心,0.11597072333097458,Q11235,Geography.Regions.Europe.Northern_Europe,52693.0,9112.730970079374,6.0,2780.0
1693,4.0,52693.0,世界贸易中心,0.11597072333097458,Q11235,STEM.STEM*,52693.0,9112.730970079374,6.0,2780.0
1694,7.0,52698.0,李煥,1.0000100135803225,Q259049,Culture.Biography.Biography*,52698.0,9240.768275158523,1.0,3073.0
1695,7.0,52698.0,李煥,0.9416641592979432,Q259049,History_and_Society.Society,52698.0,9240.768275158523,1.0,3073.0
1696,7.0,52698.0,李煥,0.4944004287719727,Q259049,Geography.Regions.Asia.East_Asia,52698.0,9240.768275158523,1.0,3073.0
1697,7.0,52698.0,李煥,0.4876782765388489,Q259049,Geography.Regions.Asia.Asia*,52698.0,9240.768275158523,1.0,3073.0
1698,17.0,52776.0,惠州市,1.0000100135803225,Q59173,Geography.Regions.Asia.East_Asia,52776.0,148130.64254796033,3.0,2522.0
1699,17.0,52776.0,惠州市,0.9992059469223022,Q59173,Geography.Regions.Asia.Asia*,52776.0,148130.64254796033,3.0,2522.0
1700,17.0,52776.0,惠州市,0.19194278120994568,Q59173,Geography.Geographical,52776.0,148130.64254796033,3.0,2522.0
1701,3.0,52835.0,福爾摩沙,1.0,Q218175,Compilation.List_Disambig,52835.0,222.02580947333547,5.0,5088.0
1702,3.0,52835.0,福爾摩沙,0.6224693655967712,Q218175,Culture.Linguistics,52835.0,222.02580947333547,5.0,5088.0
1703,13.0,52864.0,早安少女組。,0.8311530351638794,Q174291,Culture.Media.Media*,52864.0,40241.485089341346,13.0,2962.0
1704,13.0,52864.0,早安少女組。,0.812877357006073,Q174291,Culture.Media.Music,52864.0,40241.485089341346,13.0,2962.0
1705,13.0,52864.0,早安少女組。,0.7371681928634644,Q174291,Culture.Biography.Biography*,52864.0,40241.485089341346,13.0,2962.0
1706,13.0,52864.0,早安少女組。,0.24809722805023196,Q174291,Geography.Regions.Asia.East_Asia,52864.0,40241.485089341346,13.0,2962.0
1707,13.0,52864.0,早安少女組。,0.22388027811050412,Q174291,Geography.Regions.Asia.Asia*,52864.0,40241.485089341346,13.0,2962.0
1708,13.0,52864.0,早安少女組。,0.16886694729328156,Q174291,Culture.Biography.Women,52864.0,40241.485089341346,13.0,2962.0
1709,2.0,52904.0,功,0.960371196269989,Q42213,STEM.STEM*,52904.0,0.0,10.0,2819.0
1710,2.0,52904.0,功,0.8221991658210754,Q42213,STEM.Physics,52904.0,0.0,10.0,2819.0
1711,2.0,52904.0,功,0.4301573634147644,Q42213,STEM.Technology,52904.0,0.0,10.0,2819.0
1712,2.0,52904.0,功,0.14415885508060455,Q42213,STEM.Engineering,52904.0,0.0,10.0,2819.0
1713,10.0,53016.0,香港保衛戰,0.9965265989303588,Q697059,Geography.Regions.Asia.East_Asia,53016.0,42200.934448139036,10.0,2664.0
1714,10.0,53016.0,香港保衛戰,0.9937201142311096,Q697059,Geography.Regions.Asia.Asia*,53016.0,42200.934448139036,10.0,2664.0
1715,10.0,53016.0,香港保衛戰,0.9924327731132508,Q697059,History_and_Society.Military_and_warfare,53016.0,42200.934448139036,10.0,2664.0
1716,10.0,53016.0,香港保衛戰,0.18714269995689392,Q697059,Geography.Regions.Asia.Southeast_Asia,53016.0,42200.934448139036,10.0,2664.0
1717,10.0,53016.0,香港保衛戰,0.1097157895565033,Q697059,Geography.Regions.Americas.North_America,53016.0,42200.934448139036,10.0,2664.0
1718,11.0,53261.0,克洛诺斯,0.9073222279548644,Q44204,History_and_Society.History,53261.0,11996.60090027007,16.0,2536.0
1719,11.0,53261.0,克洛诺斯,0.8933194279670715,Q44204,Culture.Literature,53261.0,11996.60090027007,16.0,2536.0
1720,11.0,53261.0,克洛诺斯,0.839743971824646,Q44204,Culture.Philosophy_and_religion,53261.0,11996.60090027007,16.0,2536.0
1721,11.0,53261.0,克洛诺斯,0.3923194279670715,Q44204,Geography.Regions.Europe.Southern_Europe,53261.0,11996.60090027007,16.0,2536.0
1722,11.0,53261.0,克洛诺斯,0.3696072568893433,Q44204,Geography.Regions.Europe.Europe*,53261.0,11996.60090027007,16.0,2536.0
1723,11.0,53261.0,克洛诺斯,0.3276783227920532,Q44204,Culture.Biography.Biography*,53261.0,11996.60090027007,16.0,2536.0
1724,3.0,53277.0,杀手 (1986年游戏),0.9284188151359558,Q17265,Culture.Media.Media*,53277.0,5527.3556762215085,10.0,2459.0
1725,3.0,53277.0,杀手 (1986年游戏),0.8740872144699097,Q17265,Culture.Media.Entertainment,53277.0,5527.3556762215085,10.0,2459.0
1726,3.0,53277.0,杀手 (1986年游戏),0.14415885508060455,Q17265,Culture.Internet_culture,53277.0,5527.3556762215085,10.0,2459.0
1727,3.0,53277.0,杀手 (1986年游戏),0.0,Q17265,Geography.Regions.Europe.Europe*,53277.0,5527.3556762215085,10.0,2459.0
1728,4.0,53335.0,結構主義,0.3557848632335663,Q179168,Culture.Philosophy_and_religion,53335.0,2407.182043894092,0.0,2345.0
1729,4.0,53335.0,結構主義,0.21734751760959625,Q179168,STEM.STEM*,53335.0,2407.182043894092,0.0,2345.0
1730,4.0,53335.0,結構主義,0.16027602553367615,Q179168,History_and_Society.Politics_and_government,53335.0,2407.182043894092,0.0,2345.0
1731,4.0,53335.0,結構主義,0.14034625887870789,Q179168,History_and_Society.Society,53335.0,2407.182043894092,0.0,2345.0
1732,4.0,53335.0,結構主義,0.11597072333097458,Q179168,History_and_Society.History,53335.0,2407.182043894092,0.0,2345.0
1733,4.0,53335.0,結構主義,0.11280541121959685,Q179168,STEM.Medicine_&_Health,53335.0,2407.182043894092,0.0,2345.0
1734,6.0,53617.0,紅孩兒,0.992888569831848,Q3276134,Culture.Literature,53617.0,0.0,12.0,1687.0
1735,6.0,53617.0,紅孩兒,0.7122421860694885,Q3276134,Culture.Media.Books,53617.0,0.0,12.0,1687.0
1736,6.0,53617.0,紅孩兒,0.4980402460098266,Q3276134,Geography.Regions.Asia.East_Asia,53617.0,0.0,12.0,1687.0
1737,6.0,53617.0,紅孩兒,0.49653737449646,Q3276134,Geography.Regions.Asia.Asia*,53617.0,0.0,12.0,1687.0
1738,6.0,53617.0,紅孩兒,0.3775506913661957,Q3276134,Culture.Media.Media*,53617.0,0.0,12.0,1687.0
1739,6.0,53617.0,紅孩兒,0.18714269995689392,Q3276134,Culture.Philosophy_and_religion,53617.0,0.0,12.0,1687.0
1740,6.0,53618.0,牛魔王,0.9648651480674744,Q834590,Culture.Literature,53618.0,0.0,12.0,1413.0
1741,6.0,53618.0,牛魔王,0.8872146010398865,Q834590,Culture.Media.Books,53618.0,0.0,12.0,1413.0
1742,6.0,53618.0,牛魔王,0.8354935646057129,Q834590,Culture.Media.Media*,53618.0,0.0,12.0,1413.0
1743,6.0,53618.0,牛魔王,0.4696977605819702,Q834590,Geography.Regions.Asia.East_Asia,53618.0,0.0,12.0,1413.0
1744,6.0,53618.0,牛魔王,0.4569222798347473,Q834590,Geography.Regions.Asia.Asia*,53618.0,0.0,12.0,1413.0
1745,2.0,53983.0,恆春鎮,1.0000100135803225,Q710268,Culture.Biography.Biography*,53983.0,3942.0,4.0,1929.0
1746,2.0,53983.0,恆春鎮,0.9994907379150392,Q710268,Geography.Geographical,53983.0,3942.0,4.0,1929.0
1747,2.0,53983.0,恆春鎮,0.9993433356285096,Q710268,History_and_Society.Society,53983.0,3942.0,4.0,1929.0
1748,2.0,53983.0,恆春鎮,0.9972950220108032,Q710268,Geography.Regions.Asia.East_Asia,53983.0,3942.0,4.0,1929.0
1749,2.0,53983.0,恆春鎮,0.984585464000702,Q710268,Geography.Regions.Asia.Asia*,53983.0,3942.0,4.0,1929.0
1750,4.0,54312.0,第三次中东战争,0.9539760947227478,Q49077,History_and_Society.Military_and_warfare,54312.0,1701.3431072896406,1.0,2569.0
1751,4.0,54312.0,第三次中东战争,0.497599648475647,Q49077,Geography.Regions.Asia.West_Asia,54312.0,1701.3431072896406,1.0,2569.0
1752,4.0,54312.0,第三次中东战争,0.4738311638832092,Q49077,Geography.Regions.Asia.Asia*,54312.0,1701.3431072896406,1.0,2569.0
1753,4.0,54312.0,第三次中东战争,0.38492217659950256,Q49077,History_and_Society.History,54312.0,1701.3431072896406,1.0,2569.0
1754,4.0,54312.0,第三次中东战争,0.2814156115055084,Q49077,Culture.Philosophy_and_religion,54312.0,1701.3431072896406,1.0,2569.0
1755,4.0,54312.0,第三次中东战争,0.26285186409950256,Q49077,History_and_Society.Society,54312.0,1701.3431072896406,1.0,2569.0
1756,4.0,54312.0,第三次中东战争,0.14034625887870789,Q49077,History_and_Society.Politics_and_government,54312.0,1701.3431072896406,1.0,2569.0
1757,2.0,54386.0,克里米亚战争,0.8991314172744751,Q254106,History_and_Society.Military_and_warfare,54386.0,644.2389267665777,5.0,2900.0
1758,2.0,54386.0,克里米亚战争,0.4532718360424042,Q254106,History_and_Society.Society,54386.0,644.2389267665777,5.0,2900.0
1759,2.0,54386.0,克里米亚战争,0.4225146472454071,Q254106,History_and_Society.History,54386.0,644.2389267665777,5.0,2900.0
1760,2.0,54386.0,克里米亚战争,0.2653036584854126,Q254106,Geography.Regions.Europe.Europe*,54386.0,644.2389267665777,5.0,2900.0
1761,2.0,54386.0,克里米亚战争,0.10375863313674928,Q254106,History_and_Society.Politics_and_government,54386.0,644.2389267665777,5.0,2900.0
1762,2.0,54386.0,克里米亚战争,0.0,Q254106,Geography.Regions.Asia.Asia*,54386.0,644.2389267665777,5.0,2900.0
1763,2.0,54386.0,克里米亚战争,0.0,Q254106,Geography.Regions.Europe.Eastern_Europe,54386.0,644.2389267665777,5.0,2900.0
1764,2.0,54386.0,克里米亚战争,0.0,Q254106,Geography.Regions.Asia.West_Asia,54386.0,644.2389267665777,5.0,2900.0
1765,10.0,54569.0,鄭融,0.9836069941520692,Q6135815,Culture.Biography.Biography*,54569.0,6600.1508312693995,12.0,3545.0
1766,10.0,54569.0,鄭融,0.546748161315918,Q6135815,Culture.Biography.Women,54569.0,6600.1508312693995,12.0,3545.0
1767,10.0,54569.0,鄭融,0.3629792034626007,Q6135815,Culture.Media.Media*,54569.0,6600.1508312693995,12.0,3545.0
1768,10.0,54569.0,鄭融,0.2942249774932861,Q6135815,Culture.Media.Music,54569.0,6600.1508312693995,12.0,3545.0
1769,10.0,54569.0,鄭融,0.13604079389572146,Q6135815,Geography.Regions.Asia.East_Asia,54569.0,6600.1508312693995,12.0,3545.0
1770,10.0,54569.0,鄭融,0.03021936321258545,Q6135815,Geography.Regions.Asia.Asia*,54569.0,6600.1508312693995,12.0,3545.0
1771,5.0,54600.0,澳門大學,0.9748311638832092,Q1563050,Geography.Regions.Asia.East_Asia,54600.0,7552.649009694394,0.0,2659.0
1772,5.0,54600.0,澳門大學,0.960371196269989,Q1563050,Geography.Regions.Asia.Asia*,54600.0,7552.649009694394,0.0,2659.0
1773,5.0,54600.0,澳門大學,0.9304682612419128,Q1563050,History_and_Society.Education,54600.0,7552.649009694394,0.0,2659.0
1774,5.0,54600.0,澳門大學,0.10375863313674928,Q1563050,Geography.Regions.Asia.Southeast_Asia,54600.0,7552.649009694394,0.0,2659.0
1775,24.0,56286.0,国际刑警组织,0.6513648629188538,Q8475,History_and_Society.Politics_and_government,56286.0,115737.25130133881,10.0,3149.0
1776,24.0,56286.0,国际刑警组织,0.4843900501728058,Q8475,History_and_Society.Business_and_economics,56286.0,115737.25130133881,10.0,3149.0
1777,24.0,56286.0,国际刑警组织,0.3415925204753876,Q8475,History_and_Society.Education,56286.0,115737.25130133881,10.0,3149.0
1778,24.0,56286.0,国际刑警组织,0.18714269995689392,Q8475,History_and_Society.Society,56286.0,115737.25130133881,10.0,3149.0
1779,24.0,56286.0,国际刑警组织,0.1097157895565033,Q8475,STEM.STEM*,56286.0,115737.25130133881,10.0,3149.0
1780,24.0,56286.0,国际刑警组织,0.0,Q8475,Geography.Regions.Europe.Europe*,56286.0,115737.25130133881,10.0,3149.0
1781,24.0,56286.0,国际刑警组织,0.0,Q8475,Geography.Regions.Europe.Western_Europe,56286.0,115737.25130133881,10.0,3149.0
1782,1.0,56405.0,茶经,0.4921981394290924,Q259153,Culture.Media.Media*,56405.0,0.0,11.0,1155.0
1783,1.0,56405.0,茶经,0.4532718360424042,Q259153,Culture.Media.Books,56405.0,0.0,11.0,1155.0
1784,1.0,56405.0,茶经,0.3923468291759491,Q259153,STEM.STEM*,56405.0,0.0,11.0,1155.0
1785,1.0,56405.0,茶经,0.3429050912857056,Q259153,Geography.Regions.Asia.Asia*,56405.0,0.0,11.0,1155.0
1786,1.0,56405.0,茶经,0.2942249774932861,Q259153,Culture.Literature,56405.0,0.0,11.0,1155.0
1787,1.0,56405.0,茶经,0.1824355274438858,Q259153,History_and_Society.History,56405.0,0.0,11.0,1155.0
1788,1.0,56405.0,茶经,0.1713417043685913,Q259153,Geography.Regions.Asia.East_Asia,56405.0,0.0,11.0,1155.0
1789,1.0,56405.0,茶经,0.16027602553367615,Q259153,STEM.Biology,56405.0,0.0,11.0,1155.0
1790,5.0,56785.0,國立暨南國際大學,0.8933194279670715,Q707653,Geography.Regions.Asia.East_Asia,56785.0,0.0,0.0,2498.0
1791,5.0,56785.0,國立暨南國際大學,0.8933194279670715,Q707653,History_and_Society.Education,56785.0,0.0,0.0,2498.0
1792,5.0,56785.0,國立暨南國際大學,0.8774868249893188,Q707653,Geography.Regions.Asia.Asia*,56785.0,0.0,0.0,2498.0
1793,5.0,56785.0,國立暨南國際大學,0.812877357006073,Q707653,History_and_Society.Society,56785.0,0.0,0.0,2498.0
1794,5.0,56785.0,國立暨南國際大學,0.6584275364875793,Q707653,Culture.Biography.Biography*,56785.0,0.0,0.0,2498.0
1795,5.0,56785.0,國立暨南國際大學,0.10375863313674928,Q707653,Geography.Regions.Americas.North_America,56785.0,0.0,0.0,2498.0
1796,2.0,57046.0,阿尔卑斯山,0.8706072568893433,Q1286,Geography.Regions.Europe.Europe*,57046.0,1731.7242272620285,11.0,2891.0
1797,2.0,57046.0,阿尔卑斯山,0.8267217874526978,Q1286,Geography.Geographical,57046.0,1731.7242272620285,11.0,2891.0
1798,2.0,57046.0,阿尔卑斯山,0.2393593490123749,Q1286,Geography.Regions.Europe.Western_Europe,57046.0,1731.7242272620285,11.0,2891.0
1799,2.0,57046.0,阿尔卑斯山,0.21734751760959625,Q1286,STEM.STEM*,57046.0,1731.7242272620285,11.0,2891.0
1800,2.0,57046.0,阿尔卑斯山,0.15611489117145538,Q1286,History_and_Society.Politics_and_government,57046.0,1731.7242272620285,11.0,2891.0
1801,2.0,57046.0,阿尔卑斯山,0.1259327530860901,Q1286,STEM.Earth_and_environment,57046.0,1731.7242272620285,11.0,2891.0
1802,2.0,57046.0,阿尔卑斯山,0.10088862478733064,Q1286,History_and_Society.History,57046.0,1731.7242272620285,11.0,2891.0
1803,3.0,57424.0,秋篠宮文仁親王,0.9963027834892272,Q311174,Culture.Biography.Biography*,57424.0,2050.8786685590594,5.0,2433.0
1804,3.0,57424.0,秋篠宮文仁親王,0.3730872144699097,Q311174,Geography.Regions.Asia.Asia*,57424.0,2050.8786685590594,5.0,2433.0
1805,3.0,57424.0,秋篠宮文仁親王,0.21760438585281366,Q311174,Geography.Regions.Asia.East_Asia,57424.0,2050.8786685590594,5.0,2433.0
1806,18.0,57604.0,統一7-ELEVEn獅,0.9899964332580566,Q707294,Culture.Sports,57604.0,26825.078961542597,4.0,2401.0
1807,18.0,57604.0,統一7-ELEVEn獅,0.9381340146064758,Q707294,Culture.Biography.Biography*,57604.0,26825.078961542597,4.0,2401.0
1808,18.0,57604.0,統一7-ELEVEn獅,0.6992644667625427,Q707294,History_and_Society.Society,57604.0,26825.078961542597,4.0,2401.0
1809,18.0,57604.0,統一7-ELEVEn獅,0.37980710172653204,Q707294,Geography.Regions.Asia.East_Asia,57604.0,26825.078961542597,4.0,2401.0
1810,18.0,57604.0,統一7-ELEVEn獅,0.32119916582107544,Q707294,Geography.Regions.Asia.Asia*,57604.0,26825.078961542597,4.0,2401.0
1811,16.0,57869.0,圭亚那,0.9879562258720398,Q734,Geography.Geographical,57869.0,37631.19235068665,10.0,3149.0
1812,16.0,57869.0,圭亚那,0.6224693655967712,Q734,Geography.Regions.Americas.South_America,57869.0,37631.19235068665,10.0,3149.0
1813,16.0,57869.0,圭亚那,0.1968362182378769,Q734,Geography.Regions.Americas.Central_America,57869.0,37631.19235068665,10.0,3149.0
1814,16.0,57869.0,圭亚那,0.14034625887870789,Q734,History_and_Society.Society,57869.0,37631.19235068665,10.0,3149.0
1815,8.0,58104.0,柯建銘,1.0000100135803225,Q6393270,Culture.Biography.Biography*,58104.0,4112.854976144154,2.0,2726.0
1816,8.0,58104.0,柯建銘,1.0000100135803225,Q6393270,History_and_Society.Society,58104.0,4112.854976144154,2.0,2726.0
1817,8.0,58104.0,柯建銘,0.4982059469223023,Q6393270,Geography.Regions.Asia.East_Asia,58104.0,4112.854976144154,2.0,2726.0
1818,8.0,58104.0,柯建銘,0.49653737449646,Q6393270,Geography.Regions.Asia.Asia*,58104.0,4112.854976144154,2.0,2726.0
1819,4.0,59019.0,高力士,0.966924011707306,Q707146,Culture.Biography.Biography*,59019.0,7103.923756000238,2.0,2168.0
1820,4.0,59019.0,高力士,0.4893015494346618,Q707146,Geography.Regions.Asia.East_Asia,59019.0,7103.923756000238,2.0,2168.0
1821,4.0,59019.0,高力士,0.4831036200523377,Q707146,Geography.Regions.Asia.Asia*,59019.0,7103.923756000238,2.0,2168.0
1822,4.0,59019.0,高力士,0.1097157895565033,Q707146,History_and_Society.Military_and_warfare,59019.0,7103.923756000238,2.0,2168.0
1823,10.0,59329.0,墾丁國家公園,0.9324633479118348,Q707982,Geography.Geographical,59329.0,52678.257539293714,4.0,2834.0
1824,10.0,59329.0,墾丁國家公園,0.9046605229377748,Q707982,Geography.Regions.Asia.Asia*,59329.0,52678.257539293714,4.0,2834.0
1825,10.0,59329.0,墾丁國家公園,0.8221991658210754,Q707982,History_and_Society.Society,59329.0,52678.257539293714,4.0,2834.0
1826,10.0,59329.0,墾丁國家公園,0.7826725244522095,Q707982,Culture.Biography.Biography*,59329.0,52678.257539293714,4.0,2834.0
1827,10.0,59329.0,墾丁國家公園,0.6926519870758057,Q707982,Geography.Regions.Asia.East_Asia,59329.0,52678.257539293714,4.0,2834.0
1828,10.0,59329.0,墾丁國家公園,0.13661839067935946,Q707982,STEM.STEM*,59329.0,52678.257539293714,4.0,2834.0
1829,10.0,59329.0,墾丁國家公園,0.10088862478733064,Q707982,STEM.Earth_and_environment,59329.0,52678.257539293714,4.0,2834.0
1830,2.0,59345.0,卡农,0.7773098945617676,Q53831,Culture.Media.Music,59345.0,0.0,13.0,2555.0
1831,2.0,59345.0,卡农,0.6723417043685913,Q53831,Culture.Media.Media*,59345.0,0.0,13.0,2555.0
1832,2.0,59345.0,卡农,0.0,Q53831,Geography.Regions.Europe.Europe*,59345.0,0.0,13.0,2555.0
1833,1.0,59502.0,巨石阵,0.9344051480293274,Q39671,Geography.Regions.Europe.Europe*,59502.0,0.0,6.0,2917.0
1834,1.0,59502.0,巨石阵,0.8872146010398865,Q39671,Geography.Regions.Europe.Northern_Europe,59502.0,0.0,6.0,2917.0
1835,1.0,59502.0,巨石阵,0.7122421860694885,Q39671,History_and_Society.History,59502.0,0.0,6.0,2917.0
1836,1.0,59502.0,巨石阵,0.348655104637146,Q39671,Culture.Visual_arts.Visual_arts*,59502.0,0.0,6.0,2917.0
1837,1.0,59502.0,巨石阵,0.3276783227920532,Q39671,Geography.Geographical,59502.0,0.0,6.0,2917.0
1838,1.0,59502.0,巨石阵,0.2227101624011993,Q39671,Culture.Visual_arts.Architecture,59502.0,0.0,6.0,2917.0
1839,1.0,59502.0,巨石阵,0.1294127255678177,Q39671,Culture.Philosophy_and_religion,59502.0,0.0,6.0,2917.0
1840,11.0,64666.0,伊迪·阿敏,0.9905974268913268,Q48231,Culture.Biography.Biography*,64666.0,21379.266899216123,1.0,3606.0
1841,11.0,64666.0,伊迪·阿敏,0.5312193632125854,Q48231,History_and_Society.Military_and_warfare,64666.0,21379.266899216123,1.0,3606.0
1842,11.0,64666.0,伊迪·阿敏,0.1824355274438858,Q48231,History_and_Society.Politics_and_government,64666.0,21379.266899216123,1.0,3606.0
1843,11.0,64666.0,伊迪·阿敏,0.1520422399044037,Q48231,History_and_Society.Society,64666.0,21379.266899216123,1.0,3606.0
1844,11.0,64666.0,伊迪·阿敏,0.0,Q48231,Geography.Regions.Africa.Africa*,64666.0,21379.266899216123,1.0,3606.0
1845,7.0,64856.0,奈洛比,0.8872146010398865,Q3870,Geography.Geographical,64856.0,25682.30668945981,13.0,3473.0
1846,7.0,64856.0,奈洛比,0.4765896201133728,Q3870,Geography.Regions.Africa.Africa*,64856.0,25682.30668945981,13.0,3473.0
1847,7.0,64856.0,奈洛比,0.12253321707248688,Q3870,Geography.Regions.Asia.Asia*,64856.0,25682.30668945981,13.0,3473.0
1848,3.0,65113.0,成化,0.35867373847961426,Q1061787,Geography.Regions.Asia.Asia*,65113.0,1473.4004114412714,11.0,5778.0
1849,3.0,65113.0,成化,0.0,Q1061787,Geography.Regions.Asia.East_Asia,65113.0,1473.4004114412714,11.0,5778.0
1850,7.0,65218.0,龍捲風,0.8267217874526978,Q8081,STEM.STEM*,65218.0,24438.288420194458,5.0,2767.0
1851,7.0,65218.0,龍捲風,0.3629792034626007,Q8081,History_and_Society.History,65218.0,24438.288420194458,5.0,2767.0
1852,7.0,65218.0,龍捲風,0.2689514458179474,Q8081,History_and_Society.Society,65218.0,24438.288420194458,5.0,2767.0
1853,7.0,65218.0,龍捲風,0.24509501457214355,Q8081,STEM.Technology,65218.0,24438.288420194458,5.0,2767.0
1854,7.0,65218.0,龍捲風,0.1968362182378769,Q8081,STEM.Physics,65218.0,24438.288420194458,5.0,2767.0
1855,7.0,65218.0,龍捲風,0.18714269995689392,Q8081,Culture.Philosophy_and_religion,65218.0,24438.288420194458,5.0,2767.0
1856,7.0,65218.0,龍捲風,0.13661839067935946,Q8081,STEM.Engineering,65218.0,24438.288420194458,5.0,2767.0
1857,7.0,65218.0,龍捲風,0.12253321707248688,Q8081,STEM.Earth_and_environment,65218.0,24438.288420194458,5.0,2767.0
1858,7.0,65218.0,龍捲風,0.11597072333097458,Q8081,History_and_Society.Politics_and_government,65218.0,24438.288420194458,5.0,2767.0
1859,7.0,65218.0,龍捲風,0.10375863313674928,Q8081,STEM.Biology,65218.0,24438.288420194458,5.0,2767.0
1860,7.0,65218.0,龍捲風,0.10375863313674928,Q8081,STEM.Medicine_&_Health,65218.0,24438.288420194458,5.0,2767.0
1861,7.0,65218.0,龍捲風,0.0,Q8081,Geography.Regions.Americas.North_America,65218.0,24438.288420194458,5.0,2767.0
1862,5.0,65359.0,雪山飞狐,0.9924327731132508,Q2231295,Culture.Media.Books,65359.0,6545.108172221233,12.0,3202.0
1863,5.0,65359.0,雪山飞狐,0.9802908897399902,Q2231295,Culture.Media.Media*,65359.0,6545.108172221233,12.0,3202.0
1864,5.0,65359.0,雪山飞狐,0.9715740084648132,Q2231295,Culture.Literature,65359.0,6545.108172221233,12.0,3202.0
1865,5.0,65359.0,雪山飞狐,0.4792908897399902,Q2231295,Geography.Regions.Asia.East_Asia,65359.0,6545.108172221233,12.0,3202.0
1866,5.0,65359.0,雪山飞狐,0.4659240117073059,Q2231295,Geography.Regions.Asia.Asia*,65359.0,6545.108172221233,12.0,3202.0
1867,8.0,65461.0,阿拉伯帝国,0.997894287109375,Q3181749,History_and_Society.History,65461.0,22034.718560985133,11.0,2994.0
1868,8.0,65461.0,阿拉伯帝国,0.9871888160705566,Q3181749,History_and_Society.Society,65461.0,22034.718560985133,11.0,2994.0
1869,8.0,65461.0,阿拉伯帝国,0.9539760947227478,Q3181749,History_and_Society.Military_and_warfare,65461.0,22034.718560985133,11.0,2994.0
1870,8.0,65461.0,阿拉伯帝国,0.952584147453308,Q3181749,Culture.Philosophy_and_religion,65461.0,22034.718560985133,11.0,2994.0
1871,8.0,65461.0,阿拉伯帝国,0.2869412174224853,Q3181749,Geography.Regions.Asia.West_Asia,65461.0,22034.718560985133,11.0,2994.0
1872,8.0,65461.0,阿拉伯帝国,0.2568419873714447,Q3181749,Culture.Biography.Biography*,65461.0,22034.718560985133,11.0,2994.0
1873,8.0,65461.0,阿拉伯帝国,0.2047950496673584,Q3181749,Geography.Regions.Africa.Northern_Africa,65461.0,22034.718560985133,11.0,2994.0
1874,8.0,65461.0,阿拉伯帝国,0.18495945835113525,Q3181749,Geography.Regions.Africa.Africa*,65461.0,22034.718560985133,11.0,2994.0
1875,8.0,65461.0,阿拉伯帝国,0.1520422399044037,Q3181749,Culture.Linguistics,65461.0,22034.718560985133,11.0,2994.0
1876,8.0,65461.0,阿拉伯帝国,0.03021936321258545,Q3181749,Geography.Regions.Asia.Asia*,65461.0,22034.718560985133,11.0,2994.0
1877,8.0,65461.0,阿拉伯帝国,0.0,Q3181749,Geography.Regions.Europe.Southern_Europe,65461.0,22034.718560985133,11.0,2994.0
1878,9.0,65494.0,加勒比海盗：黑珍珠号的诅咒,0.9960646033287048,Q46717,Culture.Media.Films,65494.0,29007.99843457668,5.0,4038.0
1879,9.0,65494.0,加勒比海盗：黑珍珠号的诅咒,0.99219411611557,Q46717,Culture.Media.Media*,65494.0,29007.99843457668,5.0,4038.0
1880,9.0,65494.0,加勒比海盗：黑珍珠号的诅咒,0.0,Q46717,Geography.Regions.Americas.North_America,65494.0,29007.99843457668,5.0,4038.0
1881,2.0,65515.0,甘道夫,0.9935217499732972,Q177499,Culture.Literature,65515.0,0.0,1.0,3308.0
1882,2.0,65515.0,甘道夫,0.9790457487106324,Q177499,Culture.Media.Media*,65515.0,0.0,1.0,3308.0
1883,2.0,65515.0,甘道夫,0.9763205647468568,Q177499,Culture.Media.Films,65515.0,0.0,1.0,3308.0
1884,2.0,65515.0,甘道夫,0.275139719247818,Q177499,Culture.Media.Books,65515.0,0.0,1.0,3308.0
1885,1.0,65570.0,匹诺曹,0.7718535065650941,Q6502703,Culture.Literature,65570.0,0.0,6.0,1314.0
1886,1.0,65570.0,匹诺曹,0.7057950496673584,Q6502703,Culture.Media.Media*,65570.0,0.0,6.0,1314.0
1887,1.0,65570.0,匹诺曹,0.2689514458179474,Q6502703,Culture.Media.Entertainment,65570.0,0.0,6.0,1314.0
1888,1.0,65570.0,匹诺曹,0.21734751760959625,Q6502703,Culture.Media.Films,65570.0,0.0,6.0,1314.0
1889,1.0,65570.0,匹诺曹,0.16027602553367615,Q6502703,Culture.Biography.Biography*,65570.0,0.0,6.0,1314.0
1890,1.0,65570.0,匹诺曹,0.11597072333097458,Q6502703,History_and_Society.History,65570.0,0.0,6.0,1314.0
1891,1.0,65570.0,匹诺曹,0.0,Q6502703,Geography.Regions.Europe.Europe*,65570.0,0.0,6.0,1314.0
1892,1.0,65570.0,匹诺曹,0.0,Q6502703,Geography.Regions.Europe.Southern_Europe,65570.0,0.0,6.0,1314.0
1893,4.0,65743.0,國立空中大學,0.9942797422409058,Q6135045,Culture.Biography.Biography*,65743.0,9334.563968068202,4.0,2210.0
1894,4.0,65743.0,國立空中大學,0.9899964332580566,Q6135045,Geography.Regions.Asia.East_Asia,65743.0,9334.563968068202,4.0,2210.0
1895,4.0,65743.0,國立空中大學,0.9796776771545409,Q6135045,Geography.Regions.Asia.Asia*,65743.0,9334.563968068202,4.0,2210.0
1896,4.0,65743.0,國立空中大學,0.9790457487106324,Q6135045,History_and_Society.Society,65743.0,9334.563968068202,4.0,2210.0
1897,4.0,65743.0,國立空中大學,0.7773098945617676,Q6135045,History_and_Society.Education,65743.0,9334.563968068202,4.0,2210.0
1898,7.0,65766.0,珀耳修斯,0.8706072568893433,Q130832,History_and_Society.History,65766.0,292.9084463228909,16.0,3027.0
1899,7.0,65766.0,珀耳修斯,0.8080772161483765,Q130832,Culture.Literature,65766.0,292.9084463228909,16.0,3027.0
1900,7.0,65766.0,珀耳修斯,0.7663036584854126,Q130832,Culture.Philosophy_and_religion,65766.0,292.9084463228909,16.0,3027.0
1901,7.0,65766.0,珀耳修斯,0.3257217874526977,Q130832,Geography.Regions.Europe.Europe*,65766.0,292.9084463228909,16.0,3027.0
1902,7.0,65766.0,珀耳修斯,0.2596606483459473,Q130832,Geography.Regions.Europe.Southern_Europe,65766.0,292.9084463228909,16.0,3027.0
1903,7.0,65766.0,珀耳修斯,0.1824355274438858,Q130832,Culture.Biography.Biography*,65766.0,292.9084463228909,16.0,3027.0
1904,2.0,65794.0,司徒雷登,0.9937201142311096,Q836865,Culture.Biography.Biography*,65794.0,301.7323220718968,5.0,1938.0
1905,2.0,65794.0,司徒雷登,0.1067005917429924,Q836865,Culture.Philosophy_and_religion,65794.0,301.7323220718968,5.0,1938.0
1906,2.0,65794.0,司徒雷登,0.0,Q836865,Geography.Regions.Asia.Asia*,65794.0,301.7323220718968,5.0,1938.0
1907,2.0,65794.0,司徒雷登,0.0,Q836865,Geography.Regions.Americas.North_America,65794.0,301.7323220718968,5.0,1938.0
1908,2.0,65794.0,司徒雷登,0.0,Q836865,Geography.Regions.Asia.East_Asia,65794.0,301.7323220718968,5.0,1938.0
1909,3.0,66709.0,哈薩克族,0.59267657995224,Q80040,History_and_Society.Society,66709.0,3998.306973141208,11.0,1918.0
1910,3.0,66709.0,哈薩克族,0.3624016513824463,Q80040,Geography.Regions.Asia.Central_Asia,66709.0,3998.306973141208,11.0,1918.0
1911,3.0,66709.0,哈薩克族,0.037993239402771,Q80040,Geography.Regions.Asia.Asia*,66709.0,3998.306973141208,11.0,1918.0
1912,7.0,66808.0,亚拉巴马州,0.538993239402771,Q173,Geography.Regions.Americas.North_America,66808.0,45435.910486100125,17.0,2373.0
1913,1.0,66943.0,祖母綠,0.9855064153671264,Q43513,STEM.Earth_and_environment,66943.0,0.0,6.0,2353.0
1914,1.0,66943.0,祖母綠,0.9802908897399902,Q43513,STEM.STEM*,66943.0,0.0,6.0,2353.0
1915,13.0,67492.0,悠遊卡,0.8670457601547241,Q707936,Culture.Biography.Biography*,67492.0,59234.82046996005,3.0,3177.0
1916,13.0,67492.0,悠遊卡,0.7773098945617676,Q707936,History_and_Society.Society,67492.0,59234.82046996005,3.0,3177.0
1917,13.0,67492.0,悠遊卡,0.5234303474426271,Q707936,History_and_Society.Business_and_economics,67492.0,59234.82046996005,3.0,3177.0
1918,13.0,67492.0,悠遊卡,0.38304929637908935,Q707936,Geography.Regions.Asia.East_Asia,67492.0,59234.82046996005,3.0,3177.0
1919,13.0,67492.0,悠遊卡,0.3548611869812012,Q707936,Geography.Regions.Asia.Asia*,67492.0,59234.82046996005,3.0,3177.0
1920,13.0,67492.0,悠遊卡,0.3140605390071869,Q707936,STEM.STEM*,67492.0,59234.82046996005,3.0,3177.0
1921,13.0,67492.0,悠遊卡,0.2227101624011993,Q707936,History_and_Society.Transportation,67492.0,59234.82046996005,3.0,3177.0
1922,13.0,67492.0,悠遊卡,0.11597072333097458,Q707936,STEM.Engineering,67492.0,59234.82046996005,3.0,3177.0
1923,1.0,68364.0,廖添丁,1.0000100135803225,Q6540117,Culture.Biography.Biography*,68364.0,0.0,2.0,2870.0
1924,1.0,68364.0,廖添丁,0.952584147453308,Q6540117,History_and_Society.Society,68364.0,0.0,2.0,2870.0
1925,1.0,68364.0,廖添丁,0.4883575310707092,Q6540117,Geography.Regions.Asia.East_Asia,68364.0,0.0,2.0,2870.0
1926,1.0,68364.0,廖添丁,0.4792908897399902,Q6540117,Geography.Regions.Asia.Asia*,68364.0,0.0,2.0,2870.0
1927,7.0,68460.0,大将,0.9416641592979432,Q155327,History_and_Society.Military_and_warfare,68460.0,9146.620428137616,5.0,2617.0
1928,7.0,68460.0,大将,0.19826446676254272,Q155327,Geography.Regions.Europe.Europe*,68460.0,9146.620428137616,5.0,2617.0
1929,7.0,68460.0,大将,0.15036486291885376,Q155327,Geography.Regions.Europe.Western_Europe,68460.0,9146.620428137616,5.0,2617.0
1930,7.0,68460.0,大将,0.10088862478733064,Q155327,History_and_Society.Society,68460.0,9146.620428137616,5.0,2617.0
1931,7.0,68460.0,大将,0.0,Q155327,Geography.Regions.Europe.Southern_Europe,68460.0,9146.620428137616,5.0,2617.0
1932,7.0,68460.0,大将,0.0,Q155327,Geography.Regions.Asia.Asia*,68460.0,9146.620428137616,5.0,2617.0
1933,5.0,68515.0,周作人,0.9808859825134276,Q198051,Culture.Biography.Biography*,68515.0,5191.313517803339,2.0,3834.0
1934,5.0,68515.0,周作人,0.4730526676177978,Q198051,Geography.Regions.Asia.East_Asia,68515.0,5191.313517803339,2.0,3834.0
1935,5.0,68515.0,周作人,0.4556442370414734,Q198051,Geography.Regions.Asia.Asia*,68515.0,5191.313517803339,2.0,3834.0
1936,5.0,68515.0,周作人,0.12253321707248688,Q198051,Culture.Literature,68515.0,5191.313517803339,2.0,3834.0
1937,22.0,69812.0,無期徒刑,0.8933194279670715,Q68676,History_and_Society.Politics_and_government,69812.0,146020.25367100572,2.0,3572.0
1938,22.0,69812.0,無期徒刑,0.11921291798353195,Q68676,STEM.Medicine_&_Health,69812.0,146020.25367100572,2.0,3572.0
1939,22.0,69812.0,無期徒刑,0.0,Q68676,Geography.Regions.Europe.Europe*,69812.0,146020.25367100572,2.0,3572.0
1940,3.0,69814.0,李叔同,0.99567848443985,Q5895726,Culture.Biography.Biography*,69814.0,4181.535569103365,2.0,3420.0
1941,3.0,69814.0,李叔同,0.4440047016143799,Q5895726,Geography.Regions.Asia.East_Asia,69814.0,4181.535569103365,2.0,3420.0
1942,3.0,69814.0,李叔同,0.4274188151359558,Q5895726,Geography.Regions.Asia.Asia*,69814.0,4181.535569103365,2.0,3420.0
1943,3.0,69814.0,李叔同,0.10088862478733064,Q5895726,Culture.Visual_arts.Visual_arts*,69814.0,4181.535569103365,2.0,3420.0
1944,3.0,69986.0,香港特別行政區區旗,0.9985549449920654,Q186456,History_and_Society.History,69986.0,2583.2132855615905,5.0,2221.0
1945,3.0,69986.0,香港特別行政區區旗,0.0,Q186456,Geography.Regions.Asia.Asia*,69986.0,2583.2132855615905,5.0,2221.0
1946,3.0,69986.0,香港特別行政區區旗,0.0,Q186456,Geography.Regions.Asia.East_Asia,69986.0,2583.2132855615905,5.0,2221.0
1947,3.0,69986.0,香港特別行政區區旗,0.0,Q186456,Geography.Regions.Europe.Europe*,69986.0,2583.2132855615905,5.0,2221.0
1948,10.0,70033.0,虎尾鎮,1.0000100135803225,Q708799,Culture.Biography.Biography*,70033.0,22947.24746448834,5.0,2075.0
1949,10.0,70033.0,虎尾鎮,0.9996640086174012,Q708799,Geography.Geographical,70033.0,22947.24746448834,5.0,2075.0
1950,10.0,70033.0,虎尾鎮,0.9996640086174012,Q708799,History_and_Society.Society,70033.0,22947.24746448834,5.0,2075.0
1951,10.0,70033.0,虎尾鎮,0.998876452445984,Q708799,Geography.Regions.Asia.East_Asia,70033.0,22947.24746448834,5.0,2075.0
1952,10.0,70033.0,虎尾鎮,0.99567848443985,Q708799,Geography.Regions.Asia.Asia*,70033.0,22947.24746448834,5.0,2075.0
1953,2.0,70447.0,顾炎武,0.8596737384796143,Q1195906,Culture.Biography.Biography*,70447.0,334.05989888693864,11.0,1661.0
1954,2.0,70447.0,顾炎武,0.42531375789642334,Q1195906,Geography.Regions.Asia.East_Asia,70447.0,334.05989888693864,11.0,1661.0
1955,2.0,70447.0,顾炎武,0.38304929637908935,Q1195906,Geography.Regions.Asia.Asia*,70447.0,334.05989888693864,11.0,1661.0
1956,2.0,70447.0,顾炎武,0.21734751760959625,Q1195906,Culture.Philosophy_and_religion,70447.0,334.05989888693864,11.0,1661.0
1957,8.0,70459.0,味全龍,1.0000100135803225,Q697128,Culture.Biography.Biography*,70459.0,16661.468354405657,4.0,3289.0
1958,8.0,70459.0,味全龍,0.9990989565849304,Q697128,History_and_Society.Society,70459.0,16661.468354405657,4.0,3289.0
1959,8.0,70459.0,味全龍,0.9777238368988036,Q697128,Culture.Sports,70459.0,16661.468354405657,4.0,3289.0
1960,8.0,70459.0,味全龍,0.4986530413627625,Q697128,Geography.Regions.Asia.East_Asia,70459.0,16661.468354405657,4.0,3289.0
1961,8.0,70459.0,味全龍,0.4964591135978698,Q697128,Geography.Regions.Asia.Asia*,70459.0,16661.468354405657,4.0,3289.0
1962,4.0,70522.0,陳元光,0.9481645226478576,Q3846554,Culture.Biography.Biography*,70522.0,4851.054240316756,4.0,2111.0
1963,4.0,70522.0,陳元光,0.5234303474426271,Q3846554,Culture.Literature,70522.0,4851.054240316756,4.0,2111.0
1964,4.0,70522.0,陳元光,0.4914327731132507,Q3846554,Geography.Regions.Asia.East_Asia,70522.0,4851.054240316756,4.0,2111.0
1965,4.0,70522.0,陳元光,0.4886818399429321,Q3846554,Geography.Regions.Asia.Asia*,70522.0,4851.054240316756,4.0,2111.0
1966,4.0,70522.0,陳元光,0.12253321707248688,Q3846554,Culture.Philosophy_and_religion,70522.0,4851.054240316756,4.0,2111.0
1967,2.0,70600.0,卡利古拉,0.9748311638832092,Q1409,Culture.Biography.Biography*,70600.0,3942.0,11.0,2686.0
1968,2.0,70600.0,卡利古拉,0.951152205467224,Q1409,History_and_Society.History,70600.0,3942.0,11.0,2686.0
1969,2.0,70600.0,卡利古拉,0.6370407938957214,Q1409,History_and_Society.Military_and_warfare,70600.0,3942.0,11.0,2686.0
1970,2.0,70600.0,卡利古拉,0.14415885508060455,Q1409,Culture.Philosophy_and_religion,70600.0,3942.0,11.0,2686.0
1971,2.0,70600.0,卡利古拉,0.08411114120483397,Q1409,Geography.Regions.Europe.Europe*,70600.0,3942.0,11.0,2686.0
1972,2.0,70600.0,卡利古拉,0.0,Q1409,Geography.Regions.Europe.Southern_Europe,70600.0,3942.0,11.0,2686.0
1973,2.0,70600.0,卡利古拉,0.0,Q1409,Geography.Regions.Europe.Eastern_Europe,70600.0,3942.0,11.0,2686.0
1974,2.0,70720.0,井上雄彦,0.992888569831848,Q459911,Culture.Biography.Biography*,70720.0,2607.540511679559,12.0,3453.0
1975,2.0,70720.0,井上雄彦,0.9777238368988036,Q459911,Culture.Visual_arts.Visual_arts*,70720.0,2607.540511679559,12.0,3453.0
1976,2.0,70720.0,井上雄彦,0.9770326614379884,Q459911,Culture.Visual_arts.Comics_and_Anime,70720.0,2607.540511679559,12.0,3453.0
1977,2.0,70720.0,井上雄彦,0.9481645226478576,Q459911,Culture.Literature,70720.0,2607.540511679559,12.0,3453.0
1978,2.0,70720.0,井上雄彦,0.0,Q459911,Geography.Regions.Asia.East_Asia,70720.0,2607.540511679559,12.0,3453.0
1979,2.0,70720.0,井上雄彦,0.0,Q459911,Geography.Regions.Asia.Asia*,70720.0,2607.540511679559,12.0,3453.0
1980,1.0,70755.0,新詩,0.812877357006073,Q6888589,Culture.Literature,70755.0,0.0,2.0,2813.0
1981,1.0,70755.0,新詩,0.10088862478733064,Q6888589,History_and_Society.History,70755.0,0.0,2.0,2813.0
1982,1.0,70755.0,新詩,0.0,Q6888589,Geography.Regions.Europe.Europe*,70755.0,0.0,2.0,2813.0
1983,9.0,71158.0,收视率,0.3629792034626007,Q847520,History_and_Society.Business_and_economics,71158.0,36761.38340103883,2.0,2863.0
1984,9.0,71158.0,收视率,0.14805719256401062,Q847520,STEM.STEM*,71158.0,36761.38340103883,2.0,2863.0
1985,9.0,71158.0,收视率,0.14034625887870789,Q847520,Culture.Media.Radio,71158.0,36761.38340103883,2.0,2863.0
1986,9.0,71158.0,收视率,0.0,Q847520,Geography.Regions.Europe.Europe*,71158.0,36761.38340103883,2.0,2863.0
1987,2.0,71239.0,谷雨,0.9808859825134276,Q1325032,STEM.STEM*,71239.0,0.0,11.0,3313.0
1988,2.0,71239.0,谷雨,0.4955265989303589,Q1325032,Geography.Regions.Asia.East_Asia,71239.0,0.0,11.0,3313.0
1989,2.0,71239.0,谷雨,0.4792908897399902,Q1325032,Geography.Regions.Asia.Asia*,71239.0,0.0,11.0,3313.0
1990,2.0,71552.0,小橋,0.9362950325012208,Q5025350,Culture.Biography.Biography*,71552.0,779.9470328341548,12.0,1771.0
1991,2.0,71552.0,小橋,0.2942249774932861,Q5025350,Culture.Biography.Women,71552.0,779.9470328341548,12.0,1771.0
1992,2.0,71552.0,小橋,0.2689514458179474,Q5025350,History_and_Society.History,71552.0,779.9470328341548,12.0,1771.0
1993,2.0,71552.0,小橋,0.0,Q5025350,Geography.Regions.Asia.Asia*,71552.0,779.9470328341548,12.0,1771.0
1994,2.0,71552.0,小橋,0.0,Q5025350,Geography.Regions.Asia.East_Asia,71552.0,779.9470328341548,12.0,1771.0
1995,2.0,71552.0,小橋,0.0,Q5025350,Geography.Regions.Europe.Europe*,71552.0,779.9470328341548,12.0,1771.0
1996,8.0,72015.0,古典自由主义,0.94500470161438,Q794394,History_and_Society.Politics_and_government,72015.0,2026.7128686473968,0.0,1726.0
1997,8.0,72015.0,古典自由主义,0.5698626637458801,Q794394,Culture.Philosophy_and_religion,72015.0,2026.7128686473968,0.0,1726.0
1998,8.0,72015.0,古典自由主义,0.0,Q794394,Geography.Regions.Americas.North_America,72015.0,2026.7128686473968,0.0,1726.0
1999,8.0,72015.0,古典自由主义,0.0,Q794394,Geography.Regions.Asia.Asia*,72015.0,2026.7128686473968,0.0,1726.0
2000,8.0,72015.0,古典自由主义,0.0,Q794394,Geography.Regions.Asia.East_Asia,72015.0,2026.7128686473968,0.0,1726.0
2001,14.0,72044.0,荷莉·貝瑞,0.9908843636512756,Q1033016,Culture.Biography.Biography*,72044.0,33207.023215825895,6.0,2343.0
2002,14.0,72044.0,荷莉·貝瑞,0.9808859825134276,Q1033016,Culture.Biography.Women,72044.0,33207.023215825895,6.0,2343.0
2003,14.0,72044.0,荷莉·貝瑞,0.5234303474426271,Q1033016,Culture.Media.Media*,72044.0,33207.023215825895,6.0,2343.0
2004,14.0,72044.0,荷莉·貝瑞,0.3509628047943115,Q1033016,Geography.Regions.Americas.North_America,72044.0,33207.023215825895,6.0,2343.0
2005,14.0,72044.0,荷莉·貝瑞,0.3276783227920532,Q1033016,Culture.Media.Films,72044.0,33207.023215825895,6.0,2343.0
2006,14.0,72044.0,荷莉·貝瑞,0.22816647589206696,Q1033016,History_and_Society.Society,72044.0,33207.023215825895,6.0,2343.0
2007,14.0,72044.0,荷莉·貝瑞,0.16886694729328156,Q1033016,Culture.Literature,72044.0,33207.023215825895,6.0,2343.0
2008,14.0,72044.0,荷莉·貝瑞,0.1294127255678177,Q1033016,Culture.Media.Music,72044.0,33207.023215825895,6.0,2343.0
2009,14.0,72044.0,荷莉·貝瑞,0.10088862478733064,Q1033016,Culture.Visual_arts.Visual_arts*,72044.0,33207.023215825895,6.0,2343.0
2010,9.0,72462.0,明尼蘇達州,0.9284188151359558,Q1527,Geography.Regions.Americas.North_America,72462.0,31696.76305396509,5.0,2575.0
2011,9.0,72462.0,明尼蘇達州,0.8634016513824463,Q1527,Geography.Geographical,72462.0,31696.76305396509,5.0,2575.0
2012,15.0,72563.0,連續電視小說,0.7371681928634644,Q1138628,Culture.Media.Television,72563.0,29934.46712502125,13.0,2566.0
2013,15.0,72563.0,連續電視小說,0.6001983880996704,Q1138628,Culture.Media.Media*,72563.0,29934.46712502125,13.0,2566.0
2014,15.0,72563.0,連續電視小說,0.24217800998687744,Q1138628,Geography.Regions.Asia.Asia*,72563.0,29934.46712502125,13.0,2566.0
2015,15.0,72563.0,連續電視小說,0.1097157895565033,Q1138628,STEM.STEM*,72563.0,29934.46712502125,13.0,2566.0
2016,15.0,72563.0,連續電視小說,0.0,Q1138628,Geography.Regions.Asia.East_Asia,72563.0,29934.46712502125,13.0,2566.0
2017,15.0,72563.0,連續電視小說,0.0,Q1138628,Geography.Regions.Europe.Europe*,72563.0,29934.46712502125,13.0,2566.0
2018,7.0,73640.0,东姑阿都拉曼,0.9875783920288086,Q296317,Culture.Biography.Biography*,73640.0,8658.976738831203,1.0,2304.0
2019,7.0,73640.0,东姑阿都拉曼,0.4440047016143799,Q296317,Geography.Regions.Asia.Asia*,73640.0,8658.976738831203,1.0,2304.0
2020,7.0,73640.0,东姑阿都拉曼,0.3764868249893189,Q296317,Geography.Regions.Asia.Southeast_Asia,73640.0,8658.976738831203,1.0,2304.0
2021,7.0,73640.0,东姑阿都拉曼,0.1520422399044037,Q296317,History_and_Society.Politics_and_government,73640.0,8658.976738831203,1.0,2304.0
2022,1.0,74169.0,哥倫比亞號太空梭,0.9796776771545409,Q54383,STEM.STEM*,74169.0,0.0,10.0,1023.0
2023,1.0,74169.0,哥倫比亞號太空梭,0.967909336090088,Q54383,History_and_Society.Transportation,74169.0,0.0,10.0,1023.0
2024,1.0,74169.0,哥倫比亞號太空梭,0.9099169969558716,Q54383,STEM.Space,74169.0,0.0,10.0,1023.0
2025,1.0,74169.0,哥倫比亞號太空梭,0.6442351341247559,Q54383,STEM.Technology,74169.0,0.0,10.0,1023.0
2026,1.0,74169.0,哥倫比亞號太空梭,0.59267657995224,Q54383,STEM.Engineering,74169.0,0.0,10.0,1023.0
2027,1.0,74169.0,哥倫比亞號太空梭,0.3469777574539185,Q54383,Geography.Regions.Americas.North_America,74169.0,0.0,10.0,1023.0
2028,1.0,74169.0,哥倫比亞號太空梭,0.1259327530860901,Q54383,Culture.Biography.Biography*,74169.0,0.0,10.0,1023.0
2029,2.0,74628.0,金載圭,0.9955416321754456,Q623475,Culture.Biography.Biography*,74628.0,3942.0,0.0,2594.0
2030,2.0,74628.0,金載圭,0.4687954058647156,Q623475,Geography.Regions.Asia.East_Asia,74628.0,3942.0,0.0,2594.0
2031,2.0,74628.0,金載圭,0.4678661694526672,Q623475,Geography.Regions.Asia.Asia*,74628.0,3942.0,0.0,2594.0
2032,2.0,74628.0,金載圭,0.3702353835105896,Q623475,History_and_Society.Military_and_warfare,74628.0,3942.0,0.0,2594.0
2033,2.0,74628.0,金載圭,0.15611489117145538,Q623475,History_and_Society.Politics_and_government,74628.0,3942.0,0.0,2594.0
2034,5.0,74763.0,阿伊努語,0.8933194279670715,Q27969,Culture.Linguistics,74763.0,15614.622683657422,13.0,1238.0
2035,5.0,74763.0,阿伊努語,0.4378334879875183,Q27969,Geography.Regions.Asia.Asia*,74763.0,15614.622683657422,13.0,1238.0
2036,5.0,74763.0,阿伊努語,0.320831298828125,Q27969,Geography.Regions.Asia.East_Asia,74763.0,15614.622683657422,13.0,1238.0
2037,5.0,74763.0,阿伊努語,0.13297423720359802,Q27969,History_and_Society.Society,74763.0,15614.622683657422,13.0,1238.0
2038,5.0,74763.0,阿伊努語,0.13297423720359802,Q27969,Culture.Biography.Biography*,74763.0,15614.622683657422,13.0,1238.0
2039,2.0,75285.0,鳖,0.9994029402732848,Q374835,STEM.Biology,75285.0,3285.1888997693745,11.0,1765.0
2040,2.0,75285.0,鳖,0.9990700483322144,Q374835,STEM.STEM*,75285.0,3285.1888997693745,11.0,1765.0
2041,11.0,75493.0,第8號當舖,1.0000100135803225,Q7156314,Culture.Biography.Biography*,75493.0,27657.476774639614,4.0,2890.0
2042,11.0,75493.0,第8號當舖,0.9996640086174012,Q7156314,History_and_Society.Society,75493.0,27657.476774639614,4.0,2890.0
2043,11.0,75493.0,第8號當舖,0.9615437984466552,Q7156314,Culture.Media.Television,75493.0,27657.476774639614,4.0,2890.0
2044,11.0,75493.0,第8號當舖,0.951152205467224,Q7156314,Culture.Media.Media*,75493.0,27657.476774639614,4.0,2890.0
2045,11.0,75493.0,第8號當舖,0.4966868629455566,Q7156314,Geography.Regions.Asia.East_Asia,75493.0,27657.476774639614,4.0,2890.0
2046,11.0,75493.0,第8號當舖,0.4798859825134277,Q7156314,Geography.Regions.Asia.Asia*,75493.0,27657.476774639614,4.0,2890.0
2047,3.0,75979.0,奥斯威辛集中营,0.91965252161026,Q7341,Geography.Regions.Europe.Europe*,75979.0,4671.293376686979,10.0,3583.0
2048,3.0,75979.0,奥斯威辛集中营,0.812877357006073,Q7341,Geography.Regions.Europe.Western_Europe,75979.0,4671.293376686979,10.0,3583.0
2049,3.0,75979.0,奥斯威辛集中营,0.754925012588501,Q7341,History_and_Society.History,75979.0,4671.293376686979,10.0,3583.0
2050,3.0,75979.0,奥斯威辛集中营,0.7057950496673584,Q7341,Geography.Regions.Europe.Eastern_Europe,75979.0,4671.293376686979,10.0,3583.0
2051,3.0,75979.0,奥斯威辛集中营,0.6150978803634644,Q7341,Culture.Philosophy_and_religion,75979.0,4671.293376686979,10.0,3583.0
2052,3.0,75979.0,奥斯威辛集中营,0.5156299471855164,Q7341,History_and_Society.Politics_and_government,75979.0,4671.293376686979,10.0,3583.0
2053,3.0,75979.0,奥斯威辛集中营,0.5078218579292297,Q7341,History_and_Society.Military_and_warfare,75979.0,4671.293376686979,10.0,3583.0
2054,3.0,75979.0,奥斯威辛集中营,0.18714269995689392,Q7341,History_and_Society.Society,75979.0,4671.293376686979,10.0,3583.0
2055,3.0,75979.0,奥斯威辛集中营,0.16027602553367615,Q7341,Geography.Regions.Asia.Asia*,75979.0,4671.293376686979,10.0,3583.0
2056,3.0,75979.0,奥斯威辛集中营,0.16027602553367615,Q7341,STEM.STEM*,75979.0,4671.293376686979,10.0,3583.0
2057,3.0,75979.0,奥斯威辛集中营,0.15611489117145538,Q7341,History_and_Society.Business_and_economics,75979.0,4671.293376686979,10.0,3583.0
2058,1.0,76120.0,脚气病,1.0000100135803225,Q184084,STEM.STEM*,76120.0,0.0,10.0,2841.0
2059,1.0,76120.0,脚气病,1.0000100135803225,Q184084,STEM.Medicine_&_Health,76120.0,0.0,10.0,2841.0
2060,10.0,76137.0,俄勒冈州,0.9263137578964232,Q824,Geography.Regions.Americas.North_America,76137.0,24198.834168035384,5.0,3023.0
2061,10.0,76137.0,俄勒冈州,0.22816647589206696,Q824,Geography.Geographical,76137.0,24198.834168035384,5.0,3023.0
2062,8.0,76145.0,康乃狄克州,0.9777238368988036,Q779,Geography.Geographical,76145.0,25333.199995320327,5.0,4089.0
2063,8.0,76145.0,康乃狄克州,0.8872146010398865,Q779,Geography.Regions.Americas.North_America,76145.0,25333.199995320327,5.0,4089.0
2064,8.0,76145.0,康乃狄克州,0.10375863313674928,Q779,History_and_Society.Politics_and_government,76145.0,25333.199995320327,5.0,4089.0
2065,8.0,76145.0,康乃狄克州,0.10375863313674928,Q779,History_and_Society.Society,76145.0,25333.199995320327,5.0,4089.0
2066,7.0,76153.0,爱达荷州,0.9481645226478576,Q1221,Geography.Geographical,76153.0,15129.76486695423,5.0,2414.0
2067,7.0,76153.0,爱达荷州,0.8267217874526978,Q1221,Geography.Regions.Americas.North_America,76153.0,15129.76486695423,5.0,2414.0
2068,7.0,76153.0,爱达荷州,0.11921291798353195,Q1221,History_and_Society.Society,76153.0,15129.76486695423,5.0,2414.0
2069,9.0,76176.0,素食主義,0.4225146472454071,Q83364,Culture.Philosophy_and_religion,76176.0,75383.91640904256,10.0,2862.0
2070,9.0,76176.0,素食主義,0.40734341740608215,Q83364,History_and_Society.Society,76176.0,75383.91640904256,10.0,2862.0
2071,9.0,76176.0,素食主義,0.275139719247818,Q83364,STEM.STEM*,76176.0,75383.91640904256,10.0,2862.0
2072,9.0,76176.0,素食主義,0.12253321707248688,Q83364,Culture.Food_and_drink,76176.0,75383.91640904256,10.0,2862.0
2073,9.0,76176.0,素食主義,0.11921291798353195,Q83364,STEM.Medicine_&_Health,76176.0,75383.91640904256,10.0,2862.0
2074,11.0,76511.0,圣多美和普林西比,0.9697954058647156,Q1039,Geography.Geographical,76511.0,5401.388367510557,10.0,2955.0
2075,11.0,76511.0,圣多美和普林西比,0.4225146472454071,Q1039,Geography.Regions.Europe.Europe*,76511.0,5401.388367510557,10.0,2955.0
2076,11.0,76511.0,圣多美和普林西比,0.2689514458179474,Q1039,Geography.Regions.Africa.Africa*,76511.0,5401.388367510557,10.0,2955.0
2077,11.0,76511.0,圣多美和普林西比,0.11280541121959685,Q1039,History_and_Society.Politics_and_government,76511.0,5401.388367510557,10.0,2955.0
2078,14.0,76548.0,马来语,0.974052667617798,Q9237,Culture.Linguistics,76548.0,63526.949053355616,3.0,2845.0
2079,14.0,76548.0,马来语,0.3764868249893189,Q9237,Geography.Regions.Asia.Southeast_Asia,76548.0,63526.949053355616,3.0,2845.0
2080,14.0,76548.0,马来语,0.3509628047943115,Q9237,Geography.Regions.Asia.Asia*,76548.0,63526.949053355616,3.0,2845.0
2081,24.0,76770.0,顧嘉煇,0.98678719997406,Q698537,Culture.Biography.Biography*,76770.0,69028.72391896433,12.0,2928.0
2082,24.0,76770.0,顧嘉煇,0.3073680400848389,Q698537,Culture.Media.Media*,76770.0,69028.72391896433,12.0,2928.0
2083,24.0,76770.0,顧嘉煇,0.10088862478733064,Q698537,Culture.Media.Music,76770.0,69028.72391896433,12.0,2928.0
2084,24.0,76770.0,顧嘉煇,0.0,Q698537,Geography.Regions.Asia.Asia*,76770.0,69028.72391896433,12.0,2928.0
2085,24.0,76770.0,顧嘉煇,0.0,Q698537,Geography.Regions.Asia.East_Asia,76770.0,69028.72391896433,12.0,2928.0
2086,7.0,77282.0,海伦·亨特,0.9991269707679749,Q170574,Culture.Biography.Biography*,77282.0,458.9540888958711,6.0,2851.0
2087,7.0,77282.0,海伦·亨特,0.9879562258720398,Q170574,Culture.Biography.Women,77282.0,458.9540888958711,6.0,2851.0
2088,7.0,77282.0,海伦·亨特,0.3073680400848389,Q170574,Culture.Media.Media*,77282.0,458.9540888958711,6.0,2851.0
2089,7.0,77282.0,海伦·亨特,0.22816647589206696,Q170574,History_and_Society.Society,77282.0,458.9540888958711,6.0,2851.0
2090,7.0,77282.0,海伦·亨特,0.18495945835113525,Q170574,Geography.Regions.Americas.North_America,77282.0,458.9540888958711,6.0,2851.0
2091,7.0,77282.0,海伦·亨特,0.16452647745609286,Q170574,Culture.Literature,77282.0,458.9540888958711,6.0,2851.0
2092,7.0,77282.0,海伦·亨特,0.14415885508060455,Q170574,Culture.Performing_arts,77282.0,458.9540888958711,6.0,2851.0
2093,7.0,77282.0,海伦·亨特,0.10375863313674928,Q170574,History_and_Society.History,77282.0,458.9540888958711,6.0,2851.0
2094,7.0,77282.0,海伦·亨特,0.10088862478733064,Q170574,Culture.Media.Television,77282.0,458.9540888958711,6.0,2851.0
2095,7.0,77282.0,海伦·亨特,0.0,Q170574,Geography.Regions.Europe.Europe*,77282.0,458.9540888958711,6.0,2851.0
2096,5.0,77443.0,喪屍,0.7186043858528137,Q9406,Culture.Literature,77443.0,12070.65411250633,6.0,2839.0
2097,5.0,77443.0,喪屍,0.546748161315918,Q9406,Culture.Philosophy_and_religion,77443.0,12070.65411250633,6.0,2839.0
2098,5.0,77443.0,喪屍,0.5234303474426271,Q9406,STEM.STEM*,77443.0,12070.65411250633,6.0,2839.0
2099,5.0,77443.0,喪屍,0.287777841091156,Q9406,Culture.Visual_arts.Visual_arts*,77443.0,12070.65411250633,6.0,2839.0
2100,5.0,77443.0,喪屍,0.2393593490123749,Q9406,History_and_Society.History,77443.0,12070.65411250633,6.0,2839.0
2101,5.0,77443.0,喪屍,0.19194278120994568,Q9406,Culture.Linguistics,77443.0,12070.65411250633,6.0,2839.0
2102,5.0,77443.0,喪屍,0.16886694729328156,Q9406,STEM.Biology,77443.0,12070.65411250633,6.0,2839.0
2103,5.0,77443.0,喪屍,0.16027602553367615,Q9406,STEM.Technology,77443.0,12070.65411250633,6.0,2839.0
2104,5.0,77443.0,喪屍,0.13297423720359802,Q9406,Culture.Media.Entertainment,77443.0,12070.65411250633,6.0,2839.0
2105,5.0,77443.0,喪屍,0.11597072333097458,Q9406,History_and_Society.Society,77443.0,12070.65411250633,6.0,2839.0
2106,5.0,77443.0,喪屍,0.11280541121959685,Q9406,STEM.Medicine_&_Health,77443.0,12070.65411250633,6.0,2839.0
2107,5.0,77443.0,喪屍,0.1097157895565033,Q9406,Culture.Visual_arts.Comics_and_Anime,77443.0,12070.65411250633,6.0,2839.0
2108,3.0,77531.0,窦娥冤,0.33459946513175964,Q375595,Culture.Media.Media*,77531.0,14268.433923068318,11.0,2747.0
2109,3.0,77531.0,窦娥冤,0.320831298828125,Q375595,Culture.Performing_arts,77531.0,14268.433923068318,11.0,2747.0
2110,3.0,77531.0,窦娥冤,0.3140605390071869,Q375595,Culture.Literature,77531.0,14268.433923068318,11.0,2747.0
2111,3.0,77531.0,窦娥冤,0.12878464365005493,Q375595,Geography.Regions.Asia.East_Asia,77531.0,14268.433923068318,11.0,2747.0
2112,3.0,77531.0,窦娥冤,0.11280541121959685,Q375595,Culture.Media.Books,77531.0,14268.433923068318,11.0,2747.0
2113,3.0,77531.0,窦娥冤,0.11280541121959685,Q375595,Culture.Philosophy_and_religion,77531.0,14268.433923068318,11.0,2747.0
2114,3.0,77531.0,窦娥冤,0.053480433464050285,Q375595,Geography.Regions.Asia.Asia*,77531.0,14268.433923068318,11.0,2747.0
2115,2.0,77785.0,武松,0.4486793746948242,Q3055296,Geography.Regions.Asia.East_Asia,77785.0,3942.0,12.0,2318.0
2116,2.0,77785.0,武松,0.3660457601547241,Q3055296,Geography.Regions.Asia.Asia*,77785.0,3942.0,12.0,2318.0
2117,2.0,77785.0,武松,0.3073680400848389,Q3055296,Culture.Literature,77785.0,3942.0,12.0,2318.0
2118,2.0,78063.0,约翰·拉贝,0.993317186832428,Q57660,Culture.Biography.Biography*,78063.0,4428.558538929009,1.0,3539.0
2119,2.0,78063.0,约翰·拉贝,0.18714269995689392,Q57660,STEM.STEM*,78063.0,4428.558538929009,1.0,3539.0
2120,2.0,78063.0,约翰·拉贝,0.18714269995689392,Q57660,History_and_Society.Business_and_economics,78063.0,4428.558538929009,1.0,3539.0
2121,2.0,78063.0,约翰·拉贝,0.1520422399044037,Q57660,History_and_Society.Military_and_warfare,78063.0,4428.558538929009,1.0,3539.0
2122,2.0,78063.0,约翰·拉贝,0.15036486291885376,Q57660,Geography.Regions.Europe.Western_Europe,78063.0,4428.558538929009,1.0,3539.0
2123,2.0,78063.0,约翰·拉贝,0.12146936559677125,Q57660,Geography.Regions.Europe.Europe*,78063.0,4428.558538929009,1.0,3539.0
2124,2.0,78063.0,约翰·拉贝,0.11597072333097458,Q57660,Culture.Media.Media*,78063.0,4428.558538929009,1.0,3539.0
2125,2.0,78063.0,约翰·拉贝,0.1097157895565033,Q57660,Culture.Philosophy_and_religion,78063.0,4428.558538929009,1.0,3539.0
2126,1.0,78070.0,海瑞,0.951152205467224,Q934891,Culture.Biography.Biography*,78070.0,0.0,11.0,3058.0
2127,1.0,78070.0,海瑞,0.30218379402160644,Q934891,Geography.Regions.Asia.Asia*,78070.0,0.0,11.0,3058.0
2128,1.0,78070.0,海瑞,0.07650540971755981,Q934891,Geography.Regions.Asia.East_Asia,78070.0,0.0,11.0,3058.0
2129,3.0,78452.0,最低合法性行為年齡,0.6150978803634644,Q327538,STEM.STEM*,78452.0,3637.690380569647,12.0,1705.0
2130,3.0,78452.0,最低合法性行為年齡,0.585111141204834,Q327538,History_and_Society.Politics_and_government,78452.0,3637.690380569647,12.0,1705.0
2131,3.0,78452.0,最低合法性行為年齡,0.320831298828125,Q327538,History_and_Society.Society,78452.0,3637.690380569647,12.0,1705.0
2132,3.0,78452.0,最低合法性行為年齡,0.2509227991104126,Q327538,STEM.Medicine_&_Health,78452.0,3637.690380569647,12.0,1705.0
2133,3.0,78452.0,最低合法性行為年齡,0.2509227991104126,Q327538,STEM.Biology,78452.0,3637.690380569647,12.0,1705.0
2134,3.0,78452.0,最低合法性行為年齡,0.15611489117145538,Q327538,STEM.Technology,78452.0,3637.690380569647,12.0,1705.0
2135,3.0,78452.0,最低合法性行為年齡,0.14034625887870789,Q327538,Culture.Philosophy_and_religion,78452.0,3637.690380569647,12.0,1705.0
2136,3.0,78452.0,最低合法性行為年齡,0.13297423720359802,Q327538,History_and_Society.Business_and_economics,78452.0,3637.690380569647,12.0,1705.0
2137,3.0,78452.0,最低合法性行為年齡,0.0,Q327538,Geography.Regions.Americas.North_America,78452.0,3637.690380569647,12.0,1705.0
2138,3.0,78590.0,网球,0.6584275364875793,Q847,Culture.Sports,78590.0,7611.285810895276,3.0,2529.0
2139,3.0,78590.0,网球,0.2509227991104126,Q847,STEM.STEM*,78590.0,7611.285810895276,3.0,2529.0
2140,3.0,78590.0,网球,0.2227101624011993,Q847,History_and_Society.Society,78590.0,7611.285810895276,3.0,2529.0
2141,3.0,78590.0,网球,0.11280541121959685,Q847,Culture.Media.Media*,78590.0,7611.285810895276,3.0,2529.0
2142,7.0,78749.0,葛兰,0.9966334104537964,Q711380,Culture.Biography.Biography*,78749.0,9432.836978758969,12.0,2653.0
2143,7.0,78749.0,葛兰,0.4455395638942719,Q711380,Culture.Biography.Women,78749.0,9432.836978758969,12.0,2653.0
2144,7.0,78749.0,葛兰,0.42531375789642334,Q711380,Geography.Regions.Asia.East_Asia,78749.0,9432.836978758969,12.0,2653.0
2145,7.0,78749.0,葛兰,0.37980710172653204,Q711380,Geography.Regions.Asia.Asia*,78749.0,9432.836978758969,12.0,2653.0
2146,7.0,78749.0,葛兰,0.19194278120994568,Q711380,Culture.Media.Music,78749.0,9432.836978758969,12.0,2653.0
2147,7.0,78749.0,葛兰,0.1732981950044632,Q711380,Culture.Media.Media*,78749.0,9432.836978758969,12.0,2653.0
2148,11.0,78971.0,殘酷一叮,0.9433575868606568,Q6871181,Culture.Media.Television,78971.0,13695.091798342286,12.0,5137.0
2149,11.0,78971.0,殘酷一叮,0.8840492963790894,Q6871181,Culture.Media.Media*,78971.0,13695.091798342286,12.0,5137.0
2150,11.0,78971.0,殘酷一叮,0.15742753648757934,Q6871181,Geography.Regions.Asia.East_Asia,78971.0,13695.091798342286,12.0,5137.0
2151,11.0,78971.0,殘酷一叮,0.06886266374588013,Q6871181,Geography.Regions.Asia.Asia*,78971.0,13695.091798342286,12.0,5137.0
2152,1.0,79012.0,鄭問,1.0000100135803225,Q5090916,Culture.Biography.Biography*,79012.0,0.0,2.0,2159.0
2153,1.0,79012.0,鄭問,0.9553291201591492,Q5090916,History_and_Society.Society,79012.0,0.0,2.0,2159.0
2154,1.0,79012.0,鄭問,0.4543291201591492,Q5090916,Geography.Regions.Asia.Asia*,79012.0,0.0,2.0,2159.0
2155,1.0,79012.0,鄭問,0.4314633479118347,Q5090916,Geography.Regions.Asia.East_Asia,79012.0,0.0,2.0,2159.0
2156,1.0,79012.0,鄭問,0.3415925204753876,Q5090916,Culture.Visual_arts.Visual_arts*,79012.0,0.0,2.0,2159.0
2157,1.0,79012.0,鄭問,0.33459946513175964,Q5090916,Culture.Literature,79012.0,0.0,2.0,2159.0
2158,2.0,79781.0,粉红色,0.7606606483459473,Q429220,STEM.STEM*,79781.0,1593.8640147583812,14.0,2746.0
2159,15.0,80056.0,枪毙,0.91965252161026,Q15747939,History_and_Society.Politics_and_government,80056.0,16699.874660518017,2.0,2083.0
2160,1.0,80151.0,歐龍,0.8962613940238953,Q4562,Culture.Biography.Biography*,80151.0,0.0,8.0,1845.0
2161,1.0,80151.0,歐龍,0.7663036584854126,Q4562,Culture.Media.Media*,80151.0,0.0,8.0,1845.0
2162,1.0,80151.0,歐龍,0.6859594583511353,Q4562,Culture.Media.Music,80151.0,0.0,8.0,1845.0
2163,1.0,80151.0,歐龍,0.0,Q4562,Geography.Regions.Europe.Europe*,80151.0,0.0,8.0,1845.0
2164,1.0,80151.0,歐龍,0.0,Q4562,Geography.Regions.Europe.Eastern_Europe,80151.0,0.0,8.0,1845.0
2165,3.0,80165.0,Dragostea din tei,0.9958112239837646,Q161407,Culture.Media.Music,80165.0,7045.7107867894565,8.0,2570.0
2166,3.0,80165.0,Dragostea din tei,0.9937201142311096,Q161407,Culture.Media.Media*,80165.0,7045.7107867894565,8.0,2570.0
2167,3.0,80165.0,Dragostea din tei,0.08411114120483397,Q161407,Geography.Regions.Europe.Europe*,80165.0,7045.7107867894565,8.0,2570.0
2168,3.0,80165.0,Dragostea din tei,0.0,Q161407,Geography.Regions.Europe.Eastern_Europe,80165.0,7045.7107867894565,8.0,2570.0
2169,3.0,80820.0,松鼠,0.9908843636512756,Q9482,STEM.STEM*,80820.0,6466.742754175125,6.0,2705.0
2170,3.0,80820.0,松鼠,0.989681839942932,Q9482,STEM.Biology,80820.0,6466.742754175125,6.0,2705.0
2171,17.0,82083.0,兵库县,0.9825675487518309,Q130290,Geography.Regions.Asia.East_Asia,82083.0,36121.10357011518,13.0,2351.0
2172,17.0,82083.0,兵库县,0.8933194279670715,Q130290,Geography.Regions.Asia.Asia*,82083.0,36121.10357011518,13.0,2351.0
2173,17.0,82083.0,兵库县,0.4301573634147644,Q130290,Geography.Geographical,82083.0,36121.10357011518,13.0,2351.0
2174,2.0,82180.0,北港朝天宮,0.9946250915527344,Q707970,Culture.Biography.Biography*,82180.0,1524.0286156158695,4.0,3140.0
2175,2.0,82180.0,北港朝天宮,0.989681839942932,Q707970,Geography.Regions.Asia.East_Asia,82180.0,1524.0286156158695,4.0,3140.0
2176,2.0,82180.0,北港朝天宮,0.9796776771545409,Q707970,History_and_Society.Society,82180.0,1524.0286156158695,4.0,3140.0
2177,2.0,82180.0,北港朝天宮,0.9777238368988036,Q707970,Geography.Regions.Asia.Asia*,82180.0,1524.0286156158695,4.0,3140.0
2178,2.0,82180.0,北港朝天宮,0.9241518378257751,Q707970,Culture.Visual_arts.Architecture,82180.0,1524.0286156158695,4.0,3140.0
2179,2.0,82180.0,北港朝天宮,0.9219318628311156,Q707970,Culture.Visual_arts.Visual_arts*,82180.0,1524.0286156158695,4.0,3140.0
2180,2.0,82180.0,北港朝天宮,0.7122421860694885,Q707970,Culture.Philosophy_and_religion,82180.0,1524.0286156158695,4.0,3140.0
2181,2.0,82180.0,北港朝天宮,0.1259327530860901,Q707970,STEM.STEM*,82180.0,1524.0286156158695,4.0,3140.0
2182,2.0,82180.0,北港朝天宮,0.1097157895565033,Q707970,History_and_Society.Military_and_warfare,82180.0,1524.0286156158695,4.0,3140.0
2183,17.0,82209.0,凯瑟琳·赫本,1.0000100135803225,Q56016,Culture.Biography.Women,82209.0,17141.08206817823,6.0,2750.0
2184,17.0,82209.0,凯瑟琳·赫本,0.9992545843124391,Q56016,Culture.Biography.Biography*,82209.0,17141.08206817823,6.0,2750.0
2185,17.0,82209.0,凯瑟琳·赫本,0.946606695652008,Q56016,History_and_Society.History,82209.0,17141.08206817823,6.0,2750.0
2186,17.0,82209.0,凯瑟琳·赫本,0.585111141204834,Q56016,History_and_Society.Society,82209.0,17141.08206817823,6.0,2750.0
2187,17.0,82209.0,凯瑟琳·赫本,0.4378334879875183,Q56016,Culture.Literature,82209.0,17141.08206817823,6.0,2750.0
2188,17.0,82209.0,凯瑟琳·赫本,0.37980710172653204,Q56016,Geography.Regions.Americas.North_America,82209.0,17141.08206817823,6.0,2750.0
2189,17.0,82209.0,凯瑟琳·赫本,0.33459946513175964,Q56016,Culture.Performing_arts,82209.0,17141.08206817823,6.0,2750.0
2190,17.0,82209.0,凯瑟琳·赫本,0.0,Q56016,Geography.Regions.Europe.Northern_Europe,82209.0,17141.08206817823,6.0,2750.0
2191,17.0,82209.0,凯瑟琳·赫本,0.0,Q56016,Geography.Regions.Europe.Europe*,82209.0,17141.08206817823,6.0,2750.0
2192,6.0,82322.0,许广平,0.967909336090088,Q6701484,Culture.Biography.Biography*,82322.0,6427.493185523229,2.0,4217.0
2193,6.0,82322.0,许广平,0.4921981394290924,Q6701484,Culture.Biography.Women,82322.0,6427.493185523229,2.0,4217.0
2194,6.0,82322.0,许广平,0.3952613940238953,Q6701484,Geography.Regions.Asia.East_Asia,82322.0,6427.493185523229,2.0,4217.0
2195,6.0,82322.0,许广平,0.29719679260253906,Q6701484,Geography.Regions.Asia.Asia*,82322.0,6427.493185523229,2.0,4217.0
2196,6.0,82322.0,许广平,0.1294127255678177,Q6701484,Culture.Literature,82322.0,6427.493185523229,2.0,4217.0
2197,6.0,82322.0,许广平,0.11280541121959685,Q6701484,History_and_Society.Politics_and_government,82322.0,6427.493185523229,2.0,4217.0
2198,12.0,82610.0,篠原涼子,0.99219411611557,Q1143639,Culture.Biography.Biography*,82610.0,20845.951125134823,13.0,3373.0
2199,12.0,82610.0,篠原涼子,0.4610267877578736,Q1143639,Culture.Biography.Women,82610.0,20845.951125134823,13.0,3373.0
2200,12.0,82610.0,篠原涼子,0.1824355274438858,Q1143639,Culture.Media.Media*,82610.0,20845.951125134823,13.0,3373.0
2201,12.0,82610.0,篠原涼子,0.16886694729328156,Q1143639,Culture.Media.Music,82610.0,20845.951125134823,13.0,3373.0
2202,12.0,82610.0,篠原涼子,0.12253321707248688,Q1143639,Culture.Literature,82610.0,20845.951125134823,13.0,3373.0
2203,12.0,82610.0,篠原涼子,0.11921291798353195,Q1143639,Culture.Visual_arts.Visual_arts*,82610.0,20845.951125134823,13.0,3373.0
2204,12.0,82610.0,篠原涼子,0.09167657995224,Q1143639,Geography.Regions.Asia.Asia*,82610.0,20845.951125134823,13.0,3373.0
2205,12.0,82610.0,篠原涼子,0.03021936321258545,Q1143639,Geography.Regions.Asia.East_Asia,82610.0,20845.951125134823,13.0,3373.0
2206,12.0,82614.0,神户市,0.8221991658210754,Q48320,Geography.Geographical,82614.0,36451.46126530108,13.0,3346.0
2207,12.0,82614.0,神户市,0.7606606483459473,Q48320,Geography.Regions.Asia.Asia*,82614.0,36451.46126530108,13.0,3346.0
2208,12.0,82614.0,神户市,0.538993239402771,Q48320,Geography.Regions.Asia.East_Asia,82614.0,36451.46126530108,13.0,3346.0
2209,7.0,82820.0,人工智能 (电影),0.9958112239837646,Q221113,Culture.Media.Media*,82820.0,8044.601502819203,6.0,3763.0
2210,7.0,82820.0,人工智能 (电影),0.994455099105835,Q221113,Culture.Media.Films,82820.0,8044.601502819203,6.0,3763.0
2211,7.0,82820.0,人工智能 (电影),0.7057950496673584,Q221113,Culture.Media.Entertainment,82820.0,8044.601502819203,6.0,3763.0
2212,7.0,82820.0,人工智能 (电影),0.0,Q221113,Geography.Regions.Americas.North_America,82820.0,8044.601502819203,6.0,3763.0
2213,6.0,82968.0,蔡锷,0.9985549449920654,Q702808,Culture.Biography.Biography*,82968.0,11696.461967534236,2.0,2962.0
2214,6.0,82968.0,蔡锷,0.493098961353302,Q702808,Geography.Regions.Asia.East_Asia,82968.0,11696.461967534236,2.0,2962.0
2215,6.0,82968.0,蔡锷,0.4901626577377319,Q702808,Geography.Regions.Asia.Asia*,82968.0,11696.461967534236,2.0,2962.0
2216,6.0,82968.0,蔡锷,0.3557848632335663,Q702808,History_and_Society.Military_and_warfare,82968.0,11696.461967534236,2.0,2962.0
2217,3.0,83711.0,成田国际机场,0.9706977605819702,Q36454,History_and_Society.Transportation,83711.0,0.5,10.0,2293.0
2218,3.0,83711.0,成田国际机场,0.9637899398803712,Q36454,STEM.Engineering,83711.0,0.5,10.0,2293.0
2219,3.0,83711.0,成田国际机场,0.9433575868606568,Q36454,STEM.STEM*,83711.0,0.5,10.0,2293.0
2220,3.0,83711.0,成田国际机场,0.9416641592979432,Q36454,Geography.Regions.Asia.Asia*,83711.0,0.5,10.0,2293.0
2221,3.0,83711.0,成田国际机场,0.9381340146064758,Q36454,Geography.Regions.Asia.East_Asia,83711.0,0.5,10.0,2293.0
2222,21.0,84270.0,去中國化,0.2942249774932861,Q5264465,STEM.STEM*,84270.0,68936.55957845517,5.0,3544.0
2223,21.0,84270.0,去中國化,0.0,Q5264465,Geography.Regions.Asia.Asia*,84270.0,68936.55957845517,5.0,3544.0
2224,21.0,84270.0,去中國化,0.0,Q5264465,Geography.Regions.Americas.North_America,84270.0,68936.55957845517,5.0,3544.0
2225,21.0,84270.0,去中國化,0.0,Q5264465,Geography.Regions.Europe.Europe*,84270.0,68936.55957845517,5.0,3544.0
2226,17.0,84524.0,反分裂國家法,0.9796776771545409,Q574556,History_and_Society.Society,84524.0,14000.6064196536,5.0,2328.0
2227,17.0,84524.0,反分裂國家法,0.9790457487106324,Q574556,Culture.Biography.Biography*,84524.0,14000.6064196536,5.0,2328.0
2228,17.0,84524.0,反分裂國家法,0.5621865391731262,Q574556,History_and_Society.Politics_and_government,84524.0,14000.6064196536,5.0,2328.0
2229,17.0,84524.0,反分裂國家法,0.4857871999740601,Q574556,Geography.Regions.Asia.East_Asia,84524.0,14000.6064196536,5.0,2328.0
2230,17.0,84524.0,反分裂國家法,0.4730526676177978,Q574556,Geography.Regions.Asia.Asia*,84524.0,14000.6064196536,5.0,2328.0
2231,17.0,84524.0,反分裂國家法,0.2120788097381592,Q574556,Culture.Media.Media*,84524.0,14000.6064196536,5.0,2328.0
2232,17.0,84524.0,反分裂國家法,0.1968362182378769,Q574556,STEM.STEM*,84524.0,14000.6064196536,5.0,2328.0
2233,6.0,84999.0,红色恐怖,0.4225146472454071,Q542291,History_and_Society.History,84999.0,5019.727132994121,1.0,1399.0
2234,6.0,84999.0,红色恐怖,0.3629792034626007,Q542291,History_and_Society.Military_and_warfare,84999.0,5019.727132994121,1.0,1399.0
2235,6.0,84999.0,红色恐怖,0.3007555902004242,Q542291,History_and_Society.Politics_and_government,84999.0,5019.727132994121,1.0,1399.0
2236,6.0,84999.0,红色恐怖,0.1732981950044632,Q542291,History_and_Society.Society,84999.0,5019.727132994121,1.0,1399.0
2237,6.0,84999.0,红色恐怖,0.1259327530860901,Q542291,STEM.STEM*,84999.0,5019.727132994121,1.0,1399.0
2238,6.0,84999.0,红色恐怖,0.1097157895565033,Q542291,Culture.Philosophy_and_religion,84999.0,5019.727132994121,1.0,1399.0
2239,6.0,84999.0,红色恐怖,0.0,Q542291,Geography.Regions.Asia.Asia*,84999.0,5019.727132994121,1.0,1399.0
2240,6.0,84999.0,红色恐怖,0.0,Q542291,Geography.Regions.Europe.Europe*,84999.0,5019.727132994121,1.0,1399.0
2241,6.0,84999.0,红色恐怖,0.0,Q542291,Geography.Regions.Europe.Eastern_Europe,84999.0,5019.727132994121,1.0,1399.0
2242,12.0,85439.0,圣卢西亚,0.9724247455596924,Q760,Geography.Geographical,85439.0,22461.32585876897,1.0,2600.0
2243,12.0,85439.0,圣卢西亚,0.4532718360424042,Q760,Geography.Regions.Americas.Central_America,85439.0,22461.32585876897,1.0,2600.0
2244,12.0,85439.0,圣卢西亚,0.1520422399044037,Q760,Geography.Regions.Europe.Europe*,85439.0,22461.32585876897,1.0,2600.0
2245,14.0,85446.0,圣文森特和格林纳丁斯,0.989681839942932,Q757,Geography.Geographical,85446.0,51314.913022212415,5.0,4203.0
2246,14.0,85446.0,圣文森特和格林纳丁斯,0.6723417043685913,Q757,Geography.Regions.Americas.Central_America,85446.0,51314.913022212415,5.0,4203.0
2247,14.0,85446.0,圣文森特和格林纳丁斯,0.21734751760959625,Q757,Geography.Regions.Europe.Europe*,85446.0,51314.913022212415,5.0,4203.0
2248,14.0,85446.0,圣文森特和格林纳丁斯,0.1097157895565033,Q757,History_and_Society.Politics_and_government,85446.0,51314.913022212415,5.0,4203.0
2249,5.0,86116.0,泛美航空,0.9219318628311156,Q8681,History_and_Society.Transportation,86116.0,18730.819496437827,13.0,2033.0
2250,5.0,86116.0,泛美航空,0.8933194279670715,Q8681,STEM.Engineering,86116.0,18730.819496437827,13.0,2033.0
2251,5.0,86116.0,泛美航空,0.8670457601547241,Q8681,STEM.STEM*,86116.0,18730.819496437827,13.0,2033.0
2252,5.0,86116.0,泛美航空,0.24509501457214355,Q8681,History_and_Society.Business_and_economics,86116.0,18730.819496437827,13.0,2033.0
2253,5.0,86116.0,泛美航空,0.0,Q8681,Geography.Regions.Americas.North_America,86116.0,18730.819496437827,13.0,2033.0
2254,5.0,86116.0,泛美航空,0.0,Q8681,Geography.Regions.Europe.Europe*,86116.0,18730.819496437827,13.0,2033.0
2255,5.0,86116.0,泛美航空,0.0,Q8681,Geography.Regions.Europe.Northern_Europe,86116.0,18730.819496437827,13.0,2033.0
2256,16.0,86430.0,东芝,0.9566442370414734,Q49125,History_and_Society.Business_and_economics,86430.0,61871.276956640046,13.0,2635.0
2257,16.0,86430.0,东芝,0.7122421860694885,Q49125,STEM.STEM*,86430.0,61871.276956640046,13.0,2635.0
2258,16.0,86430.0,东芝,0.5078218579292297,Q49125,STEM.Technology,86430.0,61871.276956640046,13.0,2635.0
2259,16.0,86430.0,东芝,0.2393593490123749,Q49125,STEM.Computing,86430.0,61871.276956640046,13.0,2635.0
2260,16.0,86430.0,东芝,0.04574816131591797,Q49125,Geography.Regions.Asia.Asia*,86430.0,61871.276956640046,13.0,2635.0
2261,16.0,86430.0,东芝,0.0,Q49125,Geography.Regions.Asia.East_Asia,86430.0,61871.276956640046,13.0,2635.0
2262,1.0,86522.0,波士頓傾茶事件,0.4610267877578736,Q19024,Geography.Regions.Americas.North_America,86522.0,0.0,1.0,1846.0
2263,1.0,86522.0,波士頓傾茶事件,0.2393593490123749,Q19024,History_and_Society.History,86522.0,0.0,1.0,1846.0
2264,1.0,86522.0,波士頓傾茶事件,0.20182321965694427,Q19024,History_and_Society.Politics_and_government,86522.0,0.0,1.0,1846.0
2265,1.0,86522.0,波士頓傾茶事件,0.16452647745609286,Q19024,Culture.Biography.Biography*,86522.0,0.0,1.0,1846.0
2266,1.0,86522.0,波士頓傾茶事件,0.15611489117145538,Q19024,Culture.Philosophy_and_religion,86522.0,0.0,1.0,1846.0
2267,1.0,86522.0,波士頓傾茶事件,0.1520422399044037,Q19024,History_and_Society.Military_and_warfare,86522.0,0.0,1.0,1846.0
2268,1.0,86522.0,波士頓傾茶事件,0.13297423720359802,Q19024,History_and_Society.Society,86522.0,0.0,1.0,1846.0
2269,1.0,86522.0,波士頓傾茶事件,0.1259327530860901,Q19024,STEM.STEM*,86522.0,0.0,1.0,1846.0
2270,1.0,86522.0,波士頓傾茶事件,0.1067005917429924,Q19024,Culture.Biography.Women,86522.0,0.0,1.0,1846.0
2271,1.0,86522.0,波士頓傾茶事件,0.10375863313674928,Q19024,Geography.Regions.Europe.Europe*,86522.0,0.0,1.0,1846.0
2272,30.0,86769.0,台灣地位未定論,0.2942249774932861,Q6129171,STEM.STEM*,86769.0,84013.23030076582,5.0,3800.0
2273,30.0,86769.0,台灣地位未定論,0.0,Q6129171,Geography.Regions.Asia.Asia*,86769.0,84013.23030076582,5.0,3800.0
2274,30.0,86769.0,台灣地位未定論,0.0,Q6129171,Geography.Regions.Americas.North_America,86769.0,84013.23030076582,5.0,3800.0
2275,30.0,86769.0,台灣地位未定論,0.0,Q6129171,Geography.Regions.Europe.Europe*,86769.0,84013.23030076582,5.0,3800.0
2276,11.0,87736.0,星島日報,0.5698626637458801,Q5241255,Culture.Media.Media*,87736.0,34102.58114304451,3.0,2809.0
2277,11.0,87736.0,星島日報,0.2763098945617676,Q5241255,Geography.Regions.Asia.Asia*,87736.0,34102.58114304451,3.0,2809.0
2278,11.0,87736.0,星島日報,0.0991983880996704,Q5241255,Geography.Regions.Asia.East_Asia,87736.0,34102.58114304451,3.0,2809.0
2279,11.0,87736.0,星島日報,0.0,Q5241255,Geography.Regions.Americas.North_America,87736.0,34102.58114304451,3.0,2809.0
2280,11.0,87736.0,星島日報,0.0,Q5241255,Geography.Regions.Europe.Europe*,87736.0,34102.58114304451,3.0,2809.0
2281,1.0,88136.0,新山,0.9783946871757508,Q231318,Geography.Geographical,88136.0,0.0,13.0,2396.0
2282,1.0,88136.0,新山,0.9019306898117064,Q231318,Geography.Regions.Asia.Asia*,88136.0,0.0,13.0,2396.0
2283,1.0,88136.0,新山,0.7431780099868774,Q231318,Geography.Regions.Asia.Southeast_Asia,88136.0,0.0,13.0,2396.0
2284,4.0,88525.0,猛龍過江,0.9899964332580566,Q462409,Culture.Media.Films,88525.0,281.19264618116216,12.0,2275.0
2285,4.0,88525.0,猛龍過江,0.9850529432296752,Q462409,Culture.Media.Media*,88525.0,281.19264618116216,12.0,2275.0
2286,4.0,88525.0,猛龍過江,0.3660457601547241,Q462409,Geography.Regions.Asia.East_Asia,88525.0,281.19264618116216,12.0,2275.0
2287,4.0,88525.0,猛龍過江,0.3301530351638794,Q462409,Geography.Regions.Asia.Asia*,88525.0,281.19264618116216,12.0,2275.0
2288,4.0,88525.0,猛龍過江,0.23371636867523196,Q462409,Culture.Sports,88525.0,281.19264618116216,12.0,2275.0
2289,34.0,88581.0,中國與聯合國,0.4981269707679749,Q2917181,Geography.Regions.Asia.East_Asia,88581.0,55005.68891333714,5.0,3166.0
2290,34.0,88581.0,中國與聯合國,0.4889964332580566,Q2917181,Geography.Regions.Asia.Asia*,88581.0,55005.68891333714,5.0,3166.0
2291,2.0,88714.0,青幫,0.7248802781105042,Q17588,History_and_Society.Politics_and_government,88714.0,1188.9683207726766,1.0,2751.0
2292,2.0,88714.0,青幫,0.13604079389572146,Q17588,Geography.Regions.Europe.Europe*,88714.0,1188.9683207726766,1.0,2751.0
2293,2.0,88714.0,青幫,0.0,Q17588,Geography.Regions.Europe.Southern_Europe,88714.0,1188.9683207726766,1.0,2751.0
2294,2.0,88714.0,青幫,0.0,Q17588,Geography.Regions.Americas.North_America,88714.0,1188.9683207726766,1.0,2751.0
2295,2.0,88714.0,青幫,0.0,Q17588,Geography.Regions.Europe.Western_Europe,88714.0,1188.9683207726766,1.0,2751.0
2296,4.0,89008.0,情景喜剧,0.9777238368988036,Q170238,Culture.Media.Media*,89008.0,1249.0066962885319,6.0,1486.0
2297,4.0,89008.0,情景喜剧,0.6584275364875793,Q170238,Culture.Media.Entertainment,89008.0,1249.0066962885319,6.0,1486.0
2298,4.0,89008.0,情景喜剧,0.4765896201133728,Q170238,Culture.Media.Television,89008.0,1249.0066962885319,6.0,1486.0
2299,4.0,89008.0,情景喜剧,0.11597072333097458,Q170238,History_and_Society.Politics_and_government,89008.0,1249.0066962885319,6.0,1486.0
2300,11.0,89191.0,宋恭帝,0.974052667617798,Q7500,Culture.Biography.Biography*,89191.0,5526.722013465883,15.0,2766.0
2301,11.0,89191.0,宋恭帝,0.4714247455596924,Q7500,Geography.Regions.Asia.East_Asia,89191.0,5526.722013465883,15.0,2766.0
2302,11.0,89191.0,宋恭帝,0.43892334604263306,Q7500,Geography.Regions.Asia.Asia*,89191.0,5526.722013465883,15.0,2766.0
2303,4.0,89681.0,地球大气层,0.9802908897399902,Q3230,STEM.STEM*,89681.0,15531.787465762805,10.0,3107.0
2304,4.0,89681.0,地球大气层,0.8439050912857056,Q3230,STEM.Earth_and_environment,89681.0,15531.787465762805,10.0,3107.0
2305,4.0,89681.0,地球大气层,0.5156299471855164,Q3230,STEM.Space,89681.0,15531.787465762805,10.0,3107.0
2306,4.0,89724.0,校園民歌,0.2942249774932861,Q5934478,STEM.STEM*,89724.0,13085.958562266609,2.0,2007.0
2307,4.0,89724.0,校園民歌,0.0,Q5934478,Geography.Regions.Asia.Asia*,89724.0,13085.958562266609,2.0,2007.0
2308,4.0,89724.0,校園民歌,0.0,Q5934478,Geography.Regions.Americas.North_America,89724.0,13085.958562266609,2.0,2007.0
2309,4.0,89724.0,校園民歌,0.0,Q5934478,Geography.Regions.Europe.Europe*,89724.0,13085.958562266609,2.0,2007.0
2310,4.0,89922.0,挪亞,0.9324633479118348,Q81422,Culture.Philosophy_and_religion,89922.0,4791.238745064282,11.0,1746.0
2311,4.0,89922.0,挪亞,0.8634016513824463,Q81422,Culture.Literature,89922.0,4791.238745064282,11.0,1746.0
2312,4.0,89922.0,挪亞,0.6076731681823729,Q81422,Culture.Biography.Biography*,89922.0,4791.238745064282,11.0,1746.0
2313,4.0,89922.0,挪亞,0.538993239402771,Q81422,History_and_Society.History,89922.0,4791.238745064282,11.0,1746.0
2314,4.0,89922.0,挪亞,0.1259327530860901,Q81422,History_and_Society.Society,89922.0,4791.238745064282,11.0,1746.0
2315,4.0,89922.0,挪亞,0.0,Q81422,Geography.Regions.Asia.West_Asia,89922.0,4791.238745064282,11.0,1746.0
2316,4.0,89922.0,挪亞,0.0,Q81422,Geography.Regions.Asia.Asia*,89922.0,4791.238745064282,11.0,1746.0
2317,11.0,90016.0,宋孝宗,0.9931061863899232,Q7492,Culture.Biography.Biography*,90016.0,19930.596004370032,15.0,4175.0
2318,11.0,90016.0,宋孝宗,0.4861888160705566,Q7492,Geography.Regions.Asia.East_Asia,90016.0,19930.596004370032,15.0,4175.0
2319,11.0,90016.0,宋孝宗,0.4738311638832092,Q7492,Geography.Regions.Asia.Asia*,90016.0,19930.596004370032,15.0,4175.0
2320,11.0,90016.0,宋孝宗,0.12253321707248688,Q7492,History_and_Society.History,90016.0,19930.596004370032,15.0,4175.0
2321,1.0,90299.0,毕昇,0.8267217874526978,Q200662,Culture.Biography.Biography*,90299.0,0.0,11.0,1234.0
2322,1.0,90299.0,毕昇,0.2942249774932861,Q200662,History_and_Society.History,90299.0,0.0,11.0,1234.0
2323,1.0,90299.0,毕昇,0.18495945835113525,Q200662,Geography.Regions.Asia.East_Asia,90299.0,0.0,11.0,1234.0
2324,1.0,90299.0,毕昇,0.022430347442626952,Q200662,Geography.Regions.Asia.Asia*,90299.0,0.0,11.0,1234.0
2325,11.0,90342.0,宋钦宗,0.9949496984481812,Q7488,Culture.Biography.Biography*,90342.0,2931.4000577259385,15.0,3125.0
2326,11.0,90342.0,宋钦宗,0.4456066956520081,Q7488,Geography.Regions.Asia.East_Asia,90342.0,2931.4000577259385,15.0,3125.0
2327,11.0,90342.0,宋钦宗,0.3696072568893433,Q7488,Geography.Regions.Asia.Asia*,90342.0,2931.4000577259385,15.0,3125.0
2328,11.0,90342.0,宋钦宗,0.24509501457214355,Q7488,History_and_Society.History,90342.0,2931.4000577259385,15.0,3125.0
2329,11.0,90342.0,宋钦宗,0.2227101624011993,Q7488,Culture.Biography.Women,90342.0,2931.4000577259385,15.0,3125.0
2330,14.0,90345.0,國民革命軍,0.5544804334640503,Q714843,History_and_Society.Military_and_warfare,90345.0,36468.02554749001,5.0,2872.0
2331,14.0,90345.0,國民革命軍,0.4627899398803711,Q714843,Geography.Regions.Asia.East_Asia,90345.0,36468.02554749001,5.0,2872.0
2332,14.0,90345.0,國民革命軍,0.42531375789642334,Q714843,Geography.Regions.Asia.Asia*,90345.0,36468.02554749001,5.0,2872.0
2333,14.0,90345.0,國民革命軍,0.14805719256401062,Q714843,History_and_Society.History,90345.0,36468.02554749001,5.0,2872.0
2334,14.0,90345.0,國民革命軍,0.1259327530860901,Q714843,STEM.STEM*,90345.0,36468.02554749001,5.0,2872.0
2335,7.0,90534.0,百變星君,0.9124462008476256,Q3485767,Culture.Media.Films,90534.0,2207.1475312123025,12.0,2024.0
2336,7.0,90534.0,百變星君,0.9046605229377748,Q3485767,Culture.Media.Media*,90534.0,2207.1475312123025,12.0,2024.0
2337,7.0,90534.0,百變星君,0.4486793746948242,Q3485767,Geography.Regions.Asia.East_Asia,90534.0,2207.1475312123025,12.0,2024.0
2338,7.0,90534.0,百變星君,0.4209318628311157,Q3485767,Geography.Regions.Asia.Asia*,90534.0,2207.1475312123025,12.0,2024.0
2339,7.0,90534.0,百變星君,0.14034625887870789,Q3485767,Culture.Media.Entertainment,90534.0,2207.1475312123025,12.0,2024.0
2340,4.0,90662.0,太空電梯,0.6442351341247559,Q1473823,STEM.STEM*,90662.0,21098.411082684765,10.0,4658.0
2341,4.0,90662.0,太空電梯,0.5234303474426271,Q1473823,Culture.Media.Media*,90662.0,21098.411082684765,10.0,4658.0
2342,4.0,90662.0,太空電梯,0.5156299471855164,Q1473823,STEM.Technology,90662.0,21098.411082684765,10.0,4658.0
2343,4.0,90662.0,太空電梯,0.2509227991104126,Q1473823,STEM.Space,90662.0,21098.411082684765,10.0,4658.0
2344,4.0,90662.0,太空電梯,0.14415885508060455,Q1473823,Culture.Media.Entertainment,90662.0,21098.411082684765,10.0,4658.0
2345,4.0,90662.0,太空電梯,0.13661839067935946,Q1473823,History_and_Society.Transportation,90662.0,21098.411082684765,10.0,4658.0
2346,4.0,90662.0,太空電梯,0.1294127255678177,Q1473823,Culture.Visual_arts.Visual_arts*,90662.0,21098.411082684765,10.0,4658.0
2347,4.0,90662.0,太空電梯,0.1097157895565033,Q1473823,History_and_Society.Society,90662.0,21098.411082684765,10.0,4658.0
2348,7.0,90767.0,檢察官,0.6791887283325195,Q600751,History_and_Society.Politics_and_government,90767.0,25592.85183484663,3.0,3060.0
2349,7.0,90767.0,檢察官,0.4532718360424042,Q600751,History_and_Society.Business_and_economics,90767.0,25592.85183484663,3.0,3060.0
2350,4.0,91476.0,聖伯多祿大殿,0.8872146010398865,Q12512,Culture.Visual_arts.Visual_arts*,91476.0,3942.0,11.0,2457.0
2351,4.0,91476.0,聖伯多祿大殿,0.8596737384796143,Q12512,Geography.Regions.Europe.Europe*,91476.0,3942.0,11.0,2457.0
2352,4.0,91476.0,聖伯多祿大殿,0.8080772161483765,Q12512,Culture.Visual_arts.Architecture,91476.0,3942.0,11.0,2457.0
2353,4.0,91476.0,聖伯多祿大殿,0.7490972280502319,Q12512,Geography.Regions.Europe.Southern_Europe,91476.0,3942.0,11.0,2457.0
2354,4.0,91476.0,聖伯多祿大殿,0.5544804334640503,Q12512,Culture.Philosophy_and_religion,91476.0,3942.0,11.0,2457.0
2355,4.0,91476.0,聖伯多祿大殿,0.3007555902004242,Q12512,Geography.Geographical,91476.0,3942.0,11.0,2457.0
2356,4.0,91476.0,聖伯多祿大殿,0.1520422399044037,Q12512,Geography.Regions.Europe.Western_Europe,91476.0,3942.0,11.0,2457.0
2357,6.0,92137.0,周璇,0.984585464000702,Q1207860,Culture.Biography.Biography*,92137.0,1499.9091070296854,12.0,2893.0
2358,6.0,92137.0,周璇,0.4378334879875183,Q1207860,Culture.Biography.Women,92137.0,1499.9091070296854,12.0,2893.0
2359,6.0,92137.0,周璇,0.22388027811050412,Q1207860,Geography.Regions.Asia.Asia*,92137.0,1499.9091070296854,12.0,2893.0
2360,6.0,92137.0,周璇,0.19165198707580566,Q1207860,Geography.Regions.Asia.East_Asia,92137.0,1499.9091070296854,12.0,2893.0
2361,6.0,92137.0,周璇,0.1259327530860901,Q1207860,Culture.Media.Media*,92137.0,1499.9091070296854,12.0,2893.0
2362,6.0,92137.0,周璇,0.1097157895565033,Q1207860,Culture.Media.Music,92137.0,1499.9091070296854,12.0,2893.0
2363,2.0,92291.0,唢呐,0.9433575868606568,Q2096912,Culture.Media.Music,92291.0,3942.0,5.0,2709.0
2364,2.0,92291.0,唢呐,0.9219318628311156,Q2096912,Culture.Media.Media*,92291.0,3942.0,5.0,2709.0
2365,2.0,92291.0,唢呐,0.0,Q2096912,Geography.Regions.Asia.Asia*,92291.0,3942.0,5.0,2709.0
2366,2.0,92291.0,唢呐,0.0,Q2096912,Geography.Regions.Europe.Europe*,92291.0,3942.0,5.0,2709.0
2367,4.0,92334.0,德涅斯特河沿岸,0.9871888160705566,Q907112,Geography.Regions.Europe.Europe*,92334.0,36.96088437469511,1.0,2783.0
2368,4.0,92334.0,德涅斯特河沿岸,0.8519628047943115,Q907112,Geography.Geographical,92334.0,36.96088437469511,1.0,2783.0
2369,4.0,92334.0,德涅斯特河沿岸,0.7057950496673584,Q907112,Geography.Regions.Europe.Eastern_Europe,92334.0,36.96088437469511,1.0,2783.0
2370,4.0,92334.0,德涅斯特河沿岸,0.5775054097175598,Q907112,Geography.Regions.Europe.Southern_Europe,92334.0,36.96088437469511,1.0,2783.0
2371,4.0,92334.0,德涅斯特河沿岸,0.21734751760959625,Q907112,History_and_Society.Society,92334.0,36.96088437469511,1.0,2783.0
2372,6.0,93331.0,走向共和,0.9263137578964232,Q835799,Culture.Media.Media*,93331.0,11191.083422753747,2.0,3344.0
2373,6.0,93331.0,走向共和,0.8840492963790894,Q835799,Culture.Media.Television,93331.0,11191.083422753747,2.0,3344.0
2374,6.0,93331.0,走向共和,0.4139109721183777,Q835799,Geography.Regions.Asia.East_Asia,93331.0,11191.083422753747,2.0,3344.0
2375,6.0,93331.0,走向共和,0.3344935646057129,Q835799,Geography.Regions.Asia.Asia*,93331.0,11191.083422753747,2.0,3344.0
2376,6.0,93331.0,走向共和,0.1294127255678177,Q835799,History_and_Society.History,93331.0,11191.083422753747,2.0,3344.0
2377,3.0,93338.0,十三经,0.3923468291759491,Q1205532,Culture.Media.Media*,93338.0,1048.2979432726718,11.0,2985.0
2378,3.0,93338.0,十三经,0.16452647745609286,Q1205532,Culture.Literature,93338.0,1048.2979432726718,11.0,2985.0
2379,3.0,93338.0,十三经,0.12253321707248688,Q1205532,Culture.Biography.Biography*,93338.0,1048.2979432726718,11.0,2985.0
2380,3.0,93338.0,十三经,0.1067005917429924,Q1205532,History_and_Society.Politics_and_government,93338.0,1048.2979432726718,11.0,2985.0
2381,3.0,93338.0,十三经,0.0,Q1205532,Geography.Regions.Europe.Europe*,93338.0,1048.2979432726718,11.0,2985.0
2382,3.0,93338.0,十三经,0.0,Q1205532,Geography.Regions.Asia.Asia*,93338.0,1048.2979432726718,11.0,2985.0
2383,3.0,93338.0,十三经,0.0,Q1205532,Geography.Regions.Europe.Western_Europe,93338.0,1048.2979432726718,11.0,2985.0
2384,3.0,93338.0,十三经,0.0,Q1205532,Geography.Regions.Asia.East_Asia,93338.0,1048.2979432726718,11.0,2985.0
2385,3.0,93375.0,查士丁尼一世,0.9949496984481812,Q41866,Culture.Biography.Biography*,93375.0,5526.352296070229,13.0,2568.0
2386,3.0,93375.0,查士丁尼一世,0.9496793746948242,Q41866,History_and_Society.History,93375.0,5526.352296070229,13.0,2568.0
2387,3.0,93375.0,查士丁尼一世,0.8439050912857056,Q41866,Culture.Philosophy_and_religion,93375.0,5526.352296070229,13.0,2568.0
2388,3.0,93375.0,查士丁尼一世,0.41490885615348816,Q41866,History_and_Society.Military_and_warfare,93375.0,5526.352296070229,13.0,2568.0
2389,3.0,93375.0,查士丁尼一世,0.3344935646057129,Q41866,Geography.Regions.Europe.Europe*,93375.0,5526.352296070229,13.0,2568.0
2390,3.0,93375.0,查士丁尼一世,0.2921159734725952,Q41866,Geography.Regions.Europe.Southern_Europe,93375.0,5526.352296070229,13.0,2568.0
2391,3.0,93375.0,查士丁尼一世,0.2689514458179474,Q41866,History_and_Society.Politics_and_government,93375.0,5526.352296070229,13.0,2568.0
2392,3.0,93375.0,查士丁尼一世,0.14415885508060455,Q41866,History_and_Society.Society,93375.0,5526.352296070229,13.0,2568.0
2393,3.0,93375.0,查士丁尼一世,0.0,Q41866,Geography.Regions.Europe.Western_Europe,93375.0,5526.352296070229,13.0,2568.0
2394,3.0,93375.0,查士丁尼一世,0.0,Q41866,Geography.Regions.Europe.Eastern_Europe,93375.0,5526.352296070229,13.0,2568.0
2395,8.0,93478.0,法新社,0.3429050912857056,Q40464,Geography.Regions.Europe.Western_Europe,93478.0,45258.92941232036,10.0,2709.0
2396,8.0,93478.0,法新社,0.30218379402160644,Q40464,Geography.Regions.Europe.Europe*,93478.0,45258.92941232036,10.0,2709.0
2397,8.0,93478.0,法新社,0.2568419873714447,Q40464,History_and_Society.Business_and_economics,93478.0,45258.92941232036,10.0,2709.0
2398,8.0,93478.0,法新社,0.16886694729328156,Q40464,Culture.Media.Media*,93478.0,45258.92941232036,10.0,2709.0
2399,22.0,93592.0,戈登·布朗,0.9990989565849304,Q10648,Culture.Biography.Biography*,93592.0,9970.923518105496,1.0,1446.0
2400,22.0,93592.0,戈登·布朗,0.9905974268913268,Q10648,History_and_Society.Politics_and_government,93592.0,9970.923518105496,1.0,1446.0
2401,22.0,93592.0,戈登·布朗,0.24509501457214355,Q10648,History_and_Society.Education,93592.0,9970.923518105496,1.0,1446.0
2402,22.0,93592.0,戈登·布朗,0.24217800998687744,Q10648,Geography.Regions.Europe.Europe*,93592.0,9970.923518105496,1.0,1446.0
2403,22.0,93592.0,戈登·布朗,0.22388027811050412,Q10648,Geography.Regions.Europe.Northern_Europe,93592.0,9970.923518105496,1.0,1446.0
2404,22.0,93592.0,戈登·布朗,0.1732981950044632,Q10648,Culture.Biography.Women,93592.0,9970.923518105496,1.0,1446.0
2405,22.0,93592.0,戈登·布朗,0.16886694729328156,Q10648,History_and_Society.Society,93592.0,9970.923518105496,1.0,1446.0
2406,22.0,93592.0,戈登·布朗,0.1294127255678177,Q10648,Culture.Media.Media*,93592.0,9970.923518105496,1.0,1446.0
2407,17.0,93670.0,彭政閔,1.0000100135803225,Q6128164,Culture.Sports,93670.0,58484.50672804683,4.0,2055.0
2408,17.0,93670.0,彭政閔,1.0000100135803225,Q6128164,Culture.Biography.Biography*,93670.0,58484.50672804683,4.0,2055.0
2409,17.0,93670.0,彭政閔,0.9553291201591492,Q6128164,History_and_Society.Society,93670.0,58484.50672804683,4.0,2055.0
2410,17.0,93670.0,彭政閔,0.4738311638832092,Q6128164,Geography.Regions.Asia.East_Asia,93670.0,58484.50672804683,4.0,2055.0
2411,17.0,93670.0,彭政閔,0.4471645226478577,Q6128164,Geography.Regions.Asia.Asia*,93670.0,58484.50672804683,4.0,2055.0
2412,8.0,93701.0,秦灭六国之战,0.9715740084648132,Q2986801,History_and_Society.Military_and_warfare,93701.0,22018.589500252183,15.0,3420.0
2413,8.0,93701.0,秦灭六国之战,0.4990100135803223,Q2986801,Geography.Regions.Asia.East_Asia,93701.0,22018.589500252183,15.0,3420.0
2414,8.0,93701.0,秦灭六国之战,0.4990100135803223,Q2986801,Geography.Regions.Asia.Asia*,93701.0,22018.589500252183,15.0,3420.0
2415,8.0,93701.0,秦灭六国之战,0.16886694729328156,Q2986801,History_and_Society.History,93701.0,22018.589500252183,15.0,3420.0
2416,8.0,93701.0,秦灭六国之战,0.1259327530860901,Q2986801,History_and_Society.Politics_and_government,93701.0,22018.589500252183,15.0,3420.0
2417,8.0,93701.0,秦灭六国之战,0.0,Q2986801,Geography.Regions.Asia.Southeast_Asia,93701.0,22018.589500252183,15.0,3420.0
2418,13.0,94067.0,甜蜜蜜 (电影),0.9841036200523376,Q708888,Culture.Media.Films,94067.0,15010.195857833169,12.0,3105.0
2419,13.0,94067.0,甜蜜蜜 (电影),0.9802908897399902,Q708888,Culture.Media.Media*,94067.0,15010.195857833169,12.0,3105.0
2420,13.0,94067.0,甜蜜蜜 (电影),0.38304929637908935,Q708888,Geography.Regions.Asia.Asia*,94067.0,15010.195857833169,12.0,3105.0
2421,13.0,94067.0,甜蜜蜜 (电影),0.35867373847961426,Q708888,Geography.Regions.Asia.East_Asia,94067.0,15010.195857833169,12.0,3105.0
2422,16.0,94347.0,田北辰,0.9871888160705566,Q80332,Culture.Biography.Biography*,94347.0,43435.38374895493,3.0,2474.0
2423,16.0,94347.0,田北辰,0.2763098945617676,Q80332,Geography.Regions.Asia.Asia*,94347.0,43435.38374895493,3.0,2474.0
2424,16.0,94347.0,田北辰,0.2763098945617676,Q80332,Geography.Regions.Asia.East_Asia,94347.0,43435.38374895493,3.0,2474.0
2425,4.0,94510.0,南斯拉夫社会主义联邦共和国,0.996185541152954,Q83286,Geography.Regions.Europe.Europe*,94510.0,12144.599189226292,1.0,2640.0
2426,4.0,94510.0,南斯拉夫社会主义联邦共和国,0.9916942119598388,Q83286,History_and_Society.History,94510.0,12144.599189226292,1.0,2640.0
2427,4.0,94510.0,南斯拉夫社会主义联邦共和国,0.9883227348327636,Q83286,Geography.Regions.Europe.Southern_Europe,94510.0,12144.599189226292,1.0,2640.0
2428,4.0,94510.0,南斯拉夫社会主义联邦共和国,0.24509501457214355,Q83286,History_and_Society.Politics_and_government,94510.0,12144.599189226292,1.0,2640.0
2429,7.0,94667.0,李明博,0.9993003606796264,Q14342,Culture.Biography.Biography*,94667.0,17647.74456452869,0.0,2881.0
2430,7.0,94667.0,李明博,0.5156299471855164,Q14342,History_and_Society.Politics_and_government,94667.0,17647.74456452869,0.0,2881.0
2431,7.0,94667.0,李明博,0.32119916582107544,Q14342,Geography.Regions.Asia.Asia*,94667.0,17647.74456452869,0.0,2881.0
2432,7.0,94667.0,李明博,0.24217800998687744,Q14342,Geography.Regions.Asia.East_Asia,94667.0,17647.74456452869,0.0,2881.0
2433,15.0,94814.0,田北俊,0.99745911359787,Q4368021,Culture.Biography.Biography*,94814.0,5769.9218297016105,3.0,2428.0
2434,15.0,94814.0,田北俊,0.19826446676254272,Q4368021,Geography.Regions.Asia.East_Asia,94814.0,5769.9218297016105,3.0,2428.0
2435,15.0,94814.0,田北俊,0.10667316818237303,Q4368021,Geography.Regions.Asia.Asia*,94814.0,5769.9218297016105,3.0,2428.0
2436,5.0,95245.0,洋紫荊,0.9992059469223022,Q378062,STEM.Biology,95245.0,9401.751421953586,3.0,3041.0
2437,5.0,95245.0,洋紫荊,0.9984612464904784,Q378062,STEM.STEM*,95245.0,9401.751421953586,3.0,3041.0
2438,5.0,95245.0,洋紫荊,0.0,Q378062,Geography.Regions.Asia.Asia*,95245.0,9401.751421953586,3.0,3041.0
2439,5.0,95245.0,洋紫荊,0.0,Q378062,Geography.Regions.Asia.East_Asia,95245.0,9401.751421953586,3.0,3041.0
2440,10.0,95340.0,Aniplex,0.951152205467224,Q770328,Geography.Regions.Asia.East_Asia,95340.0,22214.103550395503,13.0,2511.0
2441,10.0,95340.0,Aniplex,0.9099169969558716,Q770328,Geography.Regions.Asia.Asia*,95340.0,22214.103550395503,13.0,2511.0
2442,10.0,95340.0,Aniplex,0.8840492963790894,Q770328,Culture.Visual_arts.Comics_and_Anime,95340.0,22214.103550395503,13.0,2511.0
2443,10.0,95340.0,Aniplex,0.7879412174224854,Q770328,Culture.Visual_arts.Visual_arts*,95340.0,22214.103550395503,13.0,2511.0
2444,10.0,95340.0,Aniplex,0.7606606483459473,Q770328,History_and_Society.Business_and_economics,95340.0,22214.103550395503,13.0,2511.0
2445,10.0,95340.0,Aniplex,0.7371681928634644,Q770328,Culture.Literature,95340.0,22214.103550395503,13.0,2511.0
2446,10.0,95340.0,Aniplex,0.4688006341457367,Q770328,Culture.Media.Media*,95340.0,22214.103550395503,13.0,2511.0
2447,10.0,95340.0,Aniplex,0.348655104637146,Q770328,Culture.Media.Films,95340.0,22214.103550395503,13.0,2511.0
2448,5.0,95426.0,咸宁市,1.0000100135803225,Q71373,Geography.Regions.Asia.Asia*,95426.0,14414.191749304793,13.0,1080.0
2449,5.0,95426.0,咸宁市,1.0000100135803225,Q71373,Geography.Regions.Asia.East_Asia,95426.0,14414.191749304793,13.0,1080.0
2450,4.0,95447.0,达州市,1.0000100135803225,Q427488,Geography.Regions.Asia.East_Asia,95447.0,1776.936566210343,13.0,1546.0
2451,4.0,95447.0,达州市,0.9991804361343384,Q427488,Geography.Regions.Asia.Asia*,95447.0,1776.936566210343,13.0,1546.0
2452,4.0,95447.0,达州市,0.13661839067935946,Q427488,Geography.Geographical,95447.0,1776.936566210343,13.0,1546.0
2453,13.0,95529.0,宋哲宗,0.9942797422409058,Q7484,Culture.Biography.Biography*,95529.0,3572.0374425433088,15.0,6319.0
2454,13.0,95529.0,宋哲宗,0.4898843636512756,Q7484,Geography.Regions.Asia.East_Asia,95529.0,3572.0374425433088,15.0,6319.0
2455,13.0,95529.0,宋哲宗,0.4714247455596924,Q7484,Geography.Regions.Asia.Asia*,95529.0,3572.0374425433088,15.0,6319.0
2456,13.0,95529.0,宋哲宗,0.23371636867523196,Q7484,History_and_Society.History,95529.0,3572.0374425433088,15.0,6319.0
2457,28.0,95742.0,英国下议院,0.9149109721183776,Q11005,History_and_Society.Politics_and_government,95742.0,11816.227988310813,1.0,2156.0
2458,28.0,95742.0,英国下议院,0.8031837940216064,Q11005,Geography.Regions.Europe.Europe*,95742.0,11816.227988310813,1.0,2156.0
2459,28.0,95742.0,英国下议院,0.546748161315918,Q11005,Geography.Regions.Europe.Northern_Europe,95742.0,11816.227988310813,1.0,2156.0
2460,28.0,95742.0,英国下议院,0.13297423720359802,Q11005,History_and_Society.Education,95742.0,11816.227988310813,1.0,2156.0
2461,28.0,95742.0,英国下议院,0.11597072333097458,Q11005,History_and_Society.Military_and_warfare,95742.0,11816.227988310813,1.0,2156.0
2462,28.0,95742.0,英国下议院,0.1067005917429924,Q11005,History_and_Society.Business_and_economics,95742.0,11816.227988310813,1.0,2156.0
2463,28.0,95742.0,英国下议院,0.1067005917429924,Q11005,Geography.Geographical,95742.0,11816.227988310813,1.0,2156.0
2464,1.0,95743.0,燕山君,0.989681839942932,Q470084,Culture.Biography.Biography*,95743.0,0.0,2.0,2953.0
2465,1.0,95743.0,燕山君,0.4853731861114502,Q470084,Geography.Regions.Asia.East_Asia,95743.0,0.0,2.0,2953.0
2466,1.0,95743.0,燕山君,0.4696977605819702,Q470084,Geography.Regions.Asia.Asia*,95743.0,0.0,2.0,2953.0
2467,1.0,96007.0,百戰天龍,0.9615437984466552,Q210257,Culture.Media.Media*,96007.0,0.0,2.0,1955.0
2468,1.0,96007.0,百戰天龍,0.8221991658210754,Q210257,Culture.Media.Television,96007.0,0.0,2.0,1955.0
2469,1.0,96007.0,百戰天龍,0.348655104637146,Q210257,Culture.Media.Films,96007.0,0.0,2.0,1955.0
2470,1.0,96007.0,百戰天龍,0.2689514458179474,Q210257,Culture.Media.Entertainment,96007.0,0.0,2.0,1955.0
2471,1.0,96007.0,百戰天龍,0.0,Q210257,Geography.Regions.Americas.North_America,96007.0,0.0,2.0,1955.0
2472,1.0,96007.0,百戰天龍,0.0,Q210257,Geography.Regions.Europe.Europe*,96007.0,0.0,2.0,1955.0
2473,10.0,96380.0,Now TV,0.3073680400848389,Q307373,History_and_Society.Business_and_economics,96380.0,27177.564089158383,12.0,3135.0
2474,10.0,96380.0,Now TV,0.1778208613395691,Q307373,Culture.Media.Media*,96380.0,27177.564089158383,12.0,3135.0
2475,10.0,96380.0,Now TV,0.1732981950044632,Q307373,STEM.STEM*,96380.0,27177.564089158383,12.0,3135.0
2476,10.0,96380.0,Now TV,0.14323513412475586,Q307373,Geography.Regions.Asia.East_Asia,96380.0,27177.564089158383,12.0,3135.0
2477,10.0,96380.0,Now TV,0.12146936559677125,Q307373,Geography.Regions.Asia.Asia*,96380.0,27177.564089158383,12.0,3135.0
2478,7.0,96718.0,那不勒斯,0.8903042674064636,Q2634,Geography.Geographical,96718.0,19707.85118655848,16.0,2784.0
2479,7.0,96718.0,那不勒斯,0.8872146010398865,Q2634,Geography.Regions.Europe.Southern_Europe,96718.0,19707.85118655848,16.0,2784.0
2480,7.0,96718.0,那不勒斯,0.8558611869812012,Q2634,Geography.Regions.Europe.Europe*,96718.0,19707.85118655848,16.0,2784.0
2481,7.0,96718.0,那不勒斯,0.3007555902004242,Q2634,History_and_Society.History,96718.0,19707.85118655848,16.0,2784.0
2482,1.0,96890.0,临夏回族自治州,1.0000100135803225,Q1001396,Geography.Regions.Asia.East_Asia,96890.0,0.0,13.0,908.0
2483,1.0,96890.0,临夏回族自治州,0.9992778301239014,Q1001396,Geography.Regions.Asia.Asia*,96890.0,0.0,13.0,908.0
2484,24.0,96990.0,保守黨 (英國),0.9748311638832092,Q9626,History_and_Society.Politics_and_government,96990.0,8049.394960336271,1.0,3432.0
2485,24.0,96990.0,保守黨 (英國),0.11597072333097458,Q9626,History_and_Society.Business_and_economics,96990.0,8049.394960336271,1.0,3432.0
2486,24.0,96990.0,保守黨 (英國),0.0,Q9626,Geography.Regions.Europe.Europe*,96990.0,8049.394960336271,1.0,3432.0
2487,24.0,96990.0,保守黨 (英國),0.0,Q9626,Geography.Regions.Europe.Northern_Europe,96990.0,8049.394960336271,1.0,3432.0
2488,3.0,97493.0,川上倫子,0.9995517134666444,Q592161,Culture.Biography.Biography*,97493.0,1440.247402772563,13.0,1402.0
2489,3.0,97493.0,川上倫子,0.9304682612419128,Q592161,Culture.Visual_arts.Visual_arts*,97493.0,1440.247402772563,13.0,1402.0
2490,3.0,97493.0,川上倫子,0.9263137578964232,Q592161,Culture.Visual_arts.Comics_and_Anime,97493.0,1440.247402772563,13.0,1402.0
2491,3.0,97493.0,川上倫子,0.8634016513824463,Q592161,Culture.Literature,97493.0,1440.247402772563,13.0,1402.0
2492,3.0,97493.0,川上倫子,0.348655104637146,Q592161,Culture.Biography.Women,97493.0,1440.247402772563,13.0,1402.0
2493,3.0,97493.0,川上倫子,0.1097157895565033,Q592161,Culture.Media.Media*,97493.0,1440.247402772563,13.0,1402.0
2494,3.0,97493.0,川上倫子,0.0,Q592161,Geography.Regions.Asia.East_Asia,97493.0,1440.247402772563,13.0,1402.0
2495,3.0,97493.0,川上倫子,0.0,Q592161,Geography.Regions.Asia.Asia*,97493.0,1440.247402772563,13.0,1402.0
2496,1.0,97928.0,方腊,0.9284188151359558,Q3066393,Culture.Biography.Biography*,97928.0,0.0,12.0,1694.0
2497,1.0,97928.0,方腊,0.4753205647468567,Q3066393,Geography.Regions.Asia.Asia*,97928.0,0.0,12.0,1694.0
2498,1.0,97928.0,方腊,0.4705740084648132,Q3066393,Geography.Regions.Asia.East_Asia,97928.0,0.0,12.0,1694.0
2499,1.0,97928.0,方腊,0.19194278120994568,Q3066393,History_and_Society.Military_and_warfare,97928.0,0.0,12.0,1694.0
2500,1.0,97928.0,方腊,0.1520422399044037,Q3066393,Culture.Philosophy_and_religion,97928.0,0.0,12.0,1694.0
2501,1.0,97928.0,方腊,0.1294127255678177,Q3066393,History_and_Society.History,97928.0,0.0,12.0,1694.0
2502,12.0,98033.0,克什米尔公主号事件,0.9972950220108032,Q835929,STEM.Engineering,98033.0,609.1252127066404,5.0,1224.0
2503,12.0,98033.0,克什米尔公主号事件,0.9949496984481812,Q835929,History_and_Society.Transportation,98033.0,609.1252127066404,5.0,1224.0
2504,12.0,98033.0,克什米尔公主号事件,0.9947898983955384,Q835929,STEM.STEM*,98033.0,609.1252127066404,5.0,1224.0
2505,12.0,98033.0,克什米尔公主号事件,0.7371681928634644,Q835929,History_and_Society.Politics_and_government,98033.0,609.1252127066404,5.0,1224.0
2506,12.0,98033.0,克什米尔公主号事件,0.3070772161483765,Q835929,Geography.Regions.Asia.Asia*,98033.0,609.1252127066404,5.0,1224.0
2507,12.0,98033.0,克什米尔公主号事件,0.10667316818237303,Q835929,Geography.Regions.Asia.South_Asia,98033.0,609.1252127066404,5.0,1224.0
2508,12.0,98033.0,克什米尔公主号事件,0.0,Q835929,Geography.Regions.Europe.Europe*,98033.0,609.1252127066404,5.0,1224.0
2509,12.0,98033.0,克什米尔公主号事件,0.0,Q835929,Geography.Regions.Americas.North_America,98033.0,609.1252127066404,5.0,1224.0
2510,12.0,98033.0,克什米尔公主号事件,0.0,Q835929,Geography.Regions.Europe.Northern_Europe,98033.0,609.1252127066404,5.0,1224.0
2511,12.0,98033.0,克什米尔公主号事件,0.0,Q835929,Geography.Regions.Asia.East_Asia,98033.0,609.1252127066404,5.0,1224.0
2512,12.0,98033.0,克什米尔公主号事件,0.0,Q835929,Geography.Regions.Europe.Western_Europe,98033.0,609.1252127066404,5.0,1224.0
2513,2.0,98376.0,白求恩,0.9879562258720398,Q162112,Culture.Biography.Biography*,98376.0,545.6290638401831,1.0,2319.0
2514,2.0,98376.0,白求恩,0.287777841091156,Q162112,History_and_Society.Military_and_warfare,98376.0,545.6290638401831,1.0,2319.0
2515,2.0,98376.0,白求恩,0.14415885508060455,Q162112,STEM.STEM*,98376.0,545.6290638401831,1.0,2319.0
2516,2.0,98376.0,白求恩,0.12253321707248688,Q162112,STEM.Medicine_&_Health,98376.0,545.6290638401831,1.0,2319.0
2517,2.0,98376.0,白求恩,0.11280541121959685,Q162112,History_and_Society.History,98376.0,545.6290638401831,1.0,2319.0
2518,2.0,98376.0,白求恩,0.0,Q162112,Geography.Regions.Americas.North_America,98376.0,545.6290638401831,1.0,2319.0
2519,3.0,98733.0,布达拉宫,0.8596737384796143,Q71229,Culture.Visual_arts.Architecture,98733.0,772.7765001435653,11.0,2386.0
2520,3.0,98733.0,布达拉宫,0.839743971824646,Q71229,Culture.Visual_arts.Visual_arts*,98733.0,772.7765001435653,11.0,2386.0
2521,3.0,98733.0,布达拉宫,0.6150978803634644,Q71229,Geography.Regions.Asia.Asia*,98733.0,772.7765001435653,11.0,2386.0
2522,3.0,98733.0,布达拉宫,0.538993239402771,Q71229,Geography.Geographical,98733.0,772.7765001435653,11.0,2386.0
2523,3.0,98733.0,布达拉宫,0.3629792034626007,Q71229,Culture.Philosophy_and_religion,98733.0,772.7765001435653,11.0,2386.0
2524,3.0,98733.0,布达拉宫,0.348655104637146,Q71229,Geography.Regions.Asia.East_Asia,98733.0,772.7765001435653,11.0,2386.0
2525,3.0,98733.0,布达拉宫,0.13297423720359802,Q71229,History_and_Society.History,98733.0,772.7765001435653,11.0,2386.0
2526,3.0,98733.0,布达拉宫,0.1294127255678177,Q71229,Geography.Regions.Europe.Europe*,98733.0,772.7765001435653,11.0,2386.0
2527,3.0,98733.0,布达拉宫,0.10375863313674928,Q71229,Geography.Regions.Europe.Western_Europe,98733.0,772.7765001435653,11.0,2386.0
2528,3.0,98792.0,寇準,0.9648651480674744,Q3274619,Culture.Biography.Biography*,98792.0,2709.942657854359,15.0,2649.0
2529,3.0,98792.0,寇準,0.3862146010398865,Q3274619,Geography.Regions.Asia.Asia*,98792.0,2709.942657854359,15.0,2649.0
2530,3.0,98792.0,寇準,0.2596606483459473,Q3274619,Geography.Regions.Asia.East_Asia,98792.0,2709.942657854359,15.0,2649.0
2531,2.0,99506.0,安托諾夫安-225運輸機,0.989681839942932,Q178351,STEM.STEM*,99506.0,846.1411784879076,5.0,5783.0
2532,2.0,99506.0,安托諾夫安-225運輸機,0.9763205647468568,Q178351,STEM.Engineering,99506.0,846.1411784879076,5.0,5783.0
2533,2.0,99506.0,安托諾夫安-225運輸機,0.9697954058647156,Q178351,History_and_Society.Transportation,99506.0,846.1411784879076,5.0,5783.0
2534,2.0,99506.0,安托諾夫安-225運輸機,0.7431780099868774,Q178351,History_and_Society.Military_and_warfare,99506.0,846.1411784879076,5.0,5783.0
2535,2.0,99506.0,安托諾夫安-225運輸機,0.4610267877578736,Q178351,History_and_Society.Society,99506.0,846.1411784879076,5.0,5783.0
2536,2.0,99506.0,安托諾夫安-225運輸機,0.0,Q178351,Geography.Regions.Europe.Europe*,99506.0,846.1411784879076,5.0,5783.0
2537,2.0,99506.0,安托諾夫安-225運輸機,0.0,Q178351,Geography.Regions.Asia.Asia*,99506.0,846.1411784879076,5.0,5783.0
2538,2.0,99506.0,安托諾夫安-225運輸機,0.0,Q178351,Geography.Regions.Asia.North_Asia,99506.0,846.1411784879076,5.0,5783.0
2539,2.0,99506.0,安托諾夫安-225運輸機,0.0,Q178351,Geography.Regions.Europe.Eastern_Europe,99506.0,846.1411784879076,5.0,5783.0
2540,5.0,100472.0,唐德宗,0.839743971824646,Q9755,Culture.Biography.Biography*,100472.0,7970.927994257383,11.0,3084.0
2541,5.0,100472.0,唐德宗,0.4730526676177978,Q9755,Geography.Regions.Asia.East_Asia,100472.0,7970.927994257383,11.0,3084.0
2542,5.0,100472.0,唐德宗,0.4456066956520081,Q9755,Geography.Regions.Asia.Asia*,100472.0,7970.927994257383,11.0,3084.0
2543,4.0,100575.0,一氧化二氮,0.994098961353302,Q905750,STEM.STEM*,100575.0,9869.786871703222,10.0,3403.0
2544,4.0,100575.0,一氧化二氮,0.8519628047943115,Q905750,STEM.Chemistry,100575.0,9869.786871703222,10.0,3403.0
2545,4.0,100575.0,一氧化二氮,0.7122421860694885,Q905750,STEM.Medicine_&_Health,100575.0,9869.786871703222,10.0,3403.0
2546,4.0,100626.0,拔都,0.9399233460426332,Q175138,Culture.Biography.Biography*,100626.0,138.15756799763324,11.0,2472.0
2547,4.0,100626.0,拔都,0.4378334879875183,Q175138,History_and_Society.History,100626.0,138.15756799763324,11.0,2472.0
2548,4.0,100626.0,拔都,0.4225146472454071,Q175138,History_and_Society.Military_and_warfare,100626.0,138.15756799763324,11.0,2472.0
2549,4.0,100626.0,拔都,0.1713417043685913,Q175138,Geography.Regions.Asia.Asia*,100626.0,138.15756799763324,11.0,2472.0
2550,4.0,100626.0,拔都,0.0,Q175138,Geography.Regions.Asia.Central_Asia,100626.0,138.15756799763324,11.0,2472.0
2551,4.0,100626.0,拔都,0.0,Q175138,Geography.Regions.Asia.East_Asia,100626.0,138.15756799763324,11.0,2472.0
2552,1.0,100780.0,极性,0.9284188151359558,Q506623,STEM.STEM*,100780.0,0.0,11.0,2830.0
2553,1.0,100780.0,极性,0.26285186409950256,Q506623,STEM.Technology,100780.0,0.0,11.0,2830.0
2554,1.0,100780.0,极性,0.2509227991104126,Q506623,STEM.Medicine_&_Health,100780.0,0.0,11.0,2830.0
2555,1.0,100780.0,极性,0.13661839067935946,Q506623,STEM.Biology,100780.0,0.0,11.0,2830.0
2556,2.0,100854.0,孟山都,0.8634016513824463,Q207983,History_and_Society.Business_and_economics,100854.0,7882.0,10.0,2469.0
2557,2.0,100854.0,孟山都,0.59267657995224,Q207983,STEM.STEM*,100854.0,7882.0,10.0,2469.0
2558,2.0,100854.0,孟山都,0.2816725244522095,Q207983,Geography.Regions.Americas.North_America,100854.0,7882.0,10.0,2469.0
2559,2.0,100854.0,孟山都,0.24509501457214355,Q207983,History_and_Society.Society,100854.0,7882.0,10.0,2469.0
2560,2.0,100854.0,孟山都,0.14415885508060455,Q207983,STEM.Technology,100854.0,7882.0,10.0,2469.0
2561,2.0,100854.0,孟山都,0.14034625887870789,Q207983,STEM.Medicine_&_Health,100854.0,7882.0,10.0,2469.0
2562,1.0,100924.0,硝酸钾,0.9830951094627379,Q177836,STEM.Chemistry,100924.0,0.0,10.0,2220.0
2563,1.0,100924.0,硝酸钾,0.9748311638832092,Q177836,STEM.STEM*,100924.0,0.0,10.0,2220.0
2564,1.0,100924.0,硝酸钾,0.4378334879875183,Q177836,Culture.Food_and_drink,100924.0,0.0,10.0,2220.0
2565,10.0,101243.0,義守大學,0.966924011707306,Q2592553,History_and_Society.Society,101243.0,11007.228465080996,0.0,3218.0
2566,10.0,101243.0,義守大學,0.9615437984466552,Q2592553,Geography.Regions.Asia.East_Asia,101243.0,11007.228465080996,0.0,3218.0
2567,10.0,101243.0,義守大學,0.960371196269989,Q2592553,Geography.Regions.Asia.Asia*,101243.0,11007.228465080996,0.0,3218.0
2568,10.0,101243.0,義守大學,0.9381340146064758,Q2592553,Culture.Biography.Biography*,101243.0,11007.228465080996,0.0,3218.0
2569,10.0,101243.0,義守大學,0.8903042674064636,Q2592553,History_and_Society.Education,101243.0,11007.228465080996,0.0,3218.0
2570,7.0,101287.0,燕雲十六州,0.3073680400848389,Q1151682,STEM.STEM*,101287.0,11688.139908287156,5.0,3142.0
2571,7.0,101287.0,燕雲十六州,0.1824355274438858,Q1151682,History_and_Society.Politics_and_government,101287.0,11688.139908287156,5.0,3142.0
2572,7.0,101287.0,燕雲十六州,0.16027602553367615,Q1151682,Culture.Media.Media*,101287.0,11688.139908287156,5.0,3142.0
2573,7.0,101287.0,燕雲十六州,0.16027602553367615,Q1151682,History_and_Society.History,101287.0,11688.139908287156,5.0,3142.0
2574,7.0,101287.0,燕雲十六州,0.13661839067935946,Q1151682,Culture.Philosophy_and_religion,101287.0,11688.139908287156,5.0,3142.0
2575,7.0,101287.0,燕雲十六州,0.1259327530860901,Q1151682,History_and_Society.Society,101287.0,11688.139908287156,5.0,3142.0
2576,7.0,101287.0,燕雲十六州,0.12253321707248688,Q1151682,STEM.Technology,101287.0,11688.139908287156,5.0,3142.0
2577,7.0,101287.0,燕雲十六州,0.1097157895565033,Q1151682,Culture.Media.Television,101287.0,11688.139908287156,5.0,3142.0
2578,7.0,101287.0,燕雲十六州,0.0,Q1151682,Geography.Regions.Europe.Europe*,101287.0,11688.139908287156,5.0,3142.0
2579,7.0,101287.0,燕雲十六州,0.0,Q1151682,Geography.Regions.Asia.Asia*,101287.0,11688.139908287156,5.0,3142.0
2580,7.0,101287.0,燕雲十六州,0.0,Q1151682,Geography.Regions.Asia.East_Asia,101287.0,11688.139908287156,5.0,3142.0
2581,7.0,101287.0,燕雲十六州,0.0,Q1151682,Geography.Regions.Europe.Northern_Europe,101287.0,11688.139908287156,5.0,3142.0
2582,2.0,101530.0,鮑魚,0.99593985080719,Q190093,STEM.STEM*,101530.0,486.6750898622708,13.0,2722.0
2583,2.0,101530.0,鮑魚,0.9947898983955384,Q190093,STEM.Biology,101530.0,486.6750898622708,13.0,2722.0
2584,2.0,101530.0,鮑魚,0.15611489117145538,Q190093,History_and_Society.Society,101530.0,486.6750898622708,13.0,2722.0
2585,4.0,101741.0,离子,0.9416641592979432,Q36496,STEM.STEM*,101741.0,17369.22818151215,10.0,2864.0
2586,4.0,101741.0,离子,0.3775506913661957,Q36496,STEM.Chemistry,101741.0,17369.22818151215,10.0,2864.0
2587,4.0,101741.0,离子,0.33459946513175964,Q36496,STEM.Medicine_&_Health,101741.0,17369.22818151215,10.0,2864.0
2588,4.0,101741.0,离子,0.1778208613395691,Q36496,STEM.Biology,101741.0,17369.22818151215,10.0,2864.0
2589,6.0,102048.0,拿破崙戰爭,0.7490972280502319,Q78994,History_and_Society.Military_and_warfare,102048.0,9897.416712250304,1.0,2883.0
2590,6.0,102048.0,拿破崙戰爭,0.3952613940238953,Q78994,Geography.Regions.Europe.Europe*,102048.0,9897.416712250304,1.0,2883.0
2591,6.0,102048.0,拿破崙戰爭,0.3469777574539185,Q78994,Geography.Regions.Europe.Western_Europe,102048.0,9897.416712250304,1.0,2883.0
2592,6.0,102048.0,拿破崙戰爭,0.15611489117145538,Q78994,History_and_Society.Society,102048.0,9897.416712250304,1.0,2883.0
2593,6.0,102048.0,拿破崙戰爭,0.10375863313674928,Q78994,History_and_Society.History,102048.0,9897.416712250304,1.0,2883.0
2594,6.0,102048.0,拿破崙戰爭,0.0,Q78994,Geography.Geographical,102048.0,9897.416712250304,1.0,2883.0
2595,6.0,102048.0,拿破崙戰爭,0.0,Q78994,Geography.Regions.Europe.Southern_Europe,102048.0,9897.416712250304,1.0,2883.0
2596,6.0,102048.0,拿破崙戰爭,0.0,Q78994,Geography.Regions.Europe.Northern_Europe,102048.0,9897.416712250304,1.0,2883.0
2597,9.0,102454.0,薩摩藩,0.4857871999740601,Q676187,Geography.Regions.Asia.East_Asia,102454.0,22179.75780736501,13.0,2793.0
2598,9.0,102454.0,薩摩藩,0.4722507467269898,Q676187,Geography.Regions.Asia.Asia*,102454.0,22179.75780736501,13.0,2793.0
2599,11.0,102826.0,中原大學,0.9046605229377748,Q5116360,History_and_Society.Education,102826.0,17431.601717872938,0.0,4018.0
2600,11.0,102826.0,中原大學,0.8740872144699097,Q5116360,Geography.Regions.Asia.Asia*,102826.0,17431.601717872938,0.0,4018.0
2601,11.0,102826.0,中原大學,0.8634016513824463,Q5116360,Geography.Regions.Asia.East_Asia,102826.0,17431.601717872938,0.0,4018.0
2602,11.0,102826.0,中原大學,0.6859594583511353,Q5116360,History_and_Society.Society,102826.0,17431.601717872938,0.0,4018.0
2603,11.0,102826.0,中原大學,0.6654205918312073,Q5116360,Culture.Biography.Biography*,102826.0,17431.601717872938,0.0,4018.0
2604,10.0,103209.0,宋度宗,0.9748311638832092,Q7498,Culture.Biography.Biography*,103209.0,0.0,15.0,2862.0
2605,10.0,103209.0,宋度宗,0.4767238368988037,Q7498,Geography.Regions.Asia.East_Asia,103209.0,0.0,15.0,2862.0
2606,10.0,103209.0,宋度宗,0.4722507467269898,Q7498,Geography.Regions.Asia.Asia*,103209.0,0.0,15.0,2862.0
2607,10.0,103209.0,宋度宗,0.20182321965694427,Q7498,History_and_Society.History,103209.0,0.0,15.0,2862.0
2608,3.0,103328.0,长平之战,0.9825675487518309,Q1195760,History_and_Society.Military_and_warfare,103328.0,3942.0,15.0,2932.0
2609,3.0,103328.0,长平之战,0.6859594583511353,Q1195760,History_and_Society.History,103328.0,3942.0,15.0,2932.0
2610,3.0,103328.0,长平之战,0.4638651480674744,Q1195760,Geography.Regions.Asia.East_Asia,103328.0,3942.0,15.0,2932.0
2611,3.0,103328.0,长平之战,0.4294682612419128,Q1195760,Geography.Regions.Asia.Asia*,103328.0,3942.0,15.0,2932.0
2612,18.0,103452.0,国际民用航空组织,0.4843900501728058,Q125761,History_and_Society.Politics_and_government,103452.0,25765.082919343622,10.0,2540.0
2613,18.0,103452.0,国际民用航空组织,0.3702353835105896,Q125761,History_and_Society.Business_and_economics,103452.0,25765.082919343622,10.0,2540.0
2614,18.0,103452.0,国际民用航空组织,0.14415885508060455,Q125761,History_and_Society.Education,103452.0,25765.082919343622,10.0,2540.0
2615,18.0,103452.0,国际民用航空组织,0.1259327530860901,Q125761,STEM.STEM*,103452.0,25765.082919343622,10.0,2540.0
2616,18.0,103452.0,国际民用航空组织,0.0,Q125761,Geography.Regions.Europe.Europe*,103452.0,25765.082919343622,10.0,2540.0
2617,18.0,103452.0,国际民用航空组织,0.0,Q125761,Geography.Regions.Europe.Western_Europe,103452.0,25765.082919343622,10.0,2540.0
2618,6.0,103454.0,密克罗尼西亚联邦,0.9916942119598388,Q702,Geography.Geographical,103454.0,3011.6408182141795,1.0,2688.0
2619,6.0,103454.0,密克罗尼西亚联邦,0.7186043858528137,Q702,Geography.Regions.Oceania,103454.0,3011.6408182141795,1.0,2688.0
2620,6.0,103454.0,密克罗尼西亚联邦,0.11280541121959685,Q702,Geography.Regions.Asia.Asia*,103454.0,3011.6408182141795,1.0,2688.0
2621,2.0,103557.0,罗伯特·巴乔,0.9983093142509459,Q67964,Culture.Biography.Biography*,103557.0,7882.0,5.0,2353.0
2622,2.0,103557.0,罗伯特·巴乔,0.967909336090088,Q67964,Culture.Sports,103557.0,7882.0,5.0,2353.0
2623,2.0,103557.0,罗伯特·巴乔,0.0,Q67964,Geography.Regions.Europe.Europe*,103557.0,7882.0,5.0,2353.0
2624,2.0,103557.0,罗伯特·巴乔,0.0,Q67964,Geography.Regions.Europe.Western_Europe,103557.0,7882.0,5.0,2353.0
2625,2.0,103557.0,罗伯特·巴乔,0.0,Q67964,Geography.Regions.Europe.Southern_Europe,103557.0,7882.0,5.0,2353.0
2626,2.0,103557.0,罗伯特·巴乔,0.0,Q67964,Geography.Regions.Americas.South_America,103557.0,7882.0,5.0,2353.0
2627,9.0,103835.0,吴宇森,0.9996300339698792,Q55432,Culture.Biography.Biography*,103835.0,9033.615539208018,12.0,3356.0
2628,9.0,103835.0,吴宇森,0.14323513412475586,Q55432,Geography.Regions.Asia.Asia*,103835.0,9033.615539208018,12.0,3356.0
2629,9.0,103835.0,吴宇森,0.10667316818237303,Q55432,Geography.Regions.Asia.East_Asia,103835.0,9033.615539208018,12.0,3356.0
2630,9.0,103835.0,吴宇森,0.0,Q55432,Geography.Regions.Americas.North_America,103835.0,9033.615539208018,12.0,3356.0
2631,12.0,103860.0,约瑟普·布罗兹·铁托,0.9919480085372924,Q9161,Culture.Biography.Biography*,103860.0,19532.799960681845,1.0,2280.0
2632,12.0,103860.0,约瑟普·布罗兹·铁托,0.6859594583511353,Q9161,History_and_Society.Military_and_warfare,103860.0,19532.799960681845,1.0,2280.0
2633,12.0,103860.0,约瑟普·布罗兹·铁托,0.4765896201133728,Q9161,History_and_Society.Politics_and_government,103860.0,19532.799960681845,1.0,2280.0
2634,12.0,103860.0,约瑟普·布罗兹·铁托,0.4334051480293274,Q9161,Geography.Regions.Europe.Europe*,103860.0,19532.799960681845,1.0,2280.0
2635,12.0,103860.0,约瑟普·布罗兹·铁托,0.3923468291759491,Q9161,History_and_Society.History,103860.0,19532.799960681845,1.0,2280.0
2636,12.0,103860.0,约瑟普·布罗兹·铁托,0.32119916582107544,Q9161,Geography.Regions.Europe.Southern_Europe,103860.0,19532.799960681845,1.0,2280.0
2637,12.0,103860.0,约瑟普·布罗兹·铁托,0.0,Q9161,Geography.Regions.Europe.Eastern_Europe,103860.0,19532.799960681845,1.0,2280.0
2638,7.0,103930.0,新世界發展,0.7773098945617676,Q752084,History_and_Society.Business_and_economics,103930.0,7875.463187641634,10.0,2938.0
2639,7.0,103930.0,新世界發展,0.4294682612419128,Q752084,Geography.Regions.Asia.East_Asia,103930.0,7875.463187641634,10.0,2938.0
2640,7.0,103930.0,新世界發展,0.4114462008476257,Q752084,Geography.Regions.Asia.Asia*,103930.0,7875.463187641634,10.0,2938.0
2641,7.0,103930.0,新世界發展,0.1968362182378769,Q752084,STEM.STEM*,103930.0,7875.463187641634,10.0,2938.0
2642,7.0,103930.0,新世界發展,0.16452647745609286,Q752084,STEM.Technology,103930.0,7875.463187641634,10.0,2938.0
2643,7.0,103930.0,新世界發展,0.1520422399044037,Q752084,History_and_Society.Transportation,103930.0,7875.463187641634,10.0,2938.0
2644,7.0,103930.0,新世界發展,0.12253321707248688,Q752084,STEM.Engineering,103930.0,7875.463187641634,10.0,2938.0
2645,7.0,103930.0,新世界發展,0.11921291798353195,Q752084,Culture.Food_and_drink,103930.0,7875.463187641634,10.0,2938.0
2646,7.0,103930.0,新世界發展,0.11280541121959685,Q752084,Culture.Media.Media*,103930.0,7875.463187641634,10.0,2938.0
2647,7.0,103930.0,新世界發展,0.1067005917429924,Q752084,Culture.Visual_arts.Visual_arts*,103930.0,7875.463187641634,10.0,2938.0
2648,10.0,104275.0,布袋戲,0.4455395638942719,Q717122,STEM.STEM*,104275.0,21854.49236354974,5.0,2833.0
2649,10.0,104275.0,布袋戲,0.3007555902004242,Q717122,History_and_Society.Military_and_warfare,104275.0,21854.49236354974,5.0,2833.0
2650,10.0,104275.0,布袋戲,0.2942249774932861,Q717122,History_and_Society.History,104275.0,21854.49236354974,5.0,2833.0
2651,10.0,104275.0,布袋戲,0.19194278120994568,Q717122,STEM.Technology,104275.0,21854.49236354974,5.0,2833.0
2652,10.0,104275.0,布袋戲,0.18714269995689392,Q717122,History_and_Society.Transportation,104275.0,21854.49236354974,5.0,2833.0
2653,10.0,104275.0,布袋戲,0.1824355274438858,Q717122,History_and_Society.Society,104275.0,21854.49236354974,5.0,2833.0
2654,10.0,104275.0,布袋戲,0.16886694729328156,Q717122,Culture.Sports,104275.0,21854.49236354974,5.0,2833.0
2655,10.0,104275.0,布袋戲,0.16886694729328156,Q717122,Culture.Philosophy_and_religion,104275.0,21854.49236354974,5.0,2833.0
2656,10.0,104275.0,布袋戲,0.16027602553367615,Q717122,Culture.Visual_arts.Visual_arts*,104275.0,21854.49236354974,5.0,2833.0
2657,10.0,104275.0,布袋戲,0.14034625887870789,Q717122,History_and_Society.Politics_and_government,104275.0,21854.49236354974,5.0,2833.0
2658,10.0,104275.0,布袋戲,0.12253321707248688,Q717122,STEM.Biology,104275.0,21854.49236354974,5.0,2833.0
2659,10.0,104275.0,布袋戲,0.11921291798353195,Q717122,Culture.Media.Media*,104275.0,21854.49236354974,5.0,2833.0
2660,10.0,104275.0,布袋戲,0.11597072333097458,Q717122,STEM.Engineering,104275.0,21854.49236354974,5.0,2833.0
2661,10.0,104275.0,布袋戲,0.006821857929229736,Q717122,Geography.Regions.Europe.Europe*,104275.0,21854.49236354974,5.0,2833.0
2662,10.0,104275.0,布袋戲,0.0,Q717122,Geography.Regions.Asia.Asia*,104275.0,21854.49236354974,5.0,2833.0
2663,10.0,104275.0,布袋戲,0.0,Q717122,Geography.Regions.Europe.Western_Europe,104275.0,21854.49236354974,5.0,2833.0
2664,10.0,104275.0,布袋戲,0.0,Q717122,Geography.Regions.Asia.East_Asia,104275.0,21854.49236354974,5.0,2833.0
2665,10.0,104275.0,布袋戲,0.0,Q717122,Geography.Regions.Europe.Eastern_Europe,104275.0,21854.49236354974,5.0,2833.0
2666,10.0,104275.0,布袋戲,0.0,Q717122,Geography.Regions.Europe.Northern_Europe,104275.0,21854.49236354974,5.0,2833.0
2667,10.0,104275.0,布袋戲,0.0,Q717122,Geography.Regions.Americas.North_America,104275.0,21854.49236354974,5.0,2833.0
2668,10.0,104275.0,布袋戲,0.0,Q717122,Geography.Regions.Europe.Southern_Europe,104275.0,21854.49236354974,5.0,2833.0
2669,13.0,104282.0,何超儀,0.998599648475647,Q455691,Culture.Biography.Biography*,104282.0,38874.55474761845,12.0,2985.0
2670,13.0,104282.0,何超儀,0.9481645226478576,Q455691,Culture.Biography.Women,104282.0,38874.55474761845,12.0,2985.0
2671,13.0,104282.0,何超儀,0.1520422399044037,Q455691,Culture.Media.Media*,104282.0,38874.55474761845,12.0,2985.0
2672,13.0,104282.0,何超儀,0.13604079389572146,Q455691,Geography.Regions.Asia.East_Asia,104282.0,38874.55474761845,12.0,2985.0
2673,13.0,104282.0,何超儀,0.12878464365005493,Q455691,Geography.Regions.Asia.Asia*,104282.0,38874.55474761845,12.0,2985.0
2674,13.0,104282.0,何超儀,0.11280541121959685,Q455691,History_and_Society.History,104282.0,38874.55474761845,12.0,2985.0
2675,5.0,104287.0,何東,0.9820237755775452,Q6121156,Culture.Biography.Biography*,104287.0,1.5,2.0,2917.0
2676,5.0,104287.0,何東,0.4627899398803711,Q6121156,Geography.Regions.Asia.East_Asia,104287.0,1.5,2.0,2917.0
2677,5.0,104287.0,何東,0.4314633479118347,Q6121156,Geography.Regions.Asia.Asia*,104287.0,1.5,2.0,2917.0
2678,5.0,104287.0,何東,0.11921291798353195,Q6121156,Culture.Philosophy_and_religion,104287.0,1.5,2.0,2917.0
2679,5.0,104287.0,何東,0.1067005917429924,Q6121156,History_and_Society.Politics_and_government,104287.0,1.5,2.0,2917.0
2680,5.0,104550.0,激素,0.9916942119598388,Q11364,STEM.STEM*,104550.0,29691.621568373383,10.0,3113.0
2681,5.0,104550.0,激素,0.9362950325012208,Q11364,STEM.Medicine_&_Health,104550.0,29691.621568373383,10.0,3113.0
2682,5.0,104550.0,激素,0.2393593490123749,Q11364,STEM.Biology,104550.0,29691.621568373383,10.0,3113.0
2683,5.0,104550.0,激素,0.15611489117145538,Q11364,STEM.Chemistry,104550.0,29691.621568373383,10.0,3113.0
2684,5.0,104550.0,激素,0.10375863313674928,Q11364,STEM.Physics,104550.0,29691.621568373383,10.0,3113.0
2685,16.0,104627.0,旺角黑夜,0.9566442370414734,Q2132335,Culture.Media.Films,104627.0,20237.7909330841,12.0,16836.0
2686,16.0,104627.0,旺角黑夜,0.9381340146064758,Q2132335,Culture.Media.Media*,104627.0,20237.7909330841,12.0,16836.0
2687,16.0,104627.0,旺角黑夜,0.4314633479118347,Q2132335,Geography.Regions.Asia.Asia*,104627.0,20237.7909330841,12.0,16836.0
2688,16.0,104627.0,旺角黑夜,0.4314633479118347,Q2132335,Geography.Regions.Asia.East_Asia,104627.0,20237.7909330841,12.0,16836.0
2689,9.0,104630.0,旺角卡门,0.9830951094627379,Q1203742,Culture.Media.Films,104630.0,5871.5672822237375,12.0,2862.0
2690,9.0,104630.0,旺角卡门,0.9715740084648132,Q1203742,Culture.Media.Media*,104630.0,5871.5672822237375,12.0,2862.0
2691,9.0,104630.0,旺角卡门,0.3893042674064636,Q1203742,Geography.Regions.Asia.Asia*,104630.0,5871.5672822237375,12.0,2862.0
2692,9.0,104630.0,旺角卡门,0.3344935646057129,Q1203742,Geography.Regions.Asia.East_Asia,104630.0,5871.5672822237375,12.0,2862.0
2693,12.0,104834.0,許鞍華,0.998599648475647,Q256958,Culture.Biography.Biography*,104834.0,18680.829589347064,12.0,2259.0
2694,12.0,104834.0,許鞍華,0.7248802781105042,Q256958,Culture.Biography.Women,104834.0,18680.829589347064,12.0,2259.0
2695,12.0,104834.0,許鞍華,0.4406641592979431,Q256958,Geography.Regions.Asia.East_Asia,104834.0,18680.829589347064,12.0,2259.0
2696,12.0,104834.0,許鞍華,0.4314633479118347,Q256958,Geography.Regions.Asia.Asia*,104834.0,18680.829589347064,12.0,2259.0
2697,12.0,104834.0,許鞍華,0.14805719256401062,Q256958,Culture.Literature,104834.0,18680.829589347064,12.0,2259.0
2698,12.0,104834.0,許鞍華,0.10375863313674928,Q256958,History_and_Society.Society,104834.0,18680.829589347064,12.0,2259.0
2699,11.0,104874.0,札幌市,0.9770326614379884,Q37951,Geography.Regions.Asia.East_Asia,104874.0,19269.395995964587,13.0,4057.0
2700,11.0,104874.0,札幌市,0.9755869507789612,Q37951,Geography.Regions.Asia.Asia*,104874.0,19269.395995964587,13.0,4057.0
2701,11.0,104874.0,札幌市,0.7663036584854126,Q37951,Geography.Geographical,104874.0,19269.395995964587,13.0,4057.0
2702,4.0,104915.0,梁愛詩,0.9796776771545409,Q5367604,Culture.Biography.Biography*,104915.0,1474.6277735911428,3.0,1352.0
2703,4.0,104915.0,梁愛詩,0.4139109721183777,Q5367604,Geography.Regions.Asia.East_Asia,104915.0,1474.6277735911428,3.0,1352.0
2704,4.0,104915.0,梁愛詩,0.3998216390609741,Q5367604,Culture.Biography.Women,104915.0,1474.6277735911428,3.0,1352.0
2705,4.0,104915.0,梁愛詩,0.3696072568893433,Q5367604,Geography.Regions.Asia.Asia*,104915.0,1474.6277735911428,3.0,1352.0
2706,1.0,105136.0,更登確吉尼玛,0.9019306898117064,Q372526,Culture.Biography.Biography*,105136.0,0.0,13.0,1224.0
2707,1.0,105136.0,更登確吉尼玛,0.7431780099868774,Q372526,Culture.Philosophy_and_religion,105136.0,0.0,13.0,1224.0
2708,1.0,105136.0,更登確吉尼玛,0.6442351341247559,Q372526,History_and_Society.Society,105136.0,0.0,13.0,1224.0
2709,1.0,105136.0,更登確吉尼玛,0.15742753648757934,Q372526,Geography.Regions.Asia.Asia*,105136.0,0.0,13.0,1224.0
2710,1.0,105136.0,更登確吉尼玛,0.0,Q372526,Geography.Regions.Asia.East_Asia,105136.0,0.0,13.0,1224.0
2711,8.0,105154.0,陳可辛,0.991162657737732,Q716064,Culture.Biography.Biography*,105154.0,3072.9160217910357,12.0,2961.0
2712,8.0,105154.0,陳可辛,0.4845064153671265,Q716064,Geography.Regions.Asia.East_Asia,105154.0,3072.9160217910357,12.0,2961.0
2713,8.0,105154.0,陳可辛,0.43713401460647583,Q716064,Geography.Regions.Asia.Asia*,105154.0,3072.9160217910357,12.0,2961.0
2714,8.0,105154.0,陳可辛,0.2509227991104126,Q716064,Culture.Media.Media*,105154.0,3072.9160217910357,12.0,2961.0
2715,8.0,105154.0,陳可辛,0.11597072333097458,Q716064,Culture.Media.Films,105154.0,3072.9160217910357,12.0,2961.0
2716,28.0,105160.0,新华社,0.4231518378257752,Q204839,Geography.Regions.Asia.East_Asia,105160.0,82943.28974974997,3.0,2563.0
2717,28.0,105160.0,新华社,0.3624016513824463,Q204839,Geography.Regions.Asia.Asia*,105160.0,82943.28974974997,3.0,2563.0
2718,28.0,105160.0,新华社,0.12253321707248688,Q204839,History_and_Society.Politics_and_government,105160.0,82943.28974974997,3.0,2563.0
2719,28.0,105160.0,新华社,0.10088862478733064,Q204839,History_and_Society.Business_and_economics,105160.0,82943.28974974997,3.0,2563.0
2720,4.0,105535.0,關錦鵬,0.9984612464904784,Q705995,Culture.Biography.Biography*,105535.0,4394.101576854641,12.0,1712.0
2721,4.0,105535.0,關錦鵬,0.4089169969558716,Q705995,Geography.Regions.Asia.East_Asia,105535.0,4394.101576854641,12.0,1712.0
2722,4.0,105535.0,關錦鵬,0.3548611869812012,Q705995,Geography.Regions.Asia.Asia*,105535.0,4394.101576854641,12.0,1712.0
2723,2.0,105670.0,NBA年度最佳防守球员,0.7981967926025391,Q845884,History_and_Society.Society,105670.0,0.0,17.0,1409.0
2724,2.0,105670.0,NBA年度最佳防守球员,0.7931159734725952,Q845884,Culture.Sports,105670.0,0.0,17.0,1409.0
2725,2.0,105670.0,NBA年度最佳防守球员,0.11597072333097458,Q845884,Culture.Media.Media*,105670.0,0.0,17.0,1409.0
2726,6.0,105940.0,匹兹堡,0.9688661694526672,Q1342,Geography.Geographical,105940.0,12314.382983190595,17.0,2740.0
2727,6.0,105940.0,匹兹堡,0.3007555902004242,Q1342,Geography.Regions.Americas.North_America,105940.0,12314.382983190595,17.0,2740.0
2728,6.0,105940.0,匹兹堡,0.11597072333097458,Q1342,Geography.Regions.Europe.Europe*,105940.0,12314.382983190595,17.0,2740.0
2729,3.0,106141.0,同志國歌,0.9986850023269652,Q2997685,Culture.Media.Music,106141.0,7883.0,6.0,1809.0
2730,3.0,106141.0,同志國歌,0.9893575310707092,Q2997685,Culture.Media.Media*,106141.0,7883.0,6.0,1809.0
2731,3.0,106141.0,同志國歌,0.4921981394290924,Q2997685,Culture.Philosophy_and_religion,106141.0,7883.0,6.0,1809.0
2732,3.0,106141.0,同志國歌,0.40734341740608215,Q2997685,History_and_Society.Society,106141.0,7883.0,6.0,1809.0
2733,3.0,106141.0,同志國歌,0.0,Q2997685,Geography.Regions.Asia.Asia*,106141.0,7883.0,6.0,1809.0
2734,3.0,106141.0,同志國歌,0.0,Q2997685,Geography.Regions.Asia.South_Asia,106141.0,7883.0,6.0,1809.0
2735,3.0,106141.0,同志國歌,0.0,Q2997685,Geography.Regions.Europe.Northern_Europe,106141.0,7883.0,6.0,1809.0
2736,25.0,106211.0,PlayStation 2,0.9964163899421692,Q10680,Culture.Media.Video_games,106211.0,105257.05830539405,14.0,3155.0
2737,25.0,106211.0,PlayStation 2,0.9951046109199524,Q10680,Culture.Internet_culture,106211.0,105257.05830539405,14.0,3155.0
2738,25.0,106211.0,PlayStation 2,0.9919480085372924,Q10680,Culture.Media.Media*,106211.0,105257.05830539405,14.0,3155.0
2739,25.0,106211.0,PlayStation 2,0.20182321965694427,Q10680,STEM.STEM*,106211.0,105257.05830539405,14.0,3155.0
2740,25.0,106211.0,PlayStation 2,0.1520422399044037,Q10680,STEM.Computing,106211.0,105257.05830539405,14.0,3155.0
2741,25.0,106211.0,PlayStation 2,0.13297423720359802,Q10680,History_and_Society.Business_and_economics,106211.0,105257.05830539405,14.0,3155.0
2742,2.0,106618.0,何佐芝,0.9937201142311096,Q7259247,Culture.Biography.Biography*,106618.0,0.0,2.0,2068.0
2743,2.0,106618.0,何佐芝,0.16442059183120727,Q7259247,Geography.Regions.Asia.East_Asia,106618.0,0.0,2.0,2068.0
2744,2.0,106618.0,何佐芝,0.1294127255678177,Q7259247,History_and_Society.Politics_and_government,106618.0,0.0,2.0,2068.0
2745,2.0,106618.0,何佐芝,0.12146936559677125,Q7259247,Geography.Regions.Asia.Asia*,106618.0,0.0,2.0,2068.0
2746,16.0,106763.0,絕世天劫,0.9958112239837646,Q208344,Culture.Media.Media*,106763.0,39881.106972136855,6.0,2904.0
2747,16.0,106763.0,絕世天劫,0.994098961353302,Q208344,Culture.Media.Films,106763.0,39881.106972136855,6.0,2904.0
2748,16.0,106763.0,絕世天劫,0.4378334879875183,Q208344,Culture.Media.Entertainment,106763.0,39881.106972136855,6.0,2904.0
2749,16.0,106763.0,絕世天劫,0.10088862478733064,Q208344,Culture.Literature,106763.0,39881.106972136855,6.0,2904.0
2750,16.0,106763.0,絕世天劫,0.0,Q208344,Geography.Regions.Americas.North_America,106763.0,39881.106972136855,6.0,2904.0
2751,2.0,106874.0,戴季陶,0.9496793746948242,Q704286,Culture.Biography.Biography*,106874.0,75.79718756927188,2.0,2362.0
2752,2.0,106874.0,戴季陶,0.3923194279670715,Q704286,Geography.Regions.Asia.East_Asia,106874.0,75.79718756927188,2.0,2362.0
2753,2.0,106874.0,戴季陶,0.38304929637908935,Q704286,Geography.Regions.Asia.Asia*,106874.0,75.79718756927188,2.0,2362.0
2754,8.0,106969.0,超级女声,0.8774868249893188,Q3042051,Culture.Media.Television,106969.0,18472.600314915075,12.0,4505.0
2755,8.0,106969.0,超级女声,0.812877357006073,Q3042051,Culture.Media.Media*,106969.0,18472.600314915075,12.0,4505.0
2756,8.0,106969.0,超级女声,0.40366052293777466,Q3042051,Geography.Regions.Asia.East_Asia,106969.0,18472.600314915075,12.0,4505.0
2757,8.0,106969.0,超级女声,0.35867373847961426,Q3042051,Geography.Regions.Asia.Asia*,106969.0,18472.600314915075,12.0,4505.0
2758,8.0,106969.0,超级女声,0.14805719256401062,Q3042051,Culture.Internet_culture,106969.0,18472.600314915075,12.0,4505.0
2759,1.0,107130.0,觀塘瑪利諾書院,0.9724247455596924,Q1846100,History_and_Society.Education,107130.0,0.0,3.0,990.0
2760,1.0,107130.0,觀塘瑪利諾書院,0.8267217874526978,Q1846100,Geography.Regions.Asia.East_Asia,107130.0,0.0,3.0,990.0
2761,1.0,107130.0,觀塘瑪利諾書院,0.812877357006073,Q1846100,Geography.Regions.Asia.Asia*,107130.0,0.0,3.0,990.0
2762,1.0,107130.0,觀塘瑪利諾書院,0.16027602553367615,Q1846100,Culture.Biography.Biography*,107130.0,0.0,3.0,990.0
2763,1.0,107130.0,觀塘瑪利諾書院,0.14805719256401062,Q1846100,Culture.Biography.Women,107130.0,0.0,3.0,990.0
2764,1.0,107130.0,觀塘瑪利諾書院,0.10088862478733064,Q1846100,Culture.Philosophy_and_religion,107130.0,0.0,3.0,990.0
2765,8.0,107582.0,哈基姆·奥拉朱旺,0.9992306232452391,Q273256,Culture.Biography.Biography*,107582.0,14176.291339329959,17.0,3053.0
2766,8.0,107582.0,哈基姆·奥拉朱旺,0.9979592561721802,Q273256,Culture.Sports,107582.0,14176.291339329959,17.0,3053.0
2767,8.0,107582.0,哈基姆·奥拉朱旺,0.38304929637908935,Q273256,Geography.Regions.Americas.North_America,107582.0,14176.291339329959,17.0,3053.0
2768,8.0,107582.0,哈基姆·奥拉朱旺,0.0,Q273256,Geography.Regions.Africa.Africa*,107582.0,14176.291339329959,17.0,3053.0
2769,8.0,107582.0,哈基姆·奥拉朱旺,0.0,Q273256,Geography.Regions.Africa.Western_Africa,107582.0,14176.291339329959,17.0,3053.0
2770,1.0,107628.0,苏舜钦,0.9481645226478576,Q2898749,Culture.Biography.Biography*,107628.0,0.0,11.0,7424.0
2771,1.0,107628.0,苏舜钦,0.4714247455596924,Q2898749,Geography.Regions.Asia.Asia*,107628.0,0.0,11.0,7424.0
2772,1.0,107628.0,苏舜钦,0.4616831412315369,Q2898749,Geography.Regions.Asia.East_Asia,107628.0,0.0,11.0,7424.0
2773,1.0,107628.0,苏舜钦,0.320831298828125,Q2898749,Culture.Literature,107628.0,0.0,11.0,7424.0
2774,1.0,107628.0,苏舜钦,0.11280541121959685,Q2898749,History_and_Society.History,107628.0,0.0,11.0,7424.0
2775,12.0,107648.0,纽约证券交易所,0.7826725244522095,Q13677,Geography.Regions.Americas.North_America,107648.0,52126.05290496488,10.0,3205.0
2776,12.0,107648.0,纽约证券交易所,0.6442351341247559,Q13677,History_and_Society.Business_and_economics,107648.0,52126.05290496488,10.0,3205.0
2777,12.0,107648.0,纽约证券交易所,0.16886694729328156,Q13677,Culture.Media.Media*,107648.0,52126.05290496488,10.0,3205.0
2778,12.0,107648.0,纽约证券交易所,0.11597072333097458,Q13677,Culture.Visual_arts.Visual_arts*,107648.0,52126.05290496488,10.0,3205.0
2779,12.0,107648.0,纽约证券交易所,0.1067005917429924,Q13677,STEM.STEM*,107648.0,52126.05290496488,10.0,3205.0
2780,6.0,108179.0,威廉四世 (英國),0.9960646033287048,Q130822,Culture.Biography.Biography*,108179.0,372.27613277243296,1.0,2458.0
2781,6.0,108179.0,威廉四世 (英國),0.40734341740608215,Q130822,History_and_Society.Military_and_warfare,108179.0,372.27613277243296,1.0,2458.0
2782,6.0,108179.0,威廉四世 (英國),0.26285186409950256,Q130822,History_and_Society.History,108179.0,372.27613277243296,1.0,2458.0
2783,6.0,108179.0,威廉四世 (英國),0.12253321707248688,Q130822,Culture.Biography.Women,108179.0,372.27613277243296,1.0,2458.0
2784,6.0,108179.0,威廉四世 (英國),0.10667316818237303,Q130822,Geography.Regions.Europe.Europe*,108179.0,372.27613277243296,1.0,2458.0
2785,6.0,108179.0,威廉四世 (英國),0.0,Q130822,Geography.Regions.Europe.Northern_Europe,108179.0,372.27613277243296,1.0,2458.0
2786,6.0,108179.0,威廉四世 (英國),0.0,Q130822,Geography.Regions.Europe.Western_Europe,108179.0,372.27613277243296,1.0,2458.0
2787,6.0,108334.0,蒙恬,0.9796776771545409,Q1151702,Culture.Biography.Biography*,108334.0,7754.754899526484,15.0,2826.0
2788,6.0,108334.0,蒙恬,0.5000100135803223,Q1151702,History_and_Society.Military_and_warfare,108334.0,7754.754899526484,15.0,2826.0
2789,6.0,108334.0,蒙恬,0.4815675487518311,Q1151702,Geography.Regions.Asia.East_Asia,108334.0,7754.754899526484,15.0,2826.0
2790,6.0,108334.0,蒙恬,0.4456066956520081,Q1151702,Geography.Regions.Asia.Asia*,108334.0,7754.754899526484,15.0,2826.0
2791,6.0,108376.0,潮汐,0.8221991658210754,Q23384,STEM.STEM*,108376.0,23455.90845762729,12.0,3002.0
2792,6.0,108376.0,潮汐,0.2568419873714447,Q23384,History_and_Society.Society,108376.0,23455.90845762729,12.0,3002.0
2793,6.0,108376.0,潮汐,0.1097157895565033,Q23384,STEM.Physics,108376.0,23455.90845762729,12.0,3002.0
2794,6.0,108376.0,潮汐,0.10088862478733064,Q23384,STEM.Technology,108376.0,23455.90845762729,12.0,3002.0
2795,6.0,108414.0,彭博新聞社,0.8596737384796143,Q14270642,History_and_Society.Business_and_economics,108414.0,26534.920995748507,3.0,3806.0
2796,6.0,108414.0,彭博新聞社,0.6297846436500549,Q14270642,Culture.Media.Media*,108414.0,26534.920995748507,3.0,3806.0
2797,6.0,108414.0,彭博新聞社,0.1778208613395691,Q14270642,Culture.Biography.Biography*,108414.0,26534.920995748507,3.0,3806.0
2798,6.0,108414.0,彭博新聞社,0.14415885508060455,Q14270642,History_and_Society.Education,108414.0,26534.920995748507,3.0,3806.0
2799,6.0,108414.0,彭博新聞社,0.11921291798353195,Q14270642,Culture.Internet_culture,108414.0,26534.920995748507,3.0,3806.0
2800,6.0,108414.0,彭博新聞社,0.0,Q14270642,Geography.Regions.Americas.North_America,108414.0,26534.920995748507,3.0,3806.0
2801,7.0,108559.0,警察故事,0.9814634323120116,Q594033,Culture.Media.Films,108559.0,26616.81230552457,12.0,2404.0
2802,7.0,108559.0,警察故事,0.9688661694526672,Q594033,Culture.Media.Media*,108559.0,26616.81230552457,12.0,2404.0
2803,7.0,108559.0,警察故事,0.4798859825134277,Q594033,Geography.Regions.Asia.East_Asia,108559.0,26616.81230552457,12.0,2404.0
2804,7.0,108559.0,警察故事,0.4440047016143799,Q594033,Geography.Regions.Asia.Asia*,108559.0,26616.81230552457,12.0,2404.0
2805,6.0,108751.0,各国家和地区人口密度列表,1.0,Q176310,Compilation.List_Disambig,108751.0,2457.684012663961,10.0,299.0
2806,6.0,108751.0,各国家和地区人口密度列表,0.348655104637146,Q176310,History_and_Society.Business_and_economics,108751.0,2457.684012663961,10.0,299.0
2807,6.0,108751.0,各国家和地区人口密度列表,0.2069040536880493,Q176310,STEM.STEM*,108751.0,2457.684012663961,10.0,299.0
2808,6.0,108751.0,各国家和地区人口密度列表,0.20182321965694427,Q176310,History_and_Society.Society,108751.0,2457.684012663961,10.0,299.0
2809,6.0,108751.0,各国家和地区人口密度列表,0.10375863313674928,Q176310,STEM.Technology,108751.0,2457.684012663961,10.0,299.0
2810,6.0,108751.0,各国家和地区人口密度列表,0.0,Q176310,Geography.Geographical,108751.0,2457.684012663961,10.0,299.0
2811,24.0,109025.0,曾鈺成,0.9939124584197998,Q163404,Culture.Biography.Biography*,109025.0,25365.646182936835,3.0,2251.0
2812,24.0,109025.0,曾鈺成,0.3862146010398865,Q163404,Geography.Regions.Asia.East_Asia,109025.0,25365.646182936835,3.0,2251.0
2813,24.0,109025.0,曾鈺成,0.30218379402160644,Q163404,Geography.Regions.Asia.Asia*,109025.0,25365.646182936835,3.0,2251.0
2814,1.0,109810.0,马克·伊顿,0.9991269707679749,Q357757,Culture.Biography.Biography*,109810.0,0.0,17.0,3135.0
2815,1.0,109810.0,马克·伊顿,0.9970290064811708,Q357757,Culture.Sports,109810.0,0.0,17.0,3135.0
2816,1.0,109810.0,马克·伊顿,0.0,Q357757,Geography.Regions.Americas.North_America,109810.0,0.0,17.0,3135.0
2817,2.0,109952.0,奧斯特利茨戰役,0.9989450573921204,Q134114,History_and_Society.Military_and_warfare,109952.0,0.0,1.0,1609.0
2818,2.0,109952.0,奧斯特利茨戰役,0.9755869507789612,Q134114,Geography.Regions.Europe.Western_Europe,109952.0,0.0,1.0,1609.0
2819,2.0,109952.0,奧斯特利茨戰役,0.9579222798347472,Q134114,Geography.Regions.Europe.Europe*,109952.0,0.0,1.0,1609.0
2820,2.0,109952.0,奧斯特利茨戰役,0.754925012588501,Q134114,Geography.Regions.Europe.Eastern_Europe,109952.0,0.0,1.0,1609.0
2821,2.0,109952.0,奧斯特利茨戰役,0.2942249774932861,Q134114,Geography.Regions.Asia.North_Asia,109952.0,0.0,1.0,1609.0
2822,2.0,109952.0,奧斯特利茨戰役,0.2568419873714447,Q134114,Geography.Regions.Europe.Southern_Europe,109952.0,0.0,1.0,1609.0
2823,2.0,109952.0,奧斯特利茨戰役,0.2568419873714447,Q134114,History_and_Society.Society,109952.0,0.0,1.0,1609.0
2824,2.0,109952.0,奧斯特利茨戰役,0.16886694729328156,Q134114,History_and_Society.History,109952.0,0.0,1.0,1609.0
2825,9.0,110141.0,MIM-104爱国者导弹,0.9976133108139038,Q339025,History_and_Society.Military_and_warfare,110141.0,9626.326217059699,5.0,2189.0
2826,9.0,110141.0,MIM-104爱国者导弹,0.0,Q339025,Geography.Regions.Americas.North_America,110141.0,9626.326217059699,5.0,2189.0
2827,10.0,110191.0,CSI犯罪現場,0.9149109721183776,Q117396,Culture.Media.Media*,110191.0,21181.831827461603,6.0,2752.0
2828,10.0,110191.0,CSI犯罪現場,0.5234303474426271,Q117396,Culture.Media.Television,110191.0,21181.831827461603,6.0,2752.0
2829,10.0,110191.0,CSI犯罪現場,0.4301573634147644,Q117396,Culture.Media.Films,110191.0,21181.831827461603,6.0,2752.0
2830,10.0,110191.0,CSI犯罪現場,0.0,Q117396,Geography.Regions.Americas.North_America,110191.0,21181.831827461603,6.0,2752.0
2831,10.0,110191.0,CSI犯罪現場,0.0,Q117396,Geography.Regions.Europe.Europe*,110191.0,21181.831827461603,6.0,2752.0
2832,1.0,110262.0,极夜,0.9019306898117064,Q190991,STEM.STEM*,110262.0,0.0,5.0,2763.0
2833,1.0,110262.0,极夜,0.3775506913661957,Q190991,STEM.Earth_and_environment,110262.0,0.0,5.0,2763.0
2834,1.0,110262.0,极夜,0.23371636867523196,Q190991,STEM.Space,110262.0,0.0,5.0,2763.0
2835,1.0,110262.0,极夜,0.1778208613395691,Q190991,STEM.Medicine_&_Health,110262.0,0.0,5.0,2763.0
2836,1.0,110262.0,极夜,0.13661839067935946,Q190991,STEM.Technology,110262.0,0.0,5.0,2763.0
2837,1.0,110262.0,极夜,0.1259327530860901,Q190991,History_and_Society.Society,110262.0,0.0,5.0,2763.0
2838,1.0,110262.0,极夜,0.10375863313674928,Q190991,Culture.Philosophy_and_religion,110262.0,0.0,5.0,2763.0
2839,1.0,110262.0,极夜,0.0,Q190991,Geography.Geographical,110262.0,0.0,5.0,2763.0
2840,3.0,110671.0,石禮謙,0.9626831412315368,Q4669150,Culture.Biography.Biography*,110671.0,633.9629270473232,3.0,1256.0
2841,3.0,110671.0,石禮謙,0.4486793746948242,Q4669150,Geography.Regions.Asia.East_Asia,110671.0,633.9629270473232,3.0,1256.0
2842,3.0,110671.0,石禮謙,0.4294682612419128,Q4669150,Geography.Regions.Asia.Asia*,110671.0,633.9629270473232,3.0,1256.0
2843,3.0,110671.0,石禮謙,0.1067005917429924,Q4669150,History_and_Society.Politics_and_government,110671.0,633.9629270473232,3.0,1256.0
2844,3.0,110729.0,中華航空611號班機空難,0.9994907379150392,Q435806,STEM.Engineering,110729.0,2396.739072926729,10.0,2893.0
2845,3.0,110729.0,中華航空611號班機空難,0.9990094900131226,Q435806,History_and_Society.Transportation,110729.0,2396.739072926729,10.0,2893.0
2846,3.0,110729.0,中華航空611號班機空難,0.9969346523284912,Q435806,STEM.STEM*,110729.0,2396.739072926729,10.0,2893.0
2847,3.0,110729.0,中華航空611號班機空難,0.9908843636512756,Q435806,Culture.Biography.Biography*,110729.0,2396.739072926729,10.0,2893.0
2848,3.0,110729.0,中華航空611號班機空難,0.9830951094627379,Q435806,Geography.Regions.Asia.East_Asia,110729.0,2396.739072926729,10.0,2893.0
2849,3.0,110729.0,中華航空611號班機空難,0.9637899398803712,Q435806,Geography.Regions.Asia.Asia*,110729.0,2396.739072926729,10.0,2893.0
2850,3.0,110729.0,中華航空611號班機空難,0.9344051480293274,Q435806,History_and_Society.Society,110729.0,2396.739072926729,10.0,2893.0
2851,3.0,110729.0,中華航空611號班機空難,0.7773098945617676,Q435806,History_and_Society.Politics_and_government,110729.0,2396.739072926729,10.0,2893.0
2852,3.0,110729.0,中華航空611號班機空難,0.1097157895565033,Q435806,Geography.Regions.Europe.Europe*,110729.0,2396.739072926729,10.0,2893.0
2853,16.0,110789.0,泰晤士报,0.6150978803634644,Q50008,Culture.Media.Media*,110789.0,34304.063900924084,1.0,1814.0
2854,16.0,110789.0,泰晤士报,0.13661839067935946,Q50008,History_and_Society.Politics_and_government,110789.0,34304.063900924084,1.0,1814.0
2855,16.0,110789.0,泰晤士报,0.0,Q50008,Geography.Regions.Europe.Europe*,110789.0,34304.063900924084,1.0,1814.0
2856,16.0,110789.0,泰晤士报,0.0,Q50008,Geography.Regions.Europe.Northern_Europe,110789.0,34304.063900924084,1.0,1814.0
2857,6.0,111129.0,紙錢,0.3775506913661957,Q2630552,History_and_Society.History,111129.0,11205.986374137916,4.0,2432.0
2858,6.0,111129.0,紙錢,0.3629792034626007,Q2630552,STEM.Technology,111129.0,11205.986374137916,4.0,2432.0
2859,6.0,111129.0,紙錢,0.2069040536880493,Q2630552,STEM.STEM*,111129.0,11205.986374137916,4.0,2432.0
2860,6.0,111129.0,紙錢,0.16442059183120727,Q2630552,Geography.Regions.Asia.East_Asia,111129.0,11205.986374137916,4.0,2432.0
2861,6.0,111129.0,紙錢,0.10088862478733064,Q2630552,STEM.Engineering,111129.0,11205.986374137916,4.0,2432.0
2862,6.0,111129.0,紙錢,0.10088862478733064,Q2630552,Culture.Philosophy_and_religion,111129.0,11205.986374137916,4.0,2432.0
2863,6.0,111129.0,紙錢,0.022430347442626952,Q2630552,Geography.Regions.Asia.Asia*,111129.0,11205.986374137916,4.0,2432.0
2864,1.0,111310.0,米兰主教座堂,0.8933194279670715,Q18068,Geography.Regions.Europe.Europe*,111310.0,0.0,11.0,2298.0
2865,1.0,111310.0,米兰主教座堂,0.8439050912857056,Q18068,Culture.Visual_arts.Visual_arts*,111310.0,0.0,11.0,2298.0
2866,1.0,111310.0,米兰主教座堂,0.8311530351638794,Q18068,Culture.Visual_arts.Architecture,111310.0,0.0,11.0,2298.0
2867,1.0,111310.0,米兰主教座堂,0.7981967926025391,Q18068,Geography.Regions.Europe.Southern_Europe,111310.0,0.0,11.0,2298.0
2868,1.0,111310.0,米兰主教座堂,0.23371636867523196,Q18068,Culture.Philosophy_and_religion,111310.0,0.0,11.0,2298.0
2869,1.0,111310.0,米兰主教座堂,0.13297423720359802,Q18068,History_and_Society.History,111310.0,0.0,11.0,2298.0
2870,13.0,111483.0,五旬節,0.7057950496673584,Q39864,Culture.Philosophy_and_religion,111483.0,6918.099533323823,11.0,2599.0
2871,13.0,111483.0,五旬節,0.0,Q39864,Geography.Regions.Europe.Europe*,111483.0,6918.099533323823,11.0,2599.0
2872,2.0,111660.0,苏菲·玛索,0.9990700483322144,Q162753,Culture.Biography.Biography*,111660.0,94.99402609014666,6.0,3178.0
2873,2.0,111660.0,苏菲·玛索,0.9324633479118348,Q162753,Culture.Biography.Women,111660.0,94.99402609014666,6.0,3178.0
2874,2.0,111660.0,苏菲·玛索,0.3548611869812012,Q162753,Geography.Regions.Europe.Europe*,111660.0,94.99402609014666,6.0,3178.0
2875,2.0,111660.0,苏菲·玛索,0.3429050912857056,Q162753,Geography.Regions.Europe.Western_Europe,111660.0,94.99402609014666,6.0,3178.0
2876,2.0,111660.0,苏菲·玛索,0.14415885508060455,Q162753,Culture.Media.Media*,111660.0,94.99402609014666,6.0,3178.0
2877,2.0,111660.0,苏菲·玛索,0.1259327530860901,Q162753,Culture.Literature,111660.0,94.99402609014666,6.0,3178.0
2878,2.0,111660.0,苏菲·玛索,0.0,Q162753,Geography.Regions.Europe.Northern_Europe,111660.0,94.99402609014666,6.0,3178.0
2879,2.0,111660.0,苏菲·玛索,0.0,Q162753,Geography.Regions.Americas.North_America,111660.0,94.99402609014666,6.0,3178.0
2880,5.0,111696.0,所多瑪與蛾摩拉,0.9770326614379884,Q180141,Culture.Philosophy_and_religion,111696.0,9415.736255214915,11.0,3057.0
2881,5.0,111696.0,所多瑪與蛾摩拉,0.6926519870758057,Q180141,Culture.Literature,111696.0,9415.736255214915,11.0,3057.0
2882,5.0,111696.0,所多瑪與蛾摩拉,0.3276783227920532,Q180141,History_and_Society.History,111696.0,9415.736255214915,11.0,3057.0
2883,5.0,111696.0,所多瑪與蛾摩拉,0.22816647589206696,Q180141,Geography.Regions.Asia.West_Asia,111696.0,9415.736255214915,11.0,3057.0
2884,5.0,111696.0,所多瑪與蛾摩拉,0.11597072333097458,Q180141,Geography.Regions.Asia.Asia*,111696.0,9415.736255214915,11.0,3057.0
2885,11.0,111747.0,潘汉年,0.9931061863899232,Q7129649,Culture.Biography.Biography*,111747.0,38180.3219473911,1.0,2910.0
2886,11.0,111747.0,潘汉年,0.3730872144699097,Q7129649,Geography.Regions.Asia.Asia*,111747.0,38180.3219473911,1.0,2910.0
2887,11.0,111747.0,潘汉年,0.3301530351638794,Q7129649,Geography.Regions.Asia.East_Asia,111747.0,38180.3219473911,1.0,2910.0
2888,11.0,111747.0,潘汉年,0.1294127255678177,Q7129649,History_and_Society.Politics_and_government,111747.0,38180.3219473911,1.0,2910.0
2889,11.0,111747.0,潘汉年,0.12253321707248688,Q7129649,History_and_Society.Military_and_warfare,111747.0,38180.3219473911,1.0,2910.0
2890,6.0,112038.0,五月风暴,0.3923468291759491,Q6743,History_and_Society.Politics_and_government,112038.0,4787.354531063482,1.0,2511.0
2891,6.0,112038.0,五月风暴,0.23006861114501956,Q6743,Geography.Regions.Europe.Western_Europe,112038.0,4787.354531063482,1.0,2511.0
2892,6.0,112038.0,五月风暴,0.22816647589206696,Q6743,History_and_Society.Military_and_warfare,112038.0,4787.354531063482,1.0,2511.0
2893,6.0,112038.0,五月风暴,0.2069040536880493,Q6743,History_and_Society.Business_and_economics,112038.0,4787.354531063482,1.0,2511.0
2894,6.0,112038.0,五月风暴,0.14805719256401062,Q6743,History_and_Society.History,112038.0,4787.354531063482,1.0,2511.0
2895,6.0,112038.0,五月风暴,0.12146936559677125,Q6743,Geography.Regions.Europe.Europe*,112038.0,4787.354531063482,1.0,2511.0
2896,6.0,112038.0,五月风暴,0.10375863313674928,Q6743,History_and_Society.Society,112038.0,4787.354531063482,1.0,2511.0
2897,3.0,112465.0,周海婴,0.9790457487106324,Q1706269,Culture.Biography.Biography*,112465.0,1.935670565755369,2.0,2865.0
2898,3.0,112465.0,周海婴,0.4556442370414734,Q1706269,Geography.Regions.Asia.East_Asia,112465.0,1.935670565755369,2.0,2865.0
2899,3.0,112465.0,周海婴,0.4163126816749573,Q1706269,Geography.Regions.Asia.Asia*,112465.0,1.935670565755369,2.0,2865.0
2900,10.0,112567.0,希伯來人,0.6076731681823729,Q570868,STEM.STEM*,112567.0,11955.074875326492,11.0,1750.0
2901,10.0,112567.0,希伯來人,0.40734341740608215,Q570868,History_and_Society.Society,112567.0,11955.074875326492,11.0,1750.0
2902,10.0,112567.0,希伯來人,0.3073680400848389,Q570868,Culture.Philosophy_and_religion,112567.0,11955.074875326492,11.0,1750.0
2903,10.0,112567.0,希伯來人,0.2393593490123749,Q570868,STEM.Biology,112567.0,11955.074875326492,11.0,1750.0
2904,10.0,112567.0,希伯來人,0.23371636867523196,Q570868,STEM.Medicine_&_Health,112567.0,11955.074875326492,11.0,1750.0
2905,10.0,112567.0,希伯來人,0.22816647589206696,Q570868,History_and_Society.History,112567.0,11955.074875326492,11.0,1750.0
2906,10.0,112567.0,希伯來人,0.16027602553367615,Q570868,History_and_Society.Politics_and_government,112567.0,11955.074875326492,11.0,1750.0
2907,10.0,112567.0,希伯來人,0.1294127255678177,Q570868,History_and_Society.Business_and_economics,112567.0,11955.074875326492,11.0,1750.0
2908,10.0,112567.0,希伯來人,0.12253321707248688,Q570868,STEM.Physics,112567.0,11955.074875326492,11.0,1750.0
2909,10.0,112567.0,希伯來人,0.11921291798353195,Q570868,STEM.Earth_and_environment,112567.0,11955.074875326492,11.0,1750.0
2910,10.0,112567.0,希伯來人,0.10375863313674928,Q570868,STEM.Technology,112567.0,11955.074875326492,11.0,1750.0
2911,10.0,112567.0,希伯來人,0.0,Q570868,Geography.Regions.Europe.Europe*,112567.0,11955.074875326492,11.0,1750.0
2912,12.0,112718.0,中苏边界冲突,0.9980222582817078,Q244932,History_and_Society.Military_and_warfare,112718.0,8464.287349014692,1.0,2276.0
2913,12.0,112718.0,中苏边界冲突,0.4616831412315369,Q244932,Geography.Regions.Asia.Asia*,112718.0,8464.287349014692,1.0,2276.0
2914,12.0,112718.0,中苏边界冲突,0.40734341740608215,Q244932,History_and_Society.Politics_and_government,112718.0,8464.287349014692,1.0,2276.0
2915,12.0,112718.0,中苏边界冲突,0.08411114120483397,Q244932,Geography.Regions.Asia.East_Asia,112718.0,8464.287349014692,1.0,2276.0
2916,12.0,112718.0,中苏边界冲突,0.03021936321258545,Q244932,Geography.Regions.Asia.North_Asia,112718.0,8464.287349014692,1.0,2276.0
2917,12.0,112718.0,中苏边界冲突,0.0,Q244932,Geography.Regions.Europe.Eastern_Europe,112718.0,8464.287349014692,1.0,2276.0
2918,12.0,112718.0,中苏边界冲突,0.0,Q244932,Geography.Regions.Europe.Europe*,112718.0,8464.287349014692,1.0,2276.0
2919,3.0,112925.0,速不台,0.9099169969558716,Q162217,Culture.Biography.Biography*,112925.0,0.0,11.0,1631.0
2920,3.0,112925.0,速不台,0.7773098945617676,Q162217,History_and_Society.Military_and_warfare,112925.0,0.0,11.0,1631.0
2921,3.0,112925.0,速不台,0.43892334604263306,Q162217,Geography.Regions.Asia.Asia*,112925.0,0.0,11.0,1631.0
2922,3.0,112925.0,速不台,0.4089169969558716,Q162217,Geography.Regions.Asia.East_Asia,112925.0,0.0,11.0,1631.0
2923,3.0,112925.0,速不台,0.11280541121959685,Q162217,History_and_Society.History,112925.0,0.0,11.0,1631.0
2924,5.0,113071.0,陳明章,1.0000100135803225,Q9474720,Culture.Biography.Biography*,113071.0,17739.831979909293,4.0,1092.0
2925,5.0,113071.0,陳明章,0.9919480085372924,Q9474720,History_and_Society.Society,113071.0,17739.831979909293,4.0,1092.0
2926,5.0,113071.0,陳明章,0.4486793746948242,Q9474720,Geography.Regions.Asia.East_Asia,113071.0,17739.831979909293,4.0,1092.0
2927,5.0,113071.0,陳明章,0.40093068981170654,Q9474720,Geography.Regions.Asia.Asia*,113071.0,17739.831979909293,4.0,1092.0
2928,5.0,113071.0,陳明章,0.21734751760959625,Q9474720,Culture.Media.Music,113071.0,17739.831979909293,4.0,1092.0
2929,9.0,113220.0,加略人猶大,0.952584147453308,Q81018,Culture.Biography.Biography*,113220.0,1170.8978415078282,11.0,3194.0
2930,9.0,113220.0,加略人猶大,0.8311530351638794,Q81018,Culture.Philosophy_and_religion,113220.0,1170.8978415078282,11.0,3194.0
2931,9.0,113220.0,加略人猶大,0.3998216390609741,Q81018,Culture.Literature,113220.0,1170.8978415078282,11.0,3194.0
2932,9.0,113220.0,加略人猶大,0.3775506913661957,Q81018,History_and_Society.History,113220.0,1170.8978415078282,11.0,3194.0
2933,9.0,113220.0,加略人猶大,0.13661839067935946,Q81018,STEM.STEM*,113220.0,1170.8978415078282,11.0,3194.0
2934,9.0,113220.0,加略人猶大,0.13297423720359802,Q81018,History_and_Society.Society,113220.0,1170.8978415078282,11.0,3194.0
2935,9.0,113220.0,加略人猶大,0.0,Q81018,Geography.Regions.Asia.West_Asia,113220.0,1170.8978415078282,11.0,3194.0
2936,9.0,113220.0,加略人猶大,0.0,Q81018,Geography.Regions.Asia.Asia*,113220.0,1170.8978415078282,11.0,3194.0
2937,9.0,113220.0,加略人猶大,0.0,Q81018,Geography.Regions.Europe.Europe*,113220.0,1170.8978415078282,11.0,3194.0
2938,2.0,113339.0,陳啟泰,0.9964163899421692,Q6389966,Culture.Biography.Biography*,113339.0,1892.6633583666587,12.0,1945.0
2939,2.0,113339.0,陳啟泰,0.21760438585281366,Q6389966,Geography.Regions.Asia.East_Asia,113339.0,1892.6633583666587,12.0,1945.0
2940,2.0,113339.0,陳啟泰,0.20182321965694427,Q6389966,Culture.Media.Media*,113339.0,1892.6633583666587,12.0,1945.0
2941,2.0,113339.0,陳啟泰,0.1713417043685913,Q6389966,Geography.Regions.Asia.Asia*,113339.0,1892.6633583666587,12.0,1945.0
2942,2.0,113339.0,陳啟泰,0.16452647745609286,Q6389966,Culture.Media.Music,113339.0,1892.6633583666587,12.0,1945.0
2943,9.0,113375.0,狗肉,0.7310686111450195,Q826031,Culture.Food_and_drink,113375.0,52568.301053089366,10.0,4962.0
2944,9.0,113375.0,狗肉,0.2568419873714447,Q826031,History_and_Society.Society,113375.0,52568.301053089366,10.0,4962.0
2945,9.0,113375.0,狗肉,0.24509501457214355,Q826031,STEM.STEM*,113375.0,52568.301053089366,10.0,4962.0
2946,9.0,113375.0,狗肉,0.1824355274438858,Q826031,History_and_Society.History,113375.0,52568.301053089366,10.0,4962.0
2947,9.0,113375.0,狗肉,0.14805719256401062,Q826031,STEM.Biology,113375.0,52568.301053089366,10.0,4962.0
2948,9.0,113375.0,狗肉,0.0,Q826031,Geography.Regions.Europe.Europe*,113375.0,52568.301053089366,10.0,4962.0
2949,9.0,113375.0,狗肉,0.0,Q826031,Geography.Regions.Asia.Asia*,113375.0,52568.301053089366,10.0,4962.0
2950,9.0,113375.0,狗肉,0.0,Q826031,Geography.Regions.Europe.Southern_Europe,113375.0,52568.301053089366,10.0,4962.0
2951,9.0,113375.0,狗肉,0.0,Q826031,Geography.Regions.Europe.Western_Europe,113375.0,52568.301053089366,10.0,4962.0
2952,9.0,113375.0,狗肉,0.0,Q826031,Geography.Regions.Europe.Eastern_Europe,113375.0,52568.301053089366,10.0,4962.0
2953,3.0,113424.0,破四旧,0.4942548146247864,Q1713721,Geography.Regions.Asia.East_Asia,113424.0,2364.510589617195,13.0,2693.0
2954,3.0,113424.0,破四旧,0.4638651480674744,Q1713721,Geography.Regions.Asia.Asia*,113424.0,2364.510589617195,13.0,2693.0
2955,3.0,113424.0,破四旧,0.2120788097381592,Q1713721,STEM.STEM*,113424.0,2364.510589617195,13.0,2693.0
2956,3.0,113424.0,破四旧,0.1520422399044037,Q1713721,Culture.Philosophy_and_religion,113424.0,2364.510589617195,13.0,2693.0
2957,3.0,113424.0,破四旧,0.14415885508060455,Q1713721,History_and_Society.Military_and_warfare,113424.0,2364.510589617195,13.0,2693.0
2958,3.0,113424.0,破四旧,0.10375863313674928,Q1713721,History_and_Society.History,113424.0,2364.510589617195,13.0,2693.0
2959,4.0,113497.0,永嘉之乱,0.7663036584854126,Q2481148,History_and_Society.History,113497.0,17945.352749628983,11.0,2622.0
2960,4.0,113497.0,永嘉之乱,0.4876782765388489,Q2481148,Geography.Regions.Asia.East_Asia,113497.0,17945.352749628983,11.0,2622.0
2961,4.0,113497.0,永嘉之乱,0.37980710172653204,Q2481148,Geography.Regions.Asia.Asia*,113497.0,17945.352749628983,11.0,2622.0
2962,4.0,113497.0,永嘉之乱,0.16027602553367615,Q2481148,History_and_Society.Military_and_warfare,113497.0,17945.352749628983,11.0,2622.0
2963,4.0,113542.0,澶渊之盟,0.6442351341247559,Q1151686,History_and_Society.Politics_and_government,113542.0,1218.3794603229226,15.0,2863.0
2964,4.0,113542.0,澶渊之盟,0.4964591135978698,Q1151686,Geography.Regions.Asia.East_Asia,113542.0,1218.3794603229226,15.0,2863.0
2965,4.0,113542.0,澶渊之盟,0.4906942119598389,Q1151686,Geography.Regions.Asia.Asia*,113542.0,1218.3794603229226,15.0,2863.0
2966,4.0,113542.0,澶渊之盟,0.2942249774932861,Q1151686,History_and_Society.History,113542.0,1218.3794603229226,15.0,2863.0
2967,16.0,113588.0,彼得 (使徒),0.993317186832428,Q33923,Culture.Biography.Biography*,113588.0,14381.481712555547,11.0,3365.0
2968,16.0,113588.0,彼得 (使徒),0.9748311638832092,Q33923,Culture.Philosophy_and_religion,113588.0,14381.481712555547,11.0,3365.0
2969,16.0,113588.0,彼得 (使徒),0.348655104637146,Q33923,History_and_Society.History,113588.0,14381.481712555547,11.0,3365.0
2970,16.0,113588.0,彼得 (使徒),0.1968362182378769,Q33923,Culture.Literature,113588.0,14381.481712555547,11.0,3365.0
2971,16.0,113588.0,彼得 (使徒),0.0,Q33923,Geography.Regions.Europe.Europe*,113588.0,14381.481712555547,11.0,3365.0
2972,16.0,113588.0,彼得 (使徒),0.0,Q33923,Geography.Regions.Europe.Southern_Europe,113588.0,14381.481712555547,11.0,3365.0
2973,1.0,114003.0,胡凯莉,0.99753737449646,Q231116,Culture.Biography.Biography*,114003.0,0.0,6.0,4713.0
2974,1.0,114003.0,胡凯莉,0.7057950496673584,Q231116,Culture.Biography.Women,114003.0,0.0,6.0,4713.0
2975,1.0,114003.0,胡凯莉,0.5544804334640503,Q231116,Culture.Visual_arts.Visual_arts*,114003.0,0.0,6.0,4713.0
2976,1.0,114003.0,胡凯莉,0.24809722805023196,Q231116,Geography.Regions.Americas.North_America,114003.0,0.0,6.0,4713.0
2977,1.0,114003.0,胡凯莉,0.2227101624011993,Q231116,Culture.Visual_arts.Fashion,114003.0,0.0,6.0,4713.0
2978,1.0,114003.0,胡凯莉,0.1968362182378769,Q231116,Culture.Media.Media*,114003.0,0.0,6.0,4713.0
2979,1.0,114003.0,胡凯莉,0.0,Q231116,Geography.Regions.Asia.Asia*,114003.0,0.0,6.0,4713.0
2980,4.0,114904.0,清邁,0.9935217499732972,Q52028,Geography.Regions.Asia.Asia*,114904.0,1704.1887594949615,1.0,3210.0
2981,4.0,114904.0,清邁,0.9173126816749572,Q52028,Geography.Geographical,114904.0,1704.1887594949615,1.0,3210.0
2982,4.0,114904.0,清邁,0.7981967926025391,Q52028,Geography.Regions.Asia.Southeast_Asia,114904.0,1704.1887594949615,1.0,3210.0
2983,4.0,114904.0,清邁,0.33459946513175964,Q52028,Geography.Regions.Asia.East_Asia,114904.0,1704.1887594949615,1.0,3210.0
2984,6.0,115027.0,鄭昭,0.974052667617798,Q320097,Culture.Biography.Biography*,115027.0,4083.95301066105,1.0,1996.0
2985,6.0,115027.0,鄭昭,0.4760326614379883,Q320097,Geography.Regions.Asia.Asia*,115027.0,4083.95301066105,1.0,1996.0
2986,6.0,115027.0,鄭昭,0.4139109721183777,Q320097,Geography.Regions.Asia.Southeast_Asia,115027.0,4083.95301066105,1.0,1996.0
2987,2.0,115179.0,迭戈·马拉多纳,0.9992306232452391,Q17515,Culture.Biography.Biography*,115179.0,3942.0,5.0,2164.0
2988,2.0,115179.0,迭戈·马拉多纳,0.812877357006073,Q17515,Culture.Sports,115179.0,3942.0,5.0,2164.0
2989,2.0,115179.0,迭戈·马拉多纳,0.0,Q17515,Geography.Regions.Europe.Europe*,115179.0,3942.0,5.0,2164.0
2990,2.0,115179.0,迭戈·马拉多纳,0.0,Q17515,Geography.Regions.Americas.South_America,115179.0,3942.0,5.0,2164.0
2991,2.0,115179.0,迭戈·马拉多纳,0.0,Q17515,Geography.Regions.Europe.Southern_Europe,115179.0,3942.0,5.0,2164.0
2992,2.0,115856.0,蚯蚓,0.9899964332580566,Q124378,STEM.Biology,115856.0,4156.441841197712,2.0,3192.0
2993,2.0,115856.0,蚯蚓,0.9755869507789612,Q124378,STEM.STEM*,115856.0,4156.441841197712,2.0,3192.0
2994,7.0,116194.0,中国人民解放军军衔,1.0000100135803225,Q2357674,History_and_Society.Military_and_warfare,116194.0,12152.118537655813,5.0,3079.0
2995,7.0,116194.0,中国人民解放军军衔,0.0,Q2357674,Geography.Regions.Europe.Europe*,116194.0,12152.118537655813,5.0,3079.0
2996,7.0,116194.0,中国人民解放军军衔,0.0,Q2357674,Geography.Regions.Europe.Western_Europe,116194.0,12152.118537655813,5.0,3079.0
2997,7.0,117679.0,姬鹏飞,0.9924327731132508,Q560641,Culture.Biography.Biography*,117679.0,9664.135981847725,1.0,2148.0
2998,7.0,117679.0,姬鹏飞,0.4845064153671265,Q560641,Geography.Regions.Asia.East_Asia,117679.0,9664.135981847725,1.0,2148.0
2999,7.0,117679.0,姬鹏飞,0.4780457487106323,Q560641,Geography.Regions.Asia.Asia*,117679.0,9664.135981847725,1.0,2148.0
3000,7.0,117679.0,姬鹏飞,0.320831298828125,Q560641,History_and_Society.Politics_and_government,117679.0,9664.135981847725,1.0,2148.0
3001,7.0,117679.0,姬鹏飞,0.1294127255678177,Q560641,History_and_Society.Military_and_warfare,117679.0,9664.135981847725,1.0,2148.0
3002,4.0,117694.0,紅肉,0.8080772161483765,Q3243069,STEM.STEM*,117694.0,5082.08433362257,10.0,2676.0
3003,4.0,117694.0,紅肉,0.4455395638942719,Q3243069,STEM.Biology,117694.0,5082.08433362257,10.0,2676.0
3004,4.0,117694.0,紅肉,0.23371636867523196,Q3243069,Culture.Food_and_drink,117694.0,5082.08433362257,10.0,2676.0
3005,4.0,117694.0,紅肉,0.1824355274438858,Q3243069,History_and_Society.Society,117694.0,5082.08433362257,10.0,2676.0
3006,4.0,117694.0,紅肉,0.13661839067935946,Q3243069,STEM.Medicine_&_Health,117694.0,5082.08433362257,10.0,2676.0
3007,4.0,117694.0,紅肉,0.0,Q3243069,Geography.Regions.Asia.Asia*,117694.0,5082.08433362257,10.0,2676.0
3008,5.0,117976.0,石田彰,1.0000100135803225,Q418736,Culture.Visual_arts.Comics_and_Anime,117976.0,15044.541279121962,14.0,2278.0
3009,5.0,117976.0,石田彰,0.9994572401046752,Q418736,Culture.Visual_arts.Visual_arts*,117976.0,15044.541279121962,14.0,2278.0
3010,5.0,117976.0,石田彰,0.9986429810523988,Q418736,Culture.Literature,117976.0,15044.541279121962,14.0,2278.0
3011,5.0,117976.0,石田彰,0.9980222582817078,Q418736,Culture.Biography.Biography*,117976.0,15044.541279121962,14.0,2278.0
3012,5.0,117976.0,石田彰,0.5698626637458801,Q418736,Culture.Media.Video_games,117976.0,15044.541279121962,14.0,2278.0
3013,5.0,117976.0,石田彰,0.4610267877578736,Q418736,Culture.Internet_culture,117976.0,15044.541279121962,14.0,2278.0
3014,5.0,117976.0,石田彰,0.11280541121959685,Q418736,Culture.Media.Media*,117976.0,15044.541279121962,14.0,2278.0
3015,5.0,117976.0,石田彰,0.0,Q418736,Geography.Regions.Asia.East_Asia,117976.0,15044.541279121962,14.0,2278.0
3016,5.0,117976.0,石田彰,0.0,Q418736,Geography.Regions.Asia.Asia*,117976.0,15044.541279121962,14.0,2278.0
3017,20.0,118058.0,森川智之,0.9982553720474244,Q460361,Culture.Biography.Biography*,118058.0,168880.5671765839,14.0,2850.0
3018,20.0,118058.0,森川智之,0.9893575310707092,Q460361,Culture.Visual_arts.Comics_and_Anime,118058.0,168880.5671765839,14.0,2850.0
3019,20.0,118058.0,森川智之,0.9777238368988036,Q460361,Culture.Visual_arts.Visual_arts*,118058.0,168880.5671765839,14.0,2850.0
3020,20.0,118058.0,森川智之,0.9099169969558716,Q460361,Culture.Literature,118058.0,168880.5671765839,14.0,2850.0
3021,20.0,118058.0,森川智之,0.3276783227920532,Q460361,Culture.Media.Media*,118058.0,168880.5671765839,14.0,2850.0
3022,20.0,118058.0,森川智之,0.19194278120994568,Q460361,Culture.Media.Video_games,118058.0,168880.5671765839,14.0,2850.0
3023,20.0,118058.0,森川智之,0.14415885508060455,Q460361,Culture.Internet_culture,118058.0,168880.5671765839,14.0,2850.0
3024,20.0,118058.0,森川智之,0.14323513412475586,Q460361,Geography.Regions.Asia.East_Asia,118058.0,168880.5671765839,14.0,2850.0
3025,20.0,118058.0,森川智之,0.07650540971755981,Q460361,Geography.Regions.Asia.Asia*,118058.0,168880.5671765839,14.0,2850.0
3026,1.0,118278.0,美狄亞,0.9046605229377748,Q174278,History_and_Society.History,118278.0,0.0,13.0,2841.0
3027,1.0,118278.0,美狄亞,0.839743971824646,Q174278,Culture.Literature,118278.0,0.0,13.0,2841.0
3028,1.0,118278.0,美狄亞,0.6859594583511353,Q174278,Culture.Philosophy_and_religion,118278.0,0.0,13.0,2841.0
3029,1.0,118278.0,美狄亞,0.6791887283325195,Q174278,Culture.Biography.Biography*,118278.0,0.0,13.0,2841.0
3030,1.0,118278.0,美狄亞,0.5698626637458801,Q174278,Culture.Biography.Women,118278.0,0.0,13.0,2841.0
3031,1.0,118278.0,美狄亞,0.32119916582107544,Q174278,Geography.Regions.Europe.Europe*,118278.0,0.0,13.0,2841.0
3032,1.0,118278.0,美狄亞,0.3070772161483765,Q174278,Geography.Regions.Europe.Southern_Europe,118278.0,0.0,13.0,2841.0
3033,1.0,118278.0,美狄亞,0.0,Q174278,Geography.Regions.Asia.Asia*,118278.0,0.0,13.0,2841.0
3034,1.0,118278.0,美狄亞,0.0,Q174278,Geography.Regions.Asia.West_Asia,118278.0,0.0,13.0,2841.0
3035,6.0,118377.0,明珠台,0.9777238368988036,Q2339860,Culture.Media.Media*,118377.0,18706.48784273052,11.0,2905.0
3036,6.0,118377.0,明珠台,0.9763205647468568,Q2339860,Culture.Media.Television,118377.0,18706.48784273052,11.0,2905.0
3037,6.0,118377.0,明珠台,0.0,Q2339860,Geography.Regions.Asia.Asia*,118377.0,18706.48784273052,11.0,2905.0
3038,2.0,118813.0,李保田,0.9905974268913268,Q9203777,Culture.Biography.Biography*,118813.0,3942.0,12.0,1268.0
3039,2.0,118813.0,李保田,0.0,Q9203777,Geography.Regions.Asia.Asia*,118813.0,3942.0,12.0,1268.0
3040,2.0,118813.0,李保田,0.0,Q9203777,Geography.Regions.Asia.East_Asia,118813.0,3942.0,12.0,1268.0
3041,13.0,118965.0,何東家族,0.33459946513175964,Q10886259,Culture.Biography.Biography*,118965.0,33691.13760066494,2.0,2622.0
3042,13.0,118965.0,何東家族,0.14323513412475586,Q10886259,Geography.Regions.Asia.Asia*,118965.0,33691.13760066494,2.0,2622.0
3043,13.0,118965.0,何東家族,0.1294127255678177,Q10886259,Culture.Philosophy_and_religion,118965.0,33691.13760066494,2.0,2622.0
3044,13.0,118965.0,何東家族,0.12253321707248688,Q10886259,History_and_Society.Society,118965.0,33691.13760066494,2.0,2622.0
3045,13.0,118965.0,何東家族,0.09167657995224,Q10886259,Geography.Regions.Asia.East_Asia,118965.0,33691.13760066494,2.0,2622.0
3046,13.0,118965.0,何東家族,0.0,Q10886259,Geography.Regions.Europe.Western_Europe,118965.0,33691.13760066494,2.0,2622.0
3047,13.0,118965.0,何東家族,0.0,Q10886259,Geography.Regions.Europe.Europe*,118965.0,33691.13760066494,2.0,2622.0
3048,13.0,118965.0,何東家族,0.0,Q10886259,Geography.Regions.Americas.North_America,118965.0,33691.13760066494,2.0,2622.0
3049,5.0,119267.0,烈士,0.9871888160705566,Q7318922,History_and_Society.Politics_and_government,119267.0,3229.974773123277,2.0,1175.0
3050,5.0,119267.0,烈士,0.3073680400848389,Q7318922,Culture.Philosophy_and_religion,119267.0,3229.974773123277,2.0,1175.0
3051,5.0,119267.0,烈士,0.2869412174224853,Q7318922,Geography.Regions.Asia.Asia*,119267.0,3229.974773123277,2.0,1175.0
3052,5.0,119267.0,烈士,0.2120788097381592,Q7318922,History_and_Society.Society,119267.0,3229.974773123277,2.0,1175.0
3053,5.0,119267.0,烈士,0.16027602553367615,Q7318922,STEM.STEM*,119267.0,3229.974773123277,2.0,1175.0
3054,5.0,119267.0,烈士,0.1294127255678177,Q7318922,STEM.Mathematics,119267.0,3229.974773123277,2.0,1175.0
3055,5.0,119267.0,烈士,0.10375863313674928,Q7318922,STEM.Computing,119267.0,3229.974773123277,2.0,1175.0
3056,5.0,119267.0,烈士,0.0,Q7318922,Geography.Regions.Asia.East_Asia,119267.0,3229.974773123277,2.0,1175.0
3057,5.0,119267.0,烈士,0.0,Q7318922,Geography.Regions.Africa.Africa*,119267.0,3229.974773123277,2.0,1175.0
3058,5.0,119267.0,烈士,0.0,Q7318922,Geography.Regions.Asia.West_Asia,119267.0,3229.974773123277,2.0,1175.0
3059,6.0,119268.0,烈士 (中华人民共和国),1.0,Q10872206,Compilation.List_Disambig,119268.0,9407.6443203685,2.0,1088.0
3060,6.0,119268.0,烈士 (中华人民共和国),0.2227101624011993,Q10872206,STEM.STEM*,119268.0,9407.6443203685,2.0,1088.0
3061,6.0,119268.0,烈士 (中华人民共和国),0.1259327530860901,Q10872206,Culture.Media.Media*,119268.0,9407.6443203685,2.0,1088.0
3062,6.0,119268.0,烈士 (中华人民共和国),0.10088862478733064,Q10872206,Culture.Sports,119268.0,9407.6443203685,2.0,1088.0
3063,6.0,119268.0,烈士 (中华人民共和国),0.0,Q10872206,Geography.Regions.Americas.North_America,119268.0,9407.6443203685,2.0,1088.0
3064,6.0,119268.0,烈士 (中华人民共和国),0.0,Q10872206,Geography.Regions.Europe.Europe*,119268.0,9407.6443203685,2.0,1088.0
3065,6.0,119268.0,烈士 (中华人民共和国),0.0,Q10872206,Geography.Regions.Asia.Asia*,119268.0,9407.6443203685,2.0,1088.0
3066,30.0,119287.0,最终幻想VIII,1.0000100135803225,Q245006,Culture.Internet_culture,119287.0,1429.5403419750824,14.0,7717.0
3067,30.0,119287.0,最终幻想VIII,1.0000100135803225,Q245006,Culture.Media.Video_games,119287.0,1429.5403419750824,14.0,7717.0
3068,30.0,119287.0,最终幻想VIII,0.9991804361343384,Q245006,Culture.Media.Media*,119287.0,1429.5403419750824,14.0,7717.0
3069,6.0,119463.0,豐子愷,0.994098961353302,Q724200,Culture.Biography.Biography*,119463.0,5462.035844309149,2.0,3163.0
3070,6.0,119463.0,豐子愷,0.37980710172653204,Q724200,Geography.Regions.Asia.East_Asia,119463.0,5462.035844309149,2.0,3163.0
3071,6.0,119463.0,豐子愷,0.3629792034626007,Q724200,Culture.Literature,119463.0,5462.035844309149,2.0,3163.0
3072,6.0,119463.0,豐子愷,0.3509628047943115,Q724200,Geography.Regions.Asia.Asia*,119463.0,5462.035844309149,2.0,3163.0
3073,6.0,119463.0,豐子愷,0.26285186409950256,Q724200,Culture.Visual_arts.Visual_arts*,119463.0,5462.035844309149,2.0,3163.0
3074,2.0,119576.0,王德輝,0.9924327731132508,Q7694109,Culture.Biography.Biography*,119576.0,262.351186233862,12.0,1770.0
3075,2.0,119576.0,王德輝,0.3764868249893189,Q7694109,Geography.Regions.Asia.Asia*,119576.0,262.351186233862,12.0,1770.0
3076,2.0,119576.0,王德輝,0.23006861114501956,Q7694109,Geography.Regions.Asia.East_Asia,119576.0,262.351186233862,12.0,1770.0
3077,2.0,119576.0,王德輝,0.10088862478733064,Q7694109,History_and_Society.Business_and_economics,119576.0,262.351186233862,12.0,1770.0
3078,4.0,119700.0,卡卡,0.9970290064811708,Q531814,Culture.Biography.Biography*,119700.0,9075.945015321216,14.0,2354.0
3079,4.0,119700.0,卡卡,0.9919480085372924,Q531814,Culture.Sports,119700.0,9075.945015321216,14.0,2354.0
3080,4.0,119700.0,卡卡,0.43713401460647583,Q531814,Geography.Regions.Americas.South_America,119700.0,9075.945015321216,14.0,2354.0
3081,4.0,119700.0,卡卡,0.0,Q531814,Geography.Regions.Europe.Europe*,119700.0,9075.945015321216,14.0,2354.0
3082,8.0,119963.0,褫奪公權,0.9993003606796264,Q3153130,History_and_Society.Society,119963.0,5584.239970476971,2.0,1847.0
3083,8.0,119963.0,褫奪公權,0.91965252161026,Q3153130,History_and_Society.Politics_and_government,119963.0,5584.239970476971,2.0,1847.0
3084,8.0,119963.0,褫奪公權,0.5156299471855164,Q3153130,History_and_Society.History,119963.0,5584.239970476971,2.0,1847.0
3085,8.0,119963.0,褫奪公權,0.0,Q3153130,Geography.Regions.Americas.North_America,119963.0,5584.239970476971,2.0,1847.0
3086,1.0,120281.0,奶茶,1.0000100135803225,Q1884224,Culture.Food_and_drink,120281.0,0.0,11.0,1901.0
3087,1.0,120281.0,奶茶,0.4063222279548645,Q1884224,Geography.Regions.Asia.Asia*,120281.0,0.0,11.0,1901.0
3088,1.0,120281.0,奶茶,0.0,Q1884224,Geography.Regions.Asia.East_Asia,120281.0,0.0,11.0,1901.0
3089,1.0,120281.0,奶茶,0.0,Q1884224,Geography.Regions.Asia.West_Asia,120281.0,0.0,11.0,1901.0
3090,1.0,120281.0,奶茶,0.0,Q1884224,Geography.Regions.Asia.South_Asia,120281.0,0.0,11.0,1901.0
3091,7.0,120287.0,芭芭拉·史翠珊,0.9984121918678284,Q4636,Culture.Biography.Biography*,120287.0,13729.26920059332,6.0,6887.0
3092,7.0,120287.0,芭芭拉·史翠珊,0.9553291201591492,Q4636,Culture.Biography.Women,120287.0,13729.26920059332,6.0,6887.0
3093,7.0,120287.0,芭芭拉·史翠珊,0.7718535065650941,Q4636,Culture.Media.Media*,120287.0,13729.26920059332,6.0,6887.0
3094,7.0,120287.0,芭芭拉·史翠珊,0.546748161315918,Q4636,Culture.Media.Music,120287.0,13729.26920059332,6.0,6887.0
3095,7.0,120287.0,芭芭拉·史翠珊,0.3007555902004242,Q4636,History_and_Society.Society,120287.0,13729.26920059332,6.0,6887.0
3096,7.0,120287.0,芭芭拉·史翠珊,0.2653036584854126,Q4636,Geography.Regions.Americas.North_America,120287.0,13729.26920059332,6.0,6887.0
3097,7.0,120287.0,芭芭拉·史翠珊,0.15611489117145538,Q4636,Culture.Literature,120287.0,13729.26920059332,6.0,6887.0
3098,7.0,120287.0,芭芭拉·史翠珊,0.1097157895565033,Q4636,Culture.Performing_arts,120287.0,13729.26920059332,6.0,6887.0
3099,7.0,120287.0,芭芭拉·史翠珊,0.0,Q4636,Geography.Regions.Europe.Europe*,120287.0,13729.26920059332,6.0,6887.0
3100,2.0,120981.0,約瑟夫·戈培爾,0.9947898983955384,Q41749,Culture.Biography.Biography*,120981.0,3942.0,13.0,3363.0
3101,2.0,120981.0,約瑟夫·戈培爾,0.3415925204753876,Q41749,History_and_Society.Military_and_warfare,120981.0,3942.0,13.0,3363.0
3102,2.0,120981.0,約瑟夫·戈培爾,0.287777841091156,Q41749,History_and_Society.Politics_and_government,120981.0,3942.0,13.0,3363.0
3103,2.0,120981.0,約瑟夫·戈培爾,0.23006861114501956,Q41749,Geography.Regions.Europe.Europe*,120981.0,3942.0,13.0,3363.0
3104,2.0,120981.0,約瑟夫·戈培爾,0.22388027811050412,Q41749,Geography.Regions.Europe.Western_Europe,120981.0,3942.0,13.0,3363.0
3105,2.0,120981.0,約瑟夫·戈培爾,0.14805719256401062,Q41749,Culture.Literature,120981.0,3942.0,13.0,3363.0
3106,2.0,120981.0,約瑟夫·戈培爾,0.12253321707248688,Q41749,History_and_Society.Society,120981.0,3942.0,13.0,3363.0
3107,2.0,120991.0,生日,0.40734341740608215,Q47223,STEM.STEM*,120991.0,364.1318948616381,12.0,1557.0
3108,2.0,120991.0,生日,0.2814156115055084,Q47223,Culture.Philosophy_and_religion,120991.0,364.1318948616381,12.0,1557.0
3109,2.0,120991.0,生日,0.22816647589206696,Q47223,History_and_Society.Society,120991.0,364.1318948616381,12.0,1557.0
3110,2.0,120991.0,生日,0.13661839067935946,Q47223,STEM.Medicine_&_Health,120991.0,364.1318948616381,12.0,1557.0
3111,2.0,120991.0,生日,0.13297423720359802,Q47223,STEM.Biology,120991.0,364.1318948616381,12.0,1557.0
3112,2.0,121129.0,温布尔登网球锦标赛,0.9715740084648132,Q41520,Culture.Sports,121129.0,1818.6146789713416,5.0,2310.0
3113,2.0,121129.0,温布尔登网球锦标赛,0.0,Q41520,Geography.Regions.Europe.Europe*,121129.0,1818.6146789713416,5.0,2310.0
3114,2.0,121129.0,温布尔登网球锦标赛,0.0,Q41520,Geography.Regions.Europe.Northern_Europe,121129.0,1818.6146789713416,5.0,2310.0
3115,1.0,121275.0,满洲里市,0.9942797422409058,Q890671,Geography.Regions.Asia.Asia*,121275.0,0.0,13.0,1861.0
3116,1.0,121275.0,满洲里市,0.9931061863899232,Q890671,Geography.Regions.Asia.East_Asia,121275.0,0.0,13.0,1861.0
3117,1.0,121275.0,满洲里市,0.546748161315918,Q890671,Geography.Geographical,121275.0,0.0,13.0,1861.0
3118,17.0,121446.0,儿童,0.8221991658210754,Q7569,STEM.STEM*,121446.0,117375.10791265956,0.0,2023.0
3119,17.0,121446.0,儿童,0.4765896201133728,Q7569,History_and_Society.Society,121446.0,117375.10791265956,0.0,2023.0
3120,17.0,121446.0,儿童,0.3415925204753876,Q7569,History_and_Society.Politics_and_government,121446.0,117375.10791265956,0.0,2023.0
3121,17.0,121446.0,儿童,0.24509501457214355,Q7569,STEM.Medicine_&_Health,121446.0,117375.10791265956,0.0,2023.0
3122,17.0,121446.0,儿童,0.21734751760959625,Q7569,STEM.Biology,121446.0,117375.10791265956,0.0,2023.0
3123,17.0,121446.0,儿童,0.14034625887870789,Q7569,History_and_Society.Business_and_economics,121446.0,117375.10791265956,0.0,2023.0
3124,2.0,122328.0,夏竦,0.4865783920288086,Q10932151,Geography.Regions.Asia.East_Asia,122328.0,262.16029356010097,15.0,1409.0
3125,2.0,122328.0,夏竦,0.4861888160705566,Q10932151,Geography.Regions.Asia.Asia*,122328.0,262.16029356010097,15.0,1409.0
3126,2.0,122328.0,夏竦,0.3629792034626007,Q10932151,Culture.Biography.Biography*,122328.0,262.16029356010097,15.0,1409.0
3127,2.0,123151.0,闪存盘,0.9796776771545409,Q4432,STEM.STEM*,123151.0,3942.0,10.0,2146.0
3128,2.0,123151.0,闪存盘,0.91965252161026,Q4432,STEM.Computing,123151.0,3942.0,10.0,2146.0
3129,2.0,123151.0,闪存盘,0.2227101624011993,Q4432,STEM.Technology,123151.0,3942.0,10.0,2146.0
3130,1.0,123654.0,圣皮埃尔和密克隆,0.8774868249893188,Q34617,Geography.Geographical,123654.0,0.0,1.0,2830.0
3131,1.0,123654.0,圣皮埃尔和密克隆,0.7431780099868774,Q34617,Geography.Regions.Europe.Europe*,123654.0,0.0,1.0,2830.0
3132,1.0,123654.0,圣皮埃尔和密克隆,0.6370407938957214,Q34617,Geography.Regions.Europe.Western_Europe,123654.0,0.0,1.0,2830.0
3133,1.0,123654.0,圣皮埃尔和密克隆,0.275139719247818,Q34617,Geography.Regions.Americas.North_America,123654.0,0.0,1.0,2830.0
3134,1.0,123654.0,圣皮埃尔和密克隆,0.2509227991104126,Q34617,Geography.Regions.Americas.Central_America,123654.0,0.0,1.0,2830.0
3135,24.0,124133.0,中華民國與美國關係,0.9802908897399902,Q28418500,History_and_Society.Society,124133.0,41347.66826848084,5.0,2745.0
3136,24.0,124133.0,中華民國與美國關係,0.9755869507789612,Q28418500,Culture.Biography.Biography*,124133.0,41347.66826848084,5.0,2745.0
3137,24.0,124133.0,中華民國與美國關係,0.7718535065650941,Q28418500,History_and_Society.Politics_and_government,124133.0,41347.66826848084,5.0,2745.0
3138,24.0,124133.0,中華民國與美國關係,0.4976429810523987,Q28418500,Geography.Regions.Asia.Asia*,124133.0,41347.66826848084,5.0,2745.0
3139,24.0,124133.0,中華民國與美國關係,0.4961204400062561,Q28418500,Geography.Regions.Asia.East_Asia,124133.0,41347.66826848084,5.0,2745.0
3140,6.0,127215.0,慈濟基金會,0.9969346523284912,Q717899,History_and_Society.Society,127215.0,16887.145220652634,5.0,2878.0
3141,6.0,127215.0,慈濟基金會,0.993317186832428,Q717899,Culture.Biography.Biography*,127215.0,16887.145220652634,5.0,2878.0
3142,6.0,127215.0,慈濟基金會,0.6513648629188538,Q717899,History_and_Society.Business_and_economics,127215.0,16887.145220652634,5.0,2878.0
3143,6.0,127215.0,慈濟基金會,0.4886818399429321,Q717899,Geography.Regions.Asia.East_Asia,127215.0,16887.145220652634,5.0,2878.0
3144,6.0,127215.0,慈濟基金會,0.4798859825134277,Q717899,Geography.Regions.Asia.Asia*,127215.0,16887.145220652634,5.0,2878.0
3145,6.0,127215.0,慈濟基金會,0.33459946513175964,Q717899,STEM.STEM*,127215.0,16887.145220652634,5.0,2878.0
3146,6.0,127215.0,慈濟基金會,0.3073680400848389,Q717899,History_and_Society.Education,127215.0,16887.145220652634,5.0,2878.0
3147,6.0,127215.0,慈濟基金會,0.18714269995689392,Q717899,STEM.Medicine_&_Health,127215.0,16887.145220652634,5.0,2878.0
3148,3.0,127471.0,榮恩·衛斯理,0.9553291201591492,Q173998,Culture.Literature,127471.0,366.9369312389888,6.0,2900.0
3149,3.0,127471.0,榮恩·衛斯理,0.6224693655967712,Q173998,Culture.Media.Media*,127471.0,366.9369312389888,6.0,2900.0
3150,3.0,127471.0,榮恩·衛斯理,0.538993239402771,Q173998,Culture.Media.Books,127471.0,366.9369312389888,6.0,2900.0
3151,3.0,127471.0,榮恩·衛斯理,0.24509501457214355,Q173998,Culture.Biography.Biography*,127471.0,366.9369312389888,6.0,2900.0
3152,3.0,127471.0,榮恩·衛斯理,0.0,Q173998,Geography.Regions.Europe.Europe*,127471.0,366.9369312389888,6.0,2900.0
3153,2.0,127797.0,第一代纳尔逊子爵霍雷肖·纳尔逊,0.99753737449646,Q83235,Culture.Biography.Biography*,127797.0,2343.5503187275644,5.0,1230.0
3154,2.0,127797.0,第一代纳尔逊子爵霍雷肖·纳尔逊,0.7981967926025391,Q83235,History_and_Society.Military_and_warfare,127797.0,2343.5503187275644,5.0,1230.0
3155,2.0,127797.0,第一代纳尔逊子爵霍雷肖·纳尔逊,0.18714269995689392,Q83235,History_and_Society.History,127797.0,2343.5503187275644,5.0,1230.0
3156,2.0,127797.0,第一代纳尔逊子爵霍雷肖·纳尔逊,0.1824355274438858,Q83235,History_and_Society.Politics_and_government,127797.0,2343.5503187275644,5.0,1230.0
3157,2.0,127797.0,第一代纳尔逊子爵霍雷肖·纳尔逊,0.053480433464050285,Q83235,Geography.Regions.Europe.Europe*,127797.0,2343.5503187275644,5.0,1230.0
3158,2.0,127797.0,第一代纳尔逊子爵霍雷肖·纳尔逊,0.0,Q83235,Geography.Regions.Europe.Northern_Europe,127797.0,2343.5503187275644,5.0,1230.0
3159,7.0,128801.0,三反五反运动,0.5078218579292297,Q1156482,STEM.STEM*,128801.0,6879.206997813549,1.0,2478.0
3160,7.0,128801.0,三反五反运动,0.23371636867523196,Q1156482,Culture.Philosophy_and_religion,128801.0,6879.206997813549,1.0,2478.0
3161,7.0,128801.0,三反五反运动,0.1520422399044037,Q1156482,History_and_Society.Politics_and_government,128801.0,6879.206997813549,1.0,2478.0
3162,7.0,128801.0,三反五反运动,0.14415885508060455,Q1156482,History_and_Society.History,128801.0,6879.206997813549,1.0,2478.0
3163,7.0,128801.0,三反五反运动,0.14415885508060455,Q1156482,STEM.Biology,128801.0,6879.206997813549,1.0,2478.0
3164,7.0,128801.0,三反五反运动,0.11921291798353195,Q1156482,STEM.Technology,128801.0,6879.206997813549,1.0,2478.0
3165,7.0,128801.0,三反五反运动,0.1067005917429924,Q1156482,History_and_Society.Military_and_warfare,128801.0,6879.206997813549,1.0,2478.0
3166,7.0,128801.0,三反五反运动,0.0,Q1156482,Geography.Regions.Asia.Asia*,128801.0,6879.206997813549,1.0,2478.0
3167,7.0,128801.0,三反五反运动,0.0,Q1156482,Geography.Regions.Europe.Europe*,128801.0,6879.206997813549,1.0,2478.0
3168,7.0,128864.0,郭敬明,0.996837317943573,Q686867,Culture.Biography.Biography*,128864.0,31372.6417489398,2.0,3047.0
3169,7.0,128864.0,郭敬明,0.4274188151359558,Q686867,Geography.Regions.Asia.Asia*,128864.0,31372.6417489398,2.0,3047.0
3170,7.0,128864.0,郭敬明,0.3696072568893433,Q686867,Geography.Regions.Asia.East_Asia,128864.0,31372.6417489398,2.0,3047.0
3171,7.0,128864.0,郭敬明,0.275139719247818,Q686867,Culture.Literature,128864.0,31372.6417489398,2.0,3047.0
3172,7.0,128864.0,郭敬明,0.23371636867523196,Q686867,History_and_Society.Society,128864.0,31372.6417489398,2.0,3047.0
3173,1.0,129411.0,南州鄉,1.0000100135803225,Q708013,History_and_Society.Society,129411.0,0.0,4.0,4271.0
3174,1.0,129411.0,南州鄉,1.0000100135803225,Q708013,Geography.Geographical,129411.0,0.0,4.0,4271.0
3175,1.0,129411.0,南州鄉,1.0000100135803225,Q708013,Culture.Biography.Biography*,129411.0,0.0,4.0,4271.0
3176,1.0,129411.0,南州鄉,0.9987257122993468,Q708013,Geography.Regions.Asia.East_Asia,129411.0,0.0,4.0,4271.0
3177,1.0,129411.0,南州鄉,0.9972090721130372,Q708013,Geography.Regions.Asia.Asia*,129411.0,0.0,4.0,4271.0
3178,6.0,129423.0,老夫子,0.9966334104537964,Q837603,Culture.Visual_arts.Comics_and_Anime,129423.0,16583.968187875318,3.0,5928.0
3179,6.0,129423.0,老夫子,0.994098961353302,Q837603,Culture.Visual_arts.Visual_arts*,129423.0,16583.968187875318,3.0,5928.0
3180,6.0,129423.0,老夫子,0.9381340146064758,Q837603,Culture.Literature,129423.0,16583.968187875318,3.0,5928.0
3181,6.0,129423.0,老夫子,0.06886266374588013,Q837603,Geography.Regions.Asia.Asia*,129423.0,16583.968187875318,3.0,5928.0
3182,6.0,129423.0,老夫子,0.04574816131591797,Q837603,Geography.Regions.Asia.East_Asia,129423.0,16583.968187875318,3.0,5928.0
3183,2.0,130499.0,梅愛芳,0.9931061863899232,Q455962,Culture.Biography.Biography*,130499.0,819.7117390564372,12.0,2458.0
3184,2.0,130499.0,梅愛芳,0.6224693655967712,Q455962,Culture.Biography.Women,130499.0,819.7117390564372,12.0,2458.0
3185,2.0,130499.0,梅愛芳,0.3923468291759491,Q455962,Culture.Media.Media*,130499.0,819.7117390564372,12.0,2458.0
3186,2.0,130499.0,梅愛芳,0.3415925204753876,Q455962,Culture.Media.Music,130499.0,819.7117390564372,12.0,2458.0
3187,2.0,130499.0,梅愛芳,0.11409788036346435,Q455962,Geography.Regions.Asia.East_Asia,130499.0,819.7117390564372,12.0,2458.0
3188,2.0,130499.0,梅愛芳,0.06118653917312623,Q455962,Geography.Regions.Asia.Asia*,130499.0,819.7117390564372,12.0,2458.0
3189,3.0,130777.0,朋弟,0.8634016513824463,Q7228270,Culture.Biography.Biography*,130777.0,0.0,3.0,986.0
3190,3.0,130777.0,朋弟,0.3923468291759491,Q7228270,Culture.Literature,130777.0,0.0,3.0,986.0
3191,3.0,130777.0,朋弟,0.22816647589206696,Q7228270,Culture.Visual_arts.Comics_and_Anime,130777.0,0.0,3.0,986.0
3192,3.0,130777.0,朋弟,0.18495945835113525,Q7228270,Geography.Regions.Asia.Asia*,130777.0,0.0,3.0,986.0
3193,3.0,130777.0,朋弟,0.1520422399044037,Q7228270,Culture.Visual_arts.Visual_arts*,130777.0,0.0,3.0,986.0
3194,3.0,130777.0,朋弟,0.12878464365005493,Q7228270,Geography.Regions.Asia.East_Asia,130777.0,0.0,3.0,986.0
3195,1.0,130785.0,李嗣涔,1.0000100135803225,Q6515064,Culture.Biography.Biography*,130785.0,0.0,5.0,1645.0
3196,1.0,130785.0,李嗣涔,0.966924011707306,Q6515064,History_and_Society.Society,130785.0,0.0,5.0,1645.0
3197,1.0,130785.0,李嗣涔,0.42531375789642334,Q6515064,Geography.Regions.Asia.East_Asia,130785.0,0.0,5.0,1645.0
3198,1.0,130785.0,李嗣涔,0.3862146010398865,Q6515064,Geography.Regions.Asia.Asia*,130785.0,0.0,5.0,1645.0
3199,3.0,131011.0,弥赛亚 (亨德尔),0.9615437984466552,Q207732,Culture.Media.Media*,131011.0,81.22535592620841,11.0,1638.0
3200,3.0,131011.0,弥赛亚 (亨德尔),0.9381340146064758,Q207732,Culture.Media.Music,131011.0,81.22535592620841,11.0,1638.0
3201,3.0,131011.0,弥赛亚 (亨德尔),0.3007555902004242,Q207732,Culture.Performing_arts,131011.0,81.22535592620841,11.0,1638.0
3202,3.0,131011.0,弥赛亚 (亨德尔),0.0,Q207732,Geography.Regions.Europe.Europe*,131011.0,81.22535592620841,11.0,1638.0
3203,3.0,131011.0,弥赛亚 (亨德尔),0.0,Q207732,Geography.Regions.Europe.Northern_Europe,131011.0,81.22535592620841,11.0,1638.0
3204,2.0,131498.0,倪震,0.9964163899421692,Q6113098,Culture.Biography.Biography*,131498.0,1202.2788959991005,12.0,5471.0
3205,2.0,131498.0,倪震,0.3509628047943115,Q6113098,Geography.Regions.Asia.East_Asia,131498.0,1202.2788959991005,12.0,5471.0
3206,2.0,131498.0,倪震,0.14323513412475586,Q6113098,Geography.Regions.Asia.Asia*,131498.0,1202.2788959991005,12.0,5471.0
3207,2.0,131498.0,倪震,0.14034625887870789,Q6113098,Culture.Media.Media*,131498.0,1202.2788959991005,12.0,5471.0
3208,10.0,131715.0,關智斌,0.993317186832428,Q837537,Culture.Biography.Biography*,131715.0,14014.067464181046,12.0,2951.0
3209,10.0,131715.0,關智斌,0.37980710172653204,Q837537,Geography.Regions.Asia.Asia*,131715.0,14014.067464181046,12.0,2951.0
3210,10.0,131715.0,關智斌,0.26285186409950256,Q837537,Culture.Media.Media*,131715.0,14014.067464181046,12.0,2951.0
3211,10.0,131715.0,關智斌,0.2227101624011993,Q837537,Culture.Media.Music,131715.0,14014.067464181046,12.0,2951.0
3212,10.0,131715.0,關智斌,0.08411114120483397,Q837537,Geography.Regions.Asia.East_Asia,131715.0,14014.067464181046,12.0,2951.0
3213,5.0,131984.0,俞琤,0.9983093142509459,Q8025664,Culture.Biography.Biography*,131984.0,1865.7242630147605,12.0,5411.0
3214,5.0,131984.0,俞琤,0.7431780099868774,Q8025664,Culture.Biography.Women,131984.0,1865.7242630147605,12.0,5411.0
3215,5.0,131984.0,俞琤,0.6513648629188538,Q8025664,Culture.Media.Media*,131984.0,1865.7242630147605,12.0,5411.0
3216,5.0,131984.0,俞琤,0.4532718360424042,Q8025664,Culture.Media.Radio,131984.0,1865.7242630147605,12.0,5411.0
3217,5.0,131984.0,俞琤,0.10088862478733064,Q8025664,Culture.Media.Music,131984.0,1865.7242630147605,12.0,5411.0
3218,5.0,131984.0,俞琤,0.0,Q8025664,Geography.Regions.Asia.East_Asia,131984.0,1865.7242630147605,12.0,5411.0
3219,5.0,131984.0,俞琤,0.0,Q8025664,Geography.Regions.Asia.Asia*,131984.0,1865.7242630147605,12.0,5411.0
3220,1.0,132020.0,希望之声国际广播电台,0.3007555902004242,Q1069902,STEM.STEM*,132020.0,0.0,12.0,1785.0
3221,1.0,132020.0,希望之声国际广播电台,0.2393593490123749,Q1069902,History_and_Society.Business_and_economics,132020.0,0.0,12.0,1785.0
3222,1.0,132020.0,希望之声国际广播电台,0.1259327530860901,Q1069902,History_and_Society.Education,132020.0,0.0,12.0,1785.0
3223,1.0,132020.0,希望之声国际广播电台,0.1259327530860901,Q1069902,History_and_Society.Politics_and_government,132020.0,0.0,12.0,1785.0
3224,1.0,132020.0,希望之声国际广播电台,0.0,Q1069902,Geography.Regions.Asia.Asia*,132020.0,0.0,12.0,1785.0
3225,1.0,132020.0,希望之声国际广播电台,0.0,Q1069902,Geography.Regions.Europe.Europe*,132020.0,0.0,12.0,1785.0
3226,8.0,132104.0,大東亞共榮圈,0.3775506913661957,Q696192,STEM.STEM*,132104.0,25768.632637555333,10.0,2762.0
3227,8.0,132104.0,大東亞共榮圈,0.1097157895565033,Q696192,STEM.Biology,132104.0,25768.632637555333,10.0,2762.0
3228,8.0,132104.0,大東亞共榮圈,0.1067005917429924,Q696192,History_and_Society.Military_and_warfare,132104.0,25768.632637555333,10.0,2762.0
3229,8.0,132104.0,大東亞共榮圈,0.1067005917429924,Q696192,History_and_Society.Politics_and_government,132104.0,25768.632637555333,10.0,2762.0
3230,8.0,132104.0,大東亞共榮圈,0.1067005917429924,Q696192,History_and_Society.Society,132104.0,25768.632637555333,10.0,2762.0
3231,8.0,132104.0,大東亞共榮圈,0.0,Q696192,Geography.Regions.Europe.Europe*,132104.0,25768.632637555333,10.0,2762.0
3232,8.0,132104.0,大東亞共榮圈,0.0,Q696192,Geography.Regions.Americas.North_America,132104.0,25768.632637555333,10.0,2762.0
3233,8.0,132104.0,大東亞共榮圈,0.0,Q696192,Geography.Regions.Asia.Asia*,132104.0,25768.632637555333,10.0,2762.0
3234,8.0,132104.0,大東亞共榮圈,0.0,Q696192,Geography.Regions.Europe.Western_Europe,132104.0,25768.632637555333,10.0,2762.0
3235,8.0,132104.0,大東亞共榮圈,0.0,Q696192,Geography.Regions.Asia.East_Asia,132104.0,25768.632637555333,10.0,2762.0
3236,8.0,132104.0,大東亞共榮圈,0.0,Q696192,Geography.Regions.Europe.Eastern_Europe,132104.0,25768.632637555333,10.0,2762.0
3237,8.0,132104.0,大東亞共榮圈,0.0,Q696192,Geography.Regions.Europe.Southern_Europe,132104.0,25768.632637555333,10.0,2762.0
3238,8.0,132104.0,大東亞共榮圈,0.0,Q696192,Geography.Regions.Europe.Northern_Europe,132104.0,25768.632637555333,10.0,2762.0
3239,8.0,132104.0,大東亞共榮圈,0.0,Q696192,Geography.Regions.Asia.West_Asia,132104.0,25768.632637555333,10.0,2762.0
3240,2.0,132147.0,互補色,0.9850529432296752,Q373984,STEM.STEM*,132147.0,5045.735301129173,14.0,2582.0
3241,2.0,132147.0,互補色,0.22816647589206696,Q373984,STEM.Biology,132147.0,5045.735301129173,14.0,2582.0
3242,2.0,132147.0,互補色,0.12253321707248688,Q373984,STEM.Technology,132147.0,5045.735301129173,14.0,2582.0
3243,2.0,132147.0,互補色,0.11597072333097458,Q373984,STEM.Medicine_&_Health,132147.0,5045.735301129173,14.0,2582.0
3244,9.0,132644.0,埃涅阿斯,0.8634016513824463,Q82732,History_and_Society.History,132644.0,2150.893747002957,16.0,2754.0
3245,9.0,132644.0,埃涅阿斯,0.6723417043685913,Q82732,Culture.Biography.Biography*,132644.0,2150.893747002957,16.0,2754.0
3246,9.0,132644.0,埃涅阿斯,0.6513648629188538,Q82732,Culture.Literature,132644.0,2150.893747002957,16.0,2754.0
3247,9.0,132644.0,埃涅阿斯,0.40734341740608215,Q82732,Culture.Philosophy_and_religion,132644.0,2150.893747002957,16.0,2754.0
3248,9.0,132644.0,埃涅阿斯,0.014629947185516357,Q82732,Geography.Regions.Europe.Europe*,132644.0,2150.893747002957,16.0,2754.0
3249,9.0,132644.0,埃涅阿斯,0.0,Q82732,Geography.Regions.Europe.Southern_Europe,132644.0,2150.893747002957,16.0,2754.0
3250,7.0,132798.0,长春围困战,0.9863731861114502,Q837376,Geography.Regions.Asia.East_Asia,132798.0,6565.580620219711,5.0,3311.0
3251,7.0,132798.0,长春围困战,0.9820237755775452,Q837376,Geography.Regions.Asia.Asia*,132798.0,6565.580620219711,5.0,3311.0
3252,7.0,132798.0,长春围困战,0.880807101726532,Q837376,History_and_Society.Military_and_warfare,132798.0,6565.580620219711,5.0,3311.0
3253,1.0,132983.0,堂号,0.6584275364875793,Q3267041,STEM.STEM*,132983.0,0.0,4.0,2244.0
3254,1.0,132983.0,堂号,0.1824355274438858,Q3267041,STEM.Medicine_&_Health,132983.0,0.0,4.0,2244.0
3255,7.0,133081.0,雷吉·米勒,0.9987651705741882,Q270966,Culture.Biography.Biography*,133081.0,4747.489023543693,17.0,2159.0
3256,7.0,133081.0,雷吉·米勒,0.9976868629455566,Q270966,Culture.Sports,133081.0,4747.489023543693,17.0,2159.0
3257,7.0,133081.0,雷吉·米勒,0.21760438585281366,Q270966,Geography.Regions.Americas.North_America,133081.0,4747.489023543693,17.0,2159.0
3258,1.0,133087.0,阿道夫·艾希曼,0.9859463572502136,Q28085,Culture.Biography.Biography*,133087.0,0.0,13.0,2402.0
3259,1.0,133087.0,阿道夫·艾希曼,0.7931159734725952,Q28085,History_and_Society.Military_and_warfare,133087.0,0.0,13.0,2402.0
3260,1.0,133087.0,阿道夫·艾希曼,0.338743971824646,Q28085,Geography.Regions.Europe.Western_Europe,133087.0,0.0,13.0,2402.0
3261,1.0,133087.0,阿道夫·艾希曼,0.338743971824646,Q28085,Geography.Regions.Europe.Europe*,133087.0,0.0,13.0,2402.0
3262,1.0,133087.0,阿道夫·艾希曼,0.2942249774932861,Q28085,History_and_Society.Politics_and_government,133087.0,0.0,13.0,2402.0
3263,1.0,133087.0,阿道夫·艾希曼,0.287777841091156,Q28085,History_and_Society.History,133087.0,0.0,13.0,2402.0
3264,1.0,133087.0,阿道夫·艾希曼,0.18714269995689392,Q28085,Culture.Philosophy_and_religion,133087.0,0.0,13.0,2402.0
3265,1.0,133087.0,阿道夫·艾希曼,0.0,Q28085,Geography.Regions.Europe.Eastern_Europe,133087.0,0.0,13.0,2402.0
3266,13.0,133370.0,非洲联盟,0.7931159734725952,Q7159,History_and_Society.Politics_and_government,133370.0,13745.563640755263,10.0,4257.0
3267,13.0,133370.0,非洲联盟,0.3509628047943115,Q7159,Geography.Regions.Africa.Africa*,133370.0,13745.563640755263,10.0,4257.0
3268,13.0,133370.0,非洲联盟,0.3415925204753876,Q7159,History_and_Society.Society,133370.0,13745.563640755263,10.0,4257.0
3269,13.0,133370.0,非洲联盟,0.1294127255678177,Q7159,History_and_Society.History,133370.0,13745.563640755263,10.0,4257.0
3270,13.0,133370.0,非洲联盟,0.12253321707248688,Q7159,History_and_Society.Business_and_economics,133370.0,13745.563640755263,10.0,4257.0
3271,13.0,133370.0,非洲联盟,0.11280541121959685,Q7159,History_and_Society.Military_and_warfare,133370.0,13745.563640755263,10.0,4257.0
3272,13.0,133370.0,非洲联盟,0.0,Q7159,Geography.Regions.Africa.Eastern_Africa,133370.0,13745.563640755263,10.0,4257.0
3273,13.0,133370.0,非洲联盟,0.0,Q7159,Geography.Geographical,133370.0,13745.563640755263,10.0,4257.0
3274,13.0,133370.0,非洲联盟,0.0,Q7159,Geography.Regions.Europe.Europe*,133370.0,13745.563640755263,10.0,4257.0
3275,13.0,133370.0,非洲联盟,0.0,Q7159,Geography.Regions.Americas.South_America,133370.0,13745.563640755263,10.0,4257.0
3276,13.0,133390.0,法治,1.0000100135803225,Q44918,History_and_Society.Society,133390.0,72355.4132144149,3.0,2935.0
3277,13.0,133390.0,法治,0.6723417043685913,Q44918,History_and_Society.Politics_and_government,133390.0,72355.4132144149,3.0,2935.0
3278,13.0,133390.0,法治,0.2689514458179474,Q44918,History_and_Society.Business_and_economics,133390.0,72355.4132144149,3.0,2935.0
3279,13.0,133390.0,法治,0.2568419873714447,Q44918,STEM.STEM*,133390.0,72355.4132144149,3.0,2935.0
3280,13.0,133390.0,法治,0.14805719256401062,Q44918,STEM.Medicine_&_Health,133390.0,72355.4132144149,3.0,2935.0
3281,13.0,133390.0,法治,0.1259327530860901,Q44918,Culture.Philosophy_and_religion,133390.0,72355.4132144149,3.0,2935.0
3282,1.0,133914.0,毛利人,0.6442351341247559,Q6122670,History_and_Society.Society,133914.0,0.0,10.0,3174.0
3283,1.0,133914.0,毛利人,0.13661839067935946,Q6122670,History_and_Society.History,133914.0,0.0,10.0,3174.0
3284,1.0,133914.0,毛利人,0.10375863313674928,Q6122670,Culture.Biography.Biography*,133914.0,0.0,10.0,3174.0
3285,1.0,133914.0,毛利人,0.0,Q6122670,Geography.Regions.Oceania,133914.0,0.0,10.0,3174.0
3286,1.0,133914.0,毛利人,0.0,Q6122670,Geography.Regions.Asia.Asia*,133914.0,0.0,10.0,3174.0
3287,1.0,133914.0,毛利人,0.0,Q6122670,Geography.Regions.Europe.Europe*,133914.0,0.0,10.0,3174.0
3288,6.0,133916.0,陳唐山,0.9995221495628356,Q707648,Culture.Biography.Biography*,133916.0,7628.576359276309,5.0,2598.0
3289,6.0,133916.0,陳唐山,0.9875783920288086,Q707648,History_and_Society.Society,133916.0,7628.576359276309,5.0,2598.0
3290,6.0,133916.0,陳唐山,0.4745869507789612,Q707648,Geography.Regions.Asia.East_Asia,133916.0,7628.576359276309,5.0,2598.0
3291,6.0,133916.0,陳唐山,0.4556442370414734,Q707648,Geography.Regions.Asia.Asia*,133916.0,7628.576359276309,5.0,2598.0
3292,2.0,133980.0,封建制度 (中國),0.9173126816749572,Q1275341,History_and_Society.Politics_and_government,133980.0,0.0,4.0,2917.0
3293,2.0,133980.0,封建制度 (中國),0.4678661694526672,Q1275341,Geography.Regions.Asia.East_Asia,133980.0,0.0,4.0,2917.0
3294,2.0,133980.0,封建制度 (中國),0.4471645226478577,Q1275341,Geography.Regions.Asia.Asia*,133980.0,0.0,4.0,2917.0
3295,2.0,133980.0,封建制度 (中國),0.18714269995689392,Q1275341,Culture.Biography.Biography*,133980.0,0.0,4.0,2917.0
3296,2.0,134322.0,友訊科技,0.9362950325012208,Q303580,History_and_Society.Business_and_economics,134322.0,3942.0,10.0,1734.0
3297,2.0,134322.0,友訊科技,0.9046605229377748,Q303580,STEM.STEM*,134322.0,3942.0,10.0,1734.0
3298,2.0,134322.0,友訊科技,0.8670457601547241,Q303580,STEM.Computing,134322.0,3942.0,10.0,1734.0
3299,2.0,134322.0,友訊科技,0.5621865391731262,Q303580,Culture.Biography.Biography*,134322.0,3942.0,10.0,1734.0
3300,2.0,134322.0,友訊科技,0.5312193632125854,Q303580,STEM.Technology,134322.0,3942.0,10.0,1734.0
3301,2.0,134322.0,友訊科技,0.4301573634147644,Q303580,History_and_Society.Society,134322.0,3942.0,10.0,1734.0
3302,2.0,134322.0,友訊科技,0.19165198707580566,Q303580,Geography.Regions.Asia.Asia*,134322.0,3942.0,10.0,1734.0
3303,2.0,134322.0,友訊科技,0.16442059183120727,Q303580,Geography.Regions.Asia.East_Asia,134322.0,3942.0,10.0,1734.0
3304,2.0,134322.0,友訊科技,0.1097157895565033,Q303580,Culture.Media.Software,134322.0,3942.0,10.0,1734.0
3305,2.0,134322.0,友訊科技,0.0,Q303580,Geography.Regions.Americas.North_America,134322.0,3942.0,10.0,1734.0
3306,4.0,134809.0,碳纳米管,0.9399233460426332,Q1778729,STEM.STEM*,134809.0,19118.18772694946,10.0,2458.0
3307,4.0,134809.0,碳纳米管,0.38492217659950256,Q1778729,STEM.Chemistry,134809.0,19118.18772694946,10.0,2458.0
3308,4.0,134809.0,碳纳米管,0.287777841091156,Q1778729,STEM.Technology,134809.0,19118.18772694946,10.0,2458.0
3309,4.0,134809.0,碳纳米管,0.14034625887870789,Q1778729,STEM.Physics,134809.0,19118.18772694946,10.0,2458.0
3310,3.0,134948.0,四六事件,0.37980710172653204,Q10924531,Geography.Regions.Asia.Asia*,134948.0,5049.977771963248,1.0,6917.0
3311,3.0,134948.0,四六事件,0.3775506913661957,Q10924531,History_and_Society.Society,134948.0,5049.977771963248,1.0,6917.0
3312,3.0,134948.0,四六事件,0.287777841091156,Q10924531,History_and_Society.Politics_and_government,134948.0,5049.977771963248,1.0,6917.0
3313,3.0,134948.0,四六事件,0.2069040536880493,Q10924531,History_and_Society.Transportation,134948.0,5049.977771963248,1.0,6917.0
3314,3.0,134948.0,四六事件,0.15742753648757934,Q10924531,Geography.Regions.Asia.South_Asia,134948.0,5049.977771963248,1.0,6917.0
3315,3.0,134948.0,四六事件,0.1097157895565033,Q10924531,History_and_Society.History,134948.0,5049.977771963248,1.0,6917.0
3316,3.0,134948.0,四六事件,0.006821857929229736,Q10924531,Geography.Regions.Europe.Europe*,134948.0,5049.977771963248,1.0,6917.0
3317,3.0,134948.0,四六事件,0.0,Q10924531,Geography.Regions.Americas.North_America,134948.0,5049.977771963248,1.0,6917.0
3318,3.0,134948.0,四六事件,0.0,Q10924531,Geography.Regions.Asia.East_Asia,134948.0,5049.977771963248,1.0,6917.0
3319,3.0,134948.0,四六事件,0.0,Q10924531,Geography.Regions.Europe.Southern_Europe,134948.0,5049.977771963248,1.0,6917.0
3320,3.0,134948.0,四六事件,0.0,Q10924531,Geography.Regions.Europe.Northern_Europe,134948.0,5049.977771963248,1.0,6917.0
3321,1.0,135343.0,欧洲和北美地区世界遗产列表,0.4455395638942719,Q13222487,STEM.STEM*,135343.0,0.0,10.0,1536.0
3322,1.0,135343.0,欧洲和北美地区世界遗产列表,0.1259327530860901,Q13222487,History_and_Society.Politics_and_government,135343.0,0.0,10.0,1536.0
3323,1.0,135343.0,欧洲和北美地区世界遗产列表,0.0,Q13222487,Geography.Regions.Europe.Europe*,135343.0,0.0,10.0,1536.0
3324,3.0,135398.0,上巳节,0.3301530351638794,Q698091,Geography.Regions.Asia.Asia*,135398.0,6148.70320726003,11.0,1715.0
3325,3.0,135398.0,上巳节,0.2689514458179474,Q698091,Culture.Philosophy_and_religion,135398.0,6148.70320726003,11.0,1715.0
3326,3.0,135398.0,上巳节,0.16886694729328156,Q698091,STEM.STEM*,135398.0,6148.70320726003,11.0,1715.0
3327,3.0,135398.0,上巳节,0.06886266374588013,Q698091,Geography.Regions.Asia.East_Asia,135398.0,6148.70320726003,11.0,1715.0
3328,8.0,135474.0,熙寧變法,0.4914327731132507,Q17035931,Geography.Regions.Asia.East_Asia,135474.0,2107.971209396963,15.0,2754.0
3329,8.0,135474.0,熙寧變法,0.4767238368988037,Q17035931,Geography.Regions.Asia.Asia*,135474.0,2107.971209396963,15.0,2754.0
3330,8.0,135474.0,熙寧變法,0.21734751760959625,Q17035931,History_and_Society.History,135474.0,2107.971209396963,15.0,2754.0
3331,2.0,135505.0,诺福克岛,0.9553291201591492,Q31057,Geography.Regions.Oceania,135505.0,0.0,1.0,1334.0
3332,2.0,135505.0,诺福克岛,0.9362950325012208,Q31057,Geography.Geographical,135505.0,0.0,1.0,1334.0
3333,2.0,135505.0,诺福克岛,0.14805719256401062,Q31057,Geography.Regions.Europe.Europe*,135505.0,0.0,1.0,1334.0
3334,3.0,135569.0,彭婉如,0.9966334104537964,Q8350045,Culture.Biography.Biography*,135569.0,921.1194372832342,2.0,2840.0
3335,3.0,135569.0,彭婉如,0.9241518378257751,Q8350045,History_and_Society.Society,135569.0,921.1194372832342,2.0,2840.0
3336,3.0,135569.0,彭婉如,0.6584275364875793,Q8350045,Culture.Biography.Women,135569.0,921.1194372832342,2.0,2840.0
3337,3.0,135569.0,彭婉如,0.4231518378257752,Q8350045,Geography.Regions.Asia.East_Asia,135569.0,921.1194372832342,2.0,2840.0
3338,3.0,135569.0,彭婉如,0.3469777574539185,Q8350045,Geography.Regions.Asia.Asia*,135569.0,921.1194372832342,2.0,2840.0
3339,1.0,135583.0,麥兜,0.6297846436500549,Q3274604,Culture.Literature,135583.0,0.0,12.0,4786.0
3340,1.0,135583.0,麥兜,0.5544804334640503,Q3274604,Culture.Media.Media*,135583.0,0.0,12.0,4786.0
3341,1.0,135583.0,麥兜,0.348655104637146,Q3274604,Culture.Media.Entertainment,135583.0,0.0,12.0,4786.0
3342,1.0,135583.0,麥兜,0.2069040536880493,Q3274604,STEM.STEM*,135583.0,0.0,12.0,4786.0
3343,1.0,135583.0,麥兜,0.19194278120994568,Q3274604,Culture.Media.Television,135583.0,0.0,12.0,4786.0
3344,1.0,135583.0,麥兜,0.14034625887870789,Q3274604,Culture.Media.Films,135583.0,0.0,12.0,4786.0
3345,1.0,135583.0,麥兜,0.10375863313674928,Q3274604,Culture.Philosophy_and_religion,135583.0,0.0,12.0,4786.0
3346,1.0,135583.0,麥兜,0.037993239402771,Q3274604,Geography.Regions.Asia.East_Asia,135583.0,0.0,12.0,4786.0
3347,1.0,135583.0,麥兜,0.0,Q3274604,Geography.Regions.Asia.Asia*,135583.0,0.0,12.0,4786.0
3348,4.0,135657.0,胡桃夹子 (芭蕾舞剧),0.9996300339698792,Q193705,Culture.Performing_arts,135657.0,12697.214636716704,13.0,5143.0
3349,4.0,135657.0,胡桃夹子 (芭蕾舞剧),0.7310686111450195,Q193705,History_and_Society.Society,135657.0,12697.214636716704,13.0,5143.0
3350,4.0,135657.0,胡桃夹子 (芭蕾舞剧),0.7248802781105042,Q193705,Culture.Media.Media*,135657.0,12697.214636716704,13.0,5143.0
3351,4.0,135657.0,胡桃夹子 (芭蕾舞剧),0.7122421860694885,Q193705,Culture.Media.Music,135657.0,12697.214636716704,13.0,5143.0
3352,4.0,135657.0,胡桃夹子 (芭蕾舞剧),0.5078218579292297,Q193705,Culture.Literature,135657.0,12697.214636716704,13.0,5143.0
3353,8.0,135688.0,領展房地產投資信託基金,0.4687954058647156,Q837533,Geography.Regions.Asia.East_Asia,135688.0,18495.604190861686,10.0,2545.0
3354,8.0,135688.0,領展房地產投資信託基金,0.41865252161026,Q837533,Geography.Regions.Asia.Asia*,135688.0,18495.604190861686,10.0,2545.0
3355,8.0,135688.0,領展房地產投資信託基金,0.3775506913661957,Q837533,History_and_Society.Business_and_economics,135688.0,18495.604190861686,10.0,2545.0
3356,8.0,135688.0,領展房地產投資信託基金,0.10088862478733064,Q837533,STEM.STEM*,135688.0,18495.604190861686,10.0,2545.0
3357,1.0,135708.0,小冰期,0.9263137578964232,Q190530,History_and_Society.Society,135708.0,0.0,10.0,1943.0
3358,1.0,135708.0,小冰期,0.8740872144699097,Q190530,STEM.Earth_and_environment,135708.0,0.0,10.0,1943.0
3359,1.0,135708.0,小冰期,0.59267657995224,Q190530,STEM.STEM*,135708.0,0.0,10.0,1943.0
3360,1.0,135708.0,小冰期,0.5698626637458801,Q190530,History_and_Society.History,135708.0,0.0,10.0,1943.0
3361,1.0,135708.0,小冰期,0.3469777574539185,Q190530,Geography.Regions.Europe.Europe*,135708.0,0.0,10.0,1943.0
3362,1.0,135708.0,小冰期,0.29719679260253906,Q190530,Geography.Regions.Europe.Western_Europe,135708.0,0.0,10.0,1943.0
3363,1.0,135708.0,小冰期,0.20182321965694427,Q190530,Culture.Philosophy_and_religion,135708.0,0.0,10.0,1943.0
3364,1.0,135708.0,小冰期,0.11597072333097458,Q190530,History_and_Society.Politics_and_government,135708.0,0.0,10.0,1943.0
3365,1.0,135708.0,小冰期,0.0,Q190530,Geography.Geographical,135708.0,0.0,10.0,1943.0
3366,5.0,135989.0,黄山,0.9908843636512756,Q36034,Geography.Geographical,135989.0,6311.668355852918,11.0,2882.0
3367,5.0,135989.0,黄山,0.7606606483459473,Q36034,Geography.Regions.Asia.Asia*,135989.0,6311.668355852918,11.0,2882.0
3368,5.0,135989.0,黄山,0.7186043858528137,Q36034,Geography.Regions.Asia.East_Asia,135989.0,6311.668355852918,11.0,2882.0
3369,5.0,135989.0,黄山,0.10375863313674928,Q36034,STEM.STEM*,135989.0,6311.668355852918,11.0,2882.0
3370,13.0,136553.0,李宇春,0.9724247455596924,Q698103,Culture.Biography.Biography*,136553.0,38076.28649492224,12.0,3658.0
3371,13.0,136553.0,李宇春,0.546748161315918,Q698103,Culture.Biography.Women,136553.0,38076.28649492224,12.0,3658.0
3372,13.0,136553.0,李宇春,0.4688006341457367,Q698103,Culture.Media.Music,136553.0,38076.28649492224,12.0,3658.0
3373,13.0,136553.0,李宇春,0.4532718360424042,Q698103,Culture.Media.Media*,136553.0,38076.28649492224,12.0,3658.0
3374,13.0,136553.0,李宇春,0.17818872833251953,Q698103,Geography.Regions.Asia.Asia*,136553.0,38076.28649492224,12.0,3658.0
3375,13.0,136553.0,李宇春,0.13604079389572146,Q698103,Geography.Regions.Asia.East_Asia,136553.0,38076.28649492224,12.0,3658.0
3376,1.0,136942.0,精氨酸,0.9855064153671264,Q173670,STEM.STEM*,136942.0,0.0,10.0,3128.0
3377,1.0,136942.0,精氨酸,0.880807101726532,Q173670,STEM.Chemistry,136942.0,0.0,10.0,3128.0
3378,1.0,136942.0,精氨酸,0.7773098945617676,Q173670,STEM.Medicine_&_Health,136942.0,0.0,10.0,3128.0
3379,1.0,136942.0,精氨酸,0.3276783227920532,Q173670,STEM.Biology,136942.0,0.0,10.0,3128.0
3380,1.0,136942.0,精氨酸,0.2509227991104126,Q173670,Culture.Food_and_drink,136942.0,0.0,10.0,3128.0
3381,9.0,137192.0,黃家強,0.9955416321754456,Q8031993,Culture.Biography.Biography*,137192.0,16830.44696243168,12.0,2108.0
3382,9.0,137192.0,黃家強,0.4610267877578736,Q8031993,Culture.Media.Music,137192.0,16830.44696243168,12.0,2108.0
3383,9.0,137192.0,黃家強,0.4209318628311157,Q8031993,Geography.Regions.Asia.East_Asia,137192.0,16830.44696243168,12.0,2108.0
3384,9.0,137192.0,黃家強,0.3764868249893189,Q8031993,Geography.Regions.Asia.Asia*,137192.0,16830.44696243168,12.0,2108.0
3385,9.0,137192.0,黃家強,0.2393593490123749,Q8031993,Culture.Media.Media*,137192.0,16830.44696243168,12.0,2108.0
3386,3.0,137214.0,晉元帝,0.9777238368988036,Q7392,Culture.Biography.Biography*,137214.0,7883.0,11.0,2866.0
3387,3.0,137214.0,晉元帝,0.4901626577377319,Q7392,Geography.Regions.Asia.East_Asia,137214.0,7883.0,11.0,2866.0
3388,3.0,137214.0,晉元帝,0.4845064153671265,Q7392,Geography.Regions.Asia.Asia*,137214.0,7883.0,11.0,2866.0
3389,2.0,137250.0,東南互保,0.546748161315918,Q838098,History_and_Society.Society,137250.0,1275.356825923957,4.0,4557.0
3390,2.0,137250.0,東南互保,0.4767238368988037,Q838098,Geography.Regions.Asia.East_Asia,137250.0,1275.356825923957,4.0,4557.0
3391,2.0,137250.0,東南互保,0.4301573634147644,Q838098,History_and_Society.Military_and_warfare,137250.0,1275.356825923957,4.0,4557.0
3392,2.0,137250.0,東南互保,0.2816725244522095,Q838098,Geography.Regions.Asia.Asia*,137250.0,1275.356825923957,4.0,4557.0
3393,2.0,137250.0,東南互保,0.16452647745609286,Q838098,History_and_Society.Politics_and_government,137250.0,1275.356825923957,4.0,4557.0
3394,2.0,137253.0,三一運動,0.3862146010398865,Q482525,Geography.Regions.Asia.East_Asia,137253.0,680.3993967515803,3.0,1567.0
3395,2.0,137253.0,三一運動,0.2816725244522095,Q482525,Geography.Regions.Asia.Asia*,137253.0,680.3993967515803,3.0,1567.0
3396,2.0,137253.0,三一運動,0.20182321965694427,Q482525,History_and_Society.Military_and_warfare,137253.0,680.3993967515803,3.0,1567.0
3397,2.0,137253.0,三一運動,0.10375863313674928,Q482525,Culture.Philosophy_and_religion,137253.0,680.3993967515803,3.0,1567.0
3398,2.0,137253.0,三一運動,0.10375863313674928,Q482525,History_and_Society.Politics_and_government,137253.0,680.3993967515803,3.0,1567.0
3399,2.0,137253.0,三一運動,0.0,Q482525,Geography.Regions.Europe.Europe*,137253.0,680.3993967515803,3.0,1567.0
3400,3.0,137999.0,蓋世寶,0.996837317943573,Q8263065,Culture.Biography.Biography*,137999.0,7883.0,12.0,3598.0
3401,3.0,137999.0,蓋世寶,0.287777841091156,Q8263065,Culture.Biography.Women,137999.0,7883.0,12.0,3598.0
3402,3.0,137999.0,蓋世寶,0.11597072333097458,Q8263065,Culture.Media.Media*,137999.0,7883.0,12.0,3598.0
3403,3.0,137999.0,蓋世寶,0.0,Q8263065,Geography.Regions.Asia.Asia*,137999.0,7883.0,12.0,3598.0
3404,3.0,137999.0,蓋世寶,0.0,Q8263065,Geography.Regions.Asia.East_Asia,137999.0,7883.0,12.0,3598.0
3405,1.0,138029.0,曹彬,0.8903042674064636,Q5034290,Culture.Biography.Biography*,138029.0,0.0,15.0,2207.0
3406,1.0,138029.0,曹彬,0.4705740084648132,Q5034290,Geography.Regions.Asia.East_Asia,138029.0,0.0,15.0,2207.0
3407,1.0,138029.0,曹彬,0.4678661694526672,Q5034290,Geography.Regions.Asia.Asia*,138029.0,0.0,15.0,2207.0
3408,1.0,138029.0,曹彬,0.2689514458179474,Q5034290,History_and_Society.History,138029.0,0.0,15.0,2207.0
3409,1.0,138029.0,曹彬,0.18714269995689392,Q5034290,History_and_Society.Military_and_warfare,138029.0,0.0,15.0,2207.0
3410,7.0,138087.0,李國麟 (議員),0.9381340146064758,Q6284882,Culture.Biography.Biography*,138087.0,15.246862054080731,3.0,1439.0
3411,7.0,138087.0,李國麟 (議員),0.478677677154541,Q6284882,Geography.Regions.Asia.East_Asia,138087.0,15.246862054080731,3.0,1439.0
3412,7.0,138087.0,李國麟 (議員),0.41865252161026,Q6284882,Geography.Regions.Asia.Asia*,138087.0,15.246862054080731,3.0,1439.0
3413,4.0,138129.0,哈利路亞,0.9481645226478576,Q190340,Culture.Philosophy_and_religion,138129.0,2610.442438157772,11.0,2295.0
3414,4.0,138129.0,哈利路亞,0.18714269995689392,Q190340,Culture.Literature,138129.0,2610.442438157772,11.0,2295.0
3415,4.0,138129.0,哈利路亞,0.11280541121959685,Q190340,History_and_Society.History,138129.0,2610.442438157772,11.0,2295.0
3416,4.0,138645.0,歼-8,0.998876452445984,Q39642,History_and_Society.Military_and_warfare,138645.0,1290.8838274142186,11.0,2292.0
3417,4.0,138645.0,歼-8,0.9949496984481812,Q39642,STEM.Engineering,138645.0,1290.8838274142186,11.0,2292.0
3418,4.0,138645.0,歼-8,0.9926641583442688,Q39642,History_and_Society.Transportation,138645.0,1290.8838274142186,11.0,2292.0
3419,4.0,138645.0,歼-8,0.967909336090088,Q39642,STEM.STEM*,138645.0,1290.8838274142186,11.0,2292.0
3420,4.0,138645.0,歼-8,0.2869412174224853,Q39642,Geography.Regions.Asia.East_Asia,138645.0,1290.8838274142186,11.0,2292.0
3421,4.0,138645.0,歼-8,0.25392501258850103,Q39642,Geography.Regions.Asia.Asia*,138645.0,1290.8838274142186,11.0,2292.0
3422,3.0,138660.0,藍迪·強森,1.0000100135803225,Q123682,Culture.Biography.Biography*,138660.0,3536.482100790236,17.0,2182.0
3423,3.0,138660.0,藍迪·強森,0.9990989565849304,Q123682,Culture.Sports,138660.0,3536.482100790236,17.0,2182.0
3424,3.0,138660.0,藍迪·強森,0.23616819286346435,Q123682,Geography.Regions.Americas.North_America,138660.0,3536.482100790236,17.0,2182.0
3425,1.0,138710.0,骡,0.8479777574539185,Q41692,STEM.STEM*,138710.0,0.0,1.0,2846.0
3426,1.0,138710.0,骡,0.6442351341247559,Q41692,STEM.Biology,138710.0,0.0,1.0,2846.0
3427,1.0,138710.0,骡,0.1520422399044037,Q41692,History_and_Society.Society,138710.0,0.0,1.0,2846.0
3428,1.0,138710.0,骡,0.12253321707248688,Q41692,Culture.Philosophy_and_religion,138710.0,0.0,1.0,2846.0
3429,1.0,138710.0,骡,0.1067005917429924,Q41692,STEM.Earth_and_environment,138710.0,0.0,1.0,2846.0
3430,7.0,138881.0,马六甲,0.9173126816749572,Q185221,Geography.Geographical,138881.0,10708.581582462326,3.0,3082.0
3431,7.0,138881.0,马六甲,0.7248802781105042,Q185221,Geography.Regions.Asia.Asia*,138881.0,10708.581582462326,3.0,3082.0
3432,7.0,138881.0,马六甲,0.6224693655967712,Q185221,Geography.Regions.Asia.Southeast_Asia,138881.0,10708.581582462326,3.0,3082.0
3433,9.0,141020.0,香港快運航空,0.9993638396263124,Q1365358,STEM.Engineering,141020.0,736.7295617924057,10.0,2477.0
3434,9.0,141020.0,香港快運航空,0.9991540908813475,Q1365358,History_and_Society.Transportation,141020.0,736.7295617924057,10.0,2477.0
3435,9.0,141020.0,香港快運航空,0.9973783493041992,Q1365358,STEM.STEM*,141020.0,736.7295617924057,10.0,2477.0
3436,9.0,141020.0,香港快運航空,0.6992644667625427,Q1365358,History_and_Society.Business_and_economics,141020.0,736.7295617924057,10.0,2477.0
3437,9.0,141020.0,香港快運航空,0.3952613940238953,Q1365358,Geography.Regions.Asia.Asia*,141020.0,736.7295617924057,10.0,2477.0
3438,9.0,141020.0,香港快運航空,0.3344935646057129,Q1365358,Geography.Regions.Asia.East_Asia,141020.0,736.7295617924057,10.0,2477.0
3439,3.0,141139.0,新加坡樟宜机场,0.9808859825134276,Q32159,STEM.Engineering,141139.0,120.47967740721384,10.0,2241.0
3440,3.0,141139.0,新加坡樟宜机场,0.974052667617798,Q32159,Geography.Regions.Asia.Southeast_Asia,141139.0,120.47967740721384,10.0,2241.0
3441,3.0,141139.0,新加坡樟宜机场,0.974052667617798,Q32159,History_and_Society.Transportation,141139.0,120.47967740721384,10.0,2241.0
3442,3.0,141139.0,新加坡樟宜机场,0.9706977605819702,Q32159,STEM.STEM*,141139.0,120.47967740721384,10.0,2241.0
3443,3.0,141139.0,新加坡樟宜机场,0.9324633479118348,Q32159,Geography.Regions.Asia.Asia*,141139.0,120.47967740721384,10.0,2241.0
3444,3.0,141139.0,新加坡樟宜机场,0.10375863313674928,Q32159,History_and_Society.Military_and_warfare,141139.0,120.47967740721384,10.0,2241.0
3445,8.0,141161.0,青蛇 (電影),0.9615437984466552,Q1133710,Culture.Media.Media*,141161.0,6413.156311826878,12.0,3274.0
3446,8.0,141161.0,青蛇 (電影),0.9304682612419128,Q1133710,Culture.Media.Films,141161.0,6413.156311826878,12.0,3274.0
3447,8.0,141161.0,青蛇 (電影),0.4911941161155701,Q1133710,Geography.Regions.Asia.East_Asia,141161.0,6413.156311826878,12.0,3274.0
3448,8.0,141161.0,青蛇 (電影),0.4798859825134277,Q1133710,Geography.Regions.Asia.Asia*,141161.0,6413.156311826878,12.0,3274.0
3449,8.0,141348.0,仲间由纪惠,0.993317186832428,Q1143674,Culture.Biography.Biography*,141348.0,7328.861101541225,13.0,1836.0
3450,8.0,141348.0,仲间由纪惠,0.3415925204753876,Q1143674,Culture.Biography.Women,141348.0,7328.861101541225,13.0,1836.0
3451,8.0,141348.0,仲间由纪惠,0.3276783227920532,Q1143674,Culture.Literature,141348.0,7328.861101541225,13.0,1836.0
3452,8.0,141348.0,仲间由纪惠,0.24509501457214355,Q1143674,Culture.Visual_arts.Visual_arts*,141348.0,7328.861101541225,13.0,1836.0
3453,8.0,141348.0,仲间由纪惠,0.14805719256401062,Q1143674,Culture.Visual_arts.Comics_and_Anime,141348.0,7328.861101541225,13.0,1836.0
3454,8.0,141348.0,仲间由纪惠,0.13297423720359802,Q1143674,Culture.Media.Media*,141348.0,7328.861101541225,13.0,1836.0
3455,8.0,141348.0,仲间由纪惠,0.11280541121959685,Q1143674,Culture.Media.Music,141348.0,7328.861101541225,13.0,1836.0
3456,8.0,141348.0,仲间由纪惠,0.07650540971755981,Q1143674,Geography.Regions.Asia.Asia*,141348.0,7328.861101541225,13.0,1836.0
3457,8.0,141348.0,仲间由纪惠,0.022430347442626952,Q1143674,Geography.Regions.Asia.East_Asia,141348.0,7328.861101541225,13.0,1836.0
3458,11.0,141423.0,紐約洋基,0.9796776771545409,Q213417,Culture.Sports,141423.0,23971.13881245709,4.0,2810.0
3459,11.0,141423.0,紐約洋基,0.0,Q213417,Geography.Regions.Americas.North_America,141423.0,23971.13881245709,4.0,2810.0
3460,11.0,141619.0,常盤貴子,0.992888569831848,Q1074004,Culture.Biography.Biography*,141619.0,21906.9489487524,13.0,3003.0
3461,11.0,141619.0,常盤貴子,0.4301573634147644,Q1074004,Culture.Biography.Women,141619.0,21906.9489487524,13.0,3003.0
3462,11.0,141619.0,常盤貴子,0.2047950496673584,Q1074004,Geography.Regions.Asia.East_Asia,141619.0,21906.9489487524,13.0,3003.0
3463,11.0,141619.0,常盤貴子,0.17818872833251953,Q1074004,Geography.Regions.Asia.Asia*,141619.0,21906.9489487524,13.0,3003.0
3464,3.0,141773.0,織田裕二,0.99219411611557,Q906057,Culture.Biography.Biography*,141773.0,763.9189741343602,13.0,2605.0
3465,3.0,141773.0,織田裕二,0.41490885615348816,Q906057,Culture.Media.Music,141773.0,763.9189741343602,13.0,2605.0
3466,3.0,141773.0,織田裕二,0.3344935646057129,Q906057,Geography.Regions.Asia.Asia*,141773.0,763.9189741343602,13.0,2605.0
3467,3.0,141773.0,織田裕二,0.2921159734725952,Q906057,Geography.Regions.Asia.East_Asia,141773.0,763.9189741343602,13.0,2605.0
3468,3.0,141773.0,織田裕二,0.2393593490123749,Q906057,Culture.Media.Media*,141773.0,763.9189741343602,13.0,2605.0
3469,11.0,142035.0,NEWS,0.7879412174224854,Q374160,Culture.Media.Music,142035.0,27005.49620092909,13.0,2359.0
3470,11.0,142035.0,NEWS,0.7606606483459473,Q374160,Culture.Media.Media*,142035.0,27005.49620092909,13.0,2359.0
3471,11.0,142035.0,NEWS,0.6001983880996704,Q374160,Culture.Biography.Biography*,142035.0,27005.49620092909,13.0,2359.0
3472,11.0,142035.0,NEWS,0.2763098945617676,Q374160,Geography.Regions.Asia.East_Asia,142035.0,27005.49620092909,13.0,2359.0
3473,11.0,142035.0,NEWS,0.23616819286346435,Q374160,Geography.Regions.Asia.Asia*,142035.0,27005.49620092909,13.0,2359.0
3474,10.0,142042.0,關西傑尼斯8,0.8479777574539185,Q1061446,Culture.Media.Media*,142042.0,10263.114354290816,13.0,2660.0
3475,10.0,142042.0,關西傑尼斯8,0.8354935646057129,Q1061446,Culture.Biography.Biography*,142042.0,10263.114354290816,13.0,2660.0
3476,10.0,142042.0,關西傑尼斯8,0.6224693655967712,Q1061446,Culture.Media.Music,142042.0,10263.114354290816,13.0,2660.0
3477,10.0,142042.0,關西傑尼斯8,0.4669093360900879,Q1061446,Geography.Regions.Asia.East_Asia,142042.0,10263.114354290816,13.0,2660.0
3478,10.0,142042.0,關西傑尼斯8,0.4334051480293274,Q1061446,Geography.Regions.Asia.Asia*,142042.0,10263.114354290816,13.0,2660.0
3479,12.0,142075.0,議會制,0.9688661694526672,Q166747,History_and_Society.Politics_and_government,142075.0,41537.01803100132,1.0,2870.0
3480,12.0,142075.0,議會制,0.12253321707248688,Q166747,History_and_Society.Society,142075.0,41537.01803100132,1.0,2870.0
3481,6.0,142102.0,喬傑立娛樂,1.0000100135803225,Q698150,Culture.Biography.Biography*,142102.0,14056.987200214466,4.0,1885.0
3482,6.0,142102.0,喬傑立娛樂,1.0000100135803225,Q698150,History_and_Society.Society,142102.0,14056.987200214466,4.0,1885.0
3483,6.0,142102.0,喬傑立娛樂,0.91965252161026,Q698150,History_and_Society.Business_and_economics,142102.0,14056.987200214466,4.0,1885.0
3484,6.0,142102.0,喬傑立娛樂,0.4990100135803223,Q698150,Geography.Regions.Asia.Asia*,142102.0,14056.987200214466,4.0,1885.0
3485,6.0,142102.0,喬傑立娛樂,0.4990100135803223,Q698150,Geography.Regions.Asia.East_Asia,142102.0,14056.987200214466,4.0,1885.0
3486,6.0,142102.0,喬傑立娛樂,0.4225146472454071,Q698150,STEM.STEM*,142102.0,14056.987200214466,4.0,1885.0
3487,6.0,142102.0,喬傑立娛樂,0.3140605390071869,Q698150,Culture.Media.Media*,142102.0,14056.987200214466,4.0,1885.0
3488,6.0,142102.0,喬傑立娛樂,0.18714269995689392,Q698150,History_and_Society.Transportation,142102.0,14056.987200214466,4.0,1885.0
3489,6.0,142102.0,喬傑立娛樂,0.1824355274438858,Q698150,Culture.Media.Music,142102.0,14056.987200214466,4.0,1885.0
3490,6.0,142102.0,喬傑立娛樂,0.16027602553367615,Q698150,STEM.Engineering,142102.0,14056.987200214466,4.0,1885.0
3491,1.0,142140.0,德古拉,0.9433575868606568,Q3266236,Culture.Media.Media*,142140.0,0.0,6.0,3090.0
3492,1.0,142140.0,德古拉,0.6224693655967712,Q3266236,Culture.Literature,142140.0,0.0,6.0,3090.0
3493,1.0,142140.0,德古拉,0.1097157895565033,Q3266236,Culture.Media.Music,142140.0,0.0,6.0,3090.0
3494,1.0,142140.0,德古拉,0.10088862478733064,Q3266236,Culture.Media.Films,142140.0,0.0,6.0,3090.0
3495,2.0,142147.0,库尔斯克号核潜艇,0.9978272914886476,Q217463,History_and_Society.Transportation,142147.0,3942.0,5.0,3740.0
3496,2.0,142147.0,库尔斯克号核潜艇,0.9046605229377748,Q217463,History_and_Society.Military_and_warfare,142147.0,3942.0,5.0,3740.0
3497,2.0,142147.0,库尔斯克号核潜艇,0.4610267877578736,Q217463,History_and_Society.History,142147.0,3942.0,5.0,3740.0
3498,2.0,142147.0,库尔斯克号核潜艇,0.3557848632335663,Q217463,History_and_Society.Society,142147.0,3942.0,5.0,3740.0
3499,2.0,142147.0,库尔斯克号核潜艇,0.2120788097381592,Q217463,Geography.Regions.Europe.Europe*,142147.0,3942.0,5.0,3740.0
3500,5.0,142400.0,死海古卷,0.7826725244522095,Q145780,Culture.Philosophy_and_religion,142400.0,3516.733600031472,11.0,3053.0
3501,5.0,142400.0,死海古卷,0.538993239402771,Q145780,History_and_Society.History,142400.0,3516.733600031472,11.0,3053.0
3502,5.0,142400.0,死海古卷,0.22816647589206696,Q145780,Geography.Regions.Asia.West_Asia,142400.0,3516.733600031472,11.0,3053.0
3503,5.0,142400.0,死海古卷,0.19194278120994568,Q145780,Culture.Literature,142400.0,3516.733600031472,11.0,3053.0
3504,5.0,142400.0,死海古卷,0.1520422399044037,Q145780,Geography.Regions.Asia.Asia*,142400.0,3516.733600031472,11.0,3053.0
3505,5.0,142400.0,死海古卷,0.1067005917429924,Q145780,Geography.Regions.Europe.Europe*,142400.0,3516.733600031472,11.0,3053.0
3506,2.0,142604.0,恩德培行动,0.5621865391731262,Q33933,History_and_Society.Military_and_warfare,142604.0,1024.7933034348869,11.0,2547.0
3507,2.0,142604.0,恩德培行动,0.5234303474426271,Q33933,Geography.Regions.Europe.Europe*,142604.0,1024.7933034348869,11.0,2547.0
3508,2.0,142604.0,恩德培行动,0.40734341740608215,Q33933,Geography.Regions.Asia.West_Asia,142604.0,1024.7933034348869,11.0,2547.0
3509,2.0,142604.0,恩德培行动,0.40734341740608215,Q33933,Geography.Regions.Asia.Asia*,142604.0,1024.7933034348869,11.0,2547.0
3510,2.0,142604.0,恩德培行动,0.3415925204753876,Q33933,Geography.Regions.Africa.Africa*,142604.0,1024.7933034348869,11.0,2547.0
3511,2.0,142604.0,恩德培行动,0.3007555902004242,Q33933,History_and_Society.Politics_and_government,142604.0,1024.7933034348869,11.0,2547.0
3512,2.0,142604.0,恩德培行动,0.26285186409950256,Q33933,Geography.Regions.Europe.Western_Europe,142604.0,1024.7933034348869,11.0,2547.0
3513,2.0,142604.0,恩德培行动,0.1778208613395691,Q33933,Culture.Philosophy_and_religion,142604.0,1024.7933034348869,11.0,2547.0
3514,2.0,142604.0,恩德培行动,0.1520422399044037,Q33933,STEM.STEM*,142604.0,1024.7933034348869,11.0,2547.0
3515,2.0,142604.0,恩德培行动,0.14805719256401062,Q33933,History_and_Society.History,142604.0,1024.7933034348869,11.0,2547.0
3516,11.0,142960.0,鈴木一朗,1.0000100135803225,Q600,Culture.Biography.Biography*,142960.0,37506.87012360747,13.0,3463.0
3517,11.0,142960.0,鈴木一朗,0.9324633479118348,Q600,Culture.Sports,142960.0,37506.87012360747,13.0,3463.0
3518,11.0,142960.0,鈴木一朗,0.41865252161026,Q600,Geography.Regions.Americas.North_America,142960.0,37506.87012360747,13.0,3463.0
3519,11.0,142960.0,鈴木一朗,0.0,Q600,Geography.Regions.Asia.East_Asia,142960.0,37506.87012360747,13.0,3463.0
3520,11.0,142960.0,鈴木一朗,0.0,Q600,Geography.Regions.Asia.Asia*,142960.0,37506.87012360747,13.0,3463.0
3521,5.0,143351.0,姜建銘,1.0000100135803225,Q5095177,Culture.Biography.Biography*,143351.0,8577.08481811399,4.0,819.0
3522,5.0,143351.0,姜建銘,0.984585464000702,Q5095177,Culture.Sports,143351.0,8577.08481811399,4.0,819.0
3523,5.0,143351.0,姜建銘,0.9362950325012208,Q5095177,History_and_Society.Society,143351.0,8577.08481811399,4.0,819.0
3524,5.0,143351.0,姜建銘,0.4760326614379883,Q5095177,Geography.Regions.Asia.East_Asia,143351.0,8577.08481811399,4.0,819.0
3525,5.0,143351.0,姜建銘,0.4515841474533081,Q5095177,Geography.Regions.Asia.Asia*,143351.0,8577.08481811399,4.0,819.0
3526,13.0,143390.0,新加坡總理,0.4780457487106323,Q866756,Geography.Regions.Asia.Southeast_Asia,143390.0,24724.543372100376,3.0,2344.0
3527,13.0,143390.0,新加坡總理,0.4705740084648132,Q866756,Geography.Regions.Asia.Asia*,143390.0,24724.543372100376,3.0,2344.0
3528,13.0,143390.0,新加坡總理,0.4378334879875183,Q866756,History_and_Society.Politics_and_government,143390.0,24724.543372100376,3.0,2344.0
3529,2.0,143767.0,大禮議,0.4455395638942719,Q838253,STEM.STEM*,143767.0,0.0,5.0,1652.0
3530,2.0,143767.0,大禮議,0.1097157895565033,Q838253,STEM.Computing,143767.0,0.0,5.0,1652.0
3531,2.0,143767.0,大禮議,0.1067005917429924,Q838253,STEM.Technology,143767.0,0.0,5.0,1652.0
3532,2.0,143767.0,大禮議,0.10375863313674928,Q838253,Culture.Philosophy_and_religion,143767.0,0.0,5.0,1652.0
3533,2.0,143767.0,大禮議,0.0,Q838253,Geography.Regions.Europe.Europe*,143767.0,0.0,5.0,1652.0
3534,2.0,143767.0,大禮議,0.0,Q838253,Geography.Regions.Asia.Asia*,143767.0,0.0,5.0,1652.0
3535,16.0,144356.0,本丟·彼拉多,0.880807101726532,Q17131,Culture.Biography.Biography*,144356.0,16579.25869558975,11.0,2189.0
3536,16.0,144356.0,本丟·彼拉多,0.4532718360424042,Q17131,History_and_Society.History,144356.0,16579.25869558975,11.0,2189.0
3537,16.0,144356.0,本丟·彼拉多,0.2227101624011993,Q17131,Culture.Philosophy_and_religion,144356.0,16579.25869558975,11.0,2189.0
3538,16.0,144356.0,本丟·彼拉多,0.1294127255678177,Q17131,Culture.Literature,144356.0,16579.25869558975,11.0,2189.0
3539,16.0,144356.0,本丟·彼拉多,0.0,Q17131,Geography.Regions.Europe.Europe*,144356.0,16579.25869558975,11.0,2189.0
3540,4.0,144470.0,183club,1.0000100135803225,Q698273,Culture.Biography.Biography*,144470.0,3398.4432644148364,4.0,7295.0
3541,4.0,144470.0,183club,0.99567848443985,Q698273,History_and_Society.Society,144470.0,3398.4432644148364,4.0,7295.0
3542,4.0,144470.0,183club,0.8031837940216064,Q698273,Culture.Media.Media*,144470.0,3398.4432644148364,4.0,7295.0
3543,4.0,144470.0,183club,0.7122421860694885,Q698273,Culture.Media.Music,144470.0,3398.4432644148364,4.0,7295.0
3544,4.0,144470.0,183club,0.4911941161155701,Q698273,Geography.Regions.Asia.East_Asia,144470.0,3398.4432644148364,4.0,7295.0
3545,4.0,144470.0,183club,0.4760326614379883,Q698273,Geography.Regions.Asia.Asia*,144470.0,3398.4432644148364,4.0,7295.0
3546,4.0,144470.0,183club,0.10088862478733064,Q698273,Culture.Media.Television,144470.0,3398.4432644148364,4.0,7295.0
3547,1.0,144509.0,人民英雄纪念碑,0.966924011707306,Q536955,Geography.Regions.Asia.Asia*,144509.0,0.0,2.0,1219.0
3548,1.0,144509.0,人民英雄纪念碑,0.9399233460426332,Q536955,Geography.Regions.Asia.East_Asia,144509.0,0.0,2.0,1219.0
3549,1.0,144509.0,人民英雄纪念碑,0.538993239402771,Q536955,Culture.Visual_arts.Visual_arts*,144509.0,0.0,2.0,1219.0
3550,1.0,144509.0,人民英雄纪念碑,0.23371636867523196,Q536955,Culture.Visual_arts.Architecture,144509.0,0.0,2.0,1219.0
3551,1.0,144509.0,人民英雄纪念碑,0.2069040536880493,Q536955,History_and_Society.Military_and_warfare,144509.0,0.0,2.0,1219.0
3552,3.0,144657.0,新加坡政府投资公司,0.6859594583511353,Q539627,History_and_Society.Business_and_economics,144657.0,0.0,3.0,2757.0
3553,3.0,144657.0,新加坡政府投资公司,0.4163126816749573,Q539627,Geography.Regions.Asia.Southeast_Asia,144657.0,0.0,3.0,2757.0
3554,3.0,144657.0,新加坡政府投资公司,0.3981314172744751,Q539627,Geography.Regions.Asia.Asia*,144657.0,0.0,3.0,2757.0
3555,3.0,144657.0,新加坡政府投资公司,0.1732981950044632,Q539627,STEM.STEM*,144657.0,0.0,3.0,2757.0
3556,3.0,144657.0,新加坡政府投资公司,0.14805719256401062,Q539627,Culture.Media.Media*,144657.0,0.0,3.0,2757.0
3557,3.0,144657.0,新加坡政府投资公司,0.1097157895565033,Q539627,History_and_Society.Education,144657.0,0.0,3.0,2757.0
3558,3.0,144657.0,新加坡政府投资公司,0.1097157895565033,Q539627,History_and_Society.Transportation,144657.0,0.0,3.0,2757.0
3559,3.0,144657.0,新加坡政府投资公司,0.10088862478733064,Q539627,History_and_Society.Politics_and_government,144657.0,0.0,3.0,2757.0
3560,3.0,144793.0,长州藩,0.4722507467269898,Q876267,Geography.Regions.Asia.East_Asia,144793.0,116.41785723645222,13.0,2188.0
3561,3.0,144793.0,长州藩,0.4471645226478577,Q876267,Geography.Regions.Asia.Asia*,144793.0,116.41785723645222,13.0,2188.0
3562,3.0,144793.0,长州藩,0.16886694729328156,Q876267,History_and_Society.Military_and_warfare,144793.0,116.41785723645222,13.0,2188.0
3563,7.0,145072.0,張佑天,1.0000100135803225,Q710457,Culture.Biography.Biography*,145072.0,8929.76247568435,4.0,29232.0
3564,7.0,145072.0,張佑天,0.3629792034626007,Q710457,Culture.Media.Media*,145072.0,8929.76247568435,4.0,29232.0
3565,7.0,145072.0,張佑天,0.2393593490123749,Q710457,Culture.Media.Music,145072.0,8929.76247568435,4.0,29232.0
3566,7.0,145072.0,張佑天,0.20182321965694427,Q710457,History_and_Society.Society,145072.0,8929.76247568435,4.0,29232.0
3567,7.0,145072.0,張佑天,0.0,Q710457,Geography.Regions.Asia.Asia*,145072.0,8929.76247568435,4.0,29232.0
3568,7.0,145072.0,張佑天,0.0,Q710457,Geography.Regions.Asia.East_Asia,145072.0,8929.76247568435,4.0,29232.0
3569,2.0,145077.0,黃玉榮,1.0000100135803225,Q698277,Culture.Biography.Biography*,145077.0,675.7009031754815,2.0,6653.0
3570,2.0,145077.0,黃玉榮,0.7371681928634644,Q698277,History_and_Society.Society,145077.0,675.7009031754815,2.0,6653.0
3571,2.0,145077.0,黃玉榮,0.4556442370414734,Q698277,Geography.Regions.Asia.East_Asia,145077.0,675.7009031754815,2.0,6653.0
3572,2.0,145077.0,黃玉榮,0.4456066956520081,Q698277,Geography.Regions.Asia.Asia*,145077.0,675.7009031754815,2.0,6653.0
3573,2.0,145077.0,黃玉榮,0.22816647589206696,Q698277,Culture.Media.Music,145077.0,675.7009031754815,2.0,6653.0
3574,2.0,145077.0,黃玉榮,0.2227101624011993,Q698277,Culture.Media.Media*,145077.0,675.7009031754815,2.0,6653.0
3575,8.0,145299.0,三岔口 (电影),0.9648651480674744,Q1376152,Culture.Media.Media*,145299.0,339.83034827136436,12.0,1235.0
3576,8.0,145299.0,三岔口 (电影),0.9416641592979432,Q1376152,Culture.Media.Films,145299.0,339.83034827136436,12.0,1235.0
3577,8.0,145299.0,三岔口 (电影),0.4831036200523377,Q1376152,Geography.Regions.Asia.East_Asia,145299.0,339.83034827136436,12.0,1235.0
3578,8.0,145299.0,三岔口 (电影),0.4501522054672241,Q1376152,Geography.Regions.Asia.Asia*,145299.0,339.83034827136436,12.0,1235.0
3579,1.0,145301.0,小林尊,0.9496793746948242,Q716816,Culture.Biography.Biography*,145301.0,0.0,13.0,6955.0
3580,1.0,145301.0,小林尊,0.3629792034626007,Q716816,Culture.Sports,145301.0,0.0,13.0,6955.0
3581,1.0,145301.0,小林尊,0.3073680400848389,Q716816,Culture.Visual_arts.Visual_arts*,145301.0,0.0,13.0,6955.0
3582,1.0,145301.0,小林尊,0.22388027811050412,Q716816,Geography.Regions.Asia.Asia*,145301.0,0.0,13.0,6955.0
3583,1.0,145301.0,小林尊,0.16442059183120727,Q716816,Geography.Regions.Asia.East_Asia,145301.0,0.0,13.0,6955.0
3584,1.0,145301.0,小林尊,0.14415885508060455,Q716816,Culture.Visual_arts.Comics_and_Anime,145301.0,0.0,13.0,6955.0
3585,1.0,145301.0,小林尊,0.11597072333097458,Q716816,Culture.Media.Media*,145301.0,0.0,13.0,6955.0
3586,2.0,145362.0,世界摩托车锦标赛,0.7981967926025391,Q850292,Culture.Sports,145362.0,3942.0,10.0,2974.0
3587,2.0,145362.0,世界摩托车锦标赛,0.0,Q850292,Geography.Regions.Europe.Europe*,145362.0,3942.0,10.0,2974.0
3588,2.0,145362.0,世界摩托车锦标赛,0.0,Q850292,Geography.Regions.Europe.Western_Europe,145362.0,3942.0,10.0,2974.0
3589,1.0,145493.0,傑基·羅賓森,0.9995657801628112,Q221048,Culture.Biography.Biography*,145493.0,0.0,4.0,1717.0
3590,1.0,145493.0,傑基·羅賓森,0.9871888160705566,Q221048,Culture.Sports,145493.0,0.0,4.0,1717.0
3591,1.0,145493.0,傑基·羅賓森,0.49,Q221048,Culture.Biography.Women,145493.0,0.0,4.0,1717.0
3592,1.0,145493.0,傑基·羅賓森,0.4294682612419128,Q221048,Geography.Regions.Americas.North_America,145493.0,0.0,4.0,1717.0
3593,1.0,145493.0,傑基·羅賓森,0.3629792034626007,Q221048,History_and_Society.Society,145493.0,0.0,4.0,1717.0
3594,1.0,145493.0,傑基·羅賓森,0.19194278120994568,Q221048,History_and_Society.Education,145493.0,0.0,4.0,1717.0
3595,17.0,145649.0,天劍二型飛彈,1.0000100135803225,Q707942,History_and_Society.Military_and_warfare,145649.0,3450.1916972708314,5.0,2671.0
3596,17.0,145649.0,天劍二型飛彈,0.3276783227920532,Q707942,History_and_Society.Society,145649.0,3450.1916972708314,5.0,2671.0
3597,17.0,145649.0,天劍二型飛彈,0.2568419873714447,Q707942,STEM.STEM*,145649.0,3450.1916972708314,5.0,2671.0
3598,17.0,145649.0,天劍二型飛彈,0.23371636867523196,Q707942,Culture.Biography.Biography*,145649.0,3450.1916972708314,5.0,2671.0
3599,17.0,145649.0,天劍二型飛彈,0.11280541121959685,Q707942,STEM.Engineering,145649.0,3450.1916972708314,5.0,2671.0
3600,17.0,145649.0,天劍二型飛彈,0.0,Q707942,Geography.Regions.Americas.South_America,145649.0,3450.1916972708314,5.0,2671.0
3601,2.0,145670.0,Kellyjackie,0.9802908897399902,Q3309194,Culture.Biography.Biography*,145670.0,2136.9410576341365,12.0,4182.0
3602,2.0,145670.0,Kellyjackie,0.3952613940238953,Q3309194,Geography.Regions.Asia.East_Asia,145670.0,2136.9410576341365,12.0,4182.0
3603,2.0,145670.0,Kellyjackie,0.37980710172653204,Q3309194,Geography.Regions.Asia.Asia*,145670.0,2136.9410576341365,12.0,4182.0
3604,2.0,145670.0,Kellyjackie,0.3702353835105896,Q3309194,Culture.Biography.Women,145670.0,2136.9410576341365,12.0,4182.0
3605,2.0,145670.0,Kellyjackie,0.2568419873714447,Q3309194,Culture.Media.Music,145670.0,2136.9410576341365,12.0,4182.0
3606,2.0,145670.0,Kellyjackie,0.11921291798353195,Q3309194,Culture.Media.Media*,145670.0,2136.9410576341365,12.0,4182.0
3607,6.0,145747.0,許美靜,0.9688661694526672,Q6794257,Culture.Biography.Biography*,145747.0,16330.987007639409,4.0,3206.0
3608,6.0,145747.0,許美靜,0.59267657995224,Q6794257,Culture.Media.Music,145747.0,16330.987007639409,4.0,3206.0
3609,6.0,145747.0,許美靜,0.33459946513175964,Q6794257,Culture.Media.Media*,145747.0,16330.987007639409,4.0,3206.0
3610,6.0,145747.0,許美靜,0.2816725244522095,Q6794257,Geography.Regions.Asia.Asia*,145747.0,16330.987007639409,4.0,3206.0
3611,6.0,145747.0,許美靜,0.16886694729328156,Q6794257,Culture.Biography.Women,145747.0,16330.987007639409,4.0,3206.0
3612,6.0,145747.0,許美靜,0.0,Q6794257,Geography.Regions.Asia.Southeast_Asia,145747.0,16330.987007639409,4.0,3206.0
3613,6.0,145747.0,許美靜,0.0,Q6794257,Geography.Regions.Asia.East_Asia,145747.0,16330.987007639409,4.0,3206.0
3614,7.0,146367.0,吳雨霏,0.9796776771545409,Q698494,Culture.Biography.Biography*,146367.0,1652.6126140175736,12.0,3004.0
3615,7.0,146367.0,吳雨霏,0.40734341740608215,Q698494,Culture.Biography.Women,146367.0,1652.6126140175736,12.0,3004.0
3616,7.0,146367.0,吳雨霏,0.29719679260253906,Q698494,Geography.Regions.Asia.Asia*,146367.0,1652.6126140175736,12.0,3004.0
3617,7.0,146367.0,吳雨霏,0.2763098945617676,Q698494,Geography.Regions.Asia.East_Asia,146367.0,1652.6126140175736,12.0,3004.0
3618,7.0,146367.0,吳雨霏,0.2120788097381592,Q698494,Culture.Media.Music,146367.0,1652.6126140175736,12.0,3004.0
3619,7.0,146367.0,吳雨霏,0.16886694729328156,Q698494,Culture.Media.Media*,146367.0,1652.6126140175736,12.0,3004.0
3620,16.0,146436.0,圓山大飯店,1.0000100135803225,Q712865,Culture.Biography.Biography*,146436.0,20494.35367918231,5.0,3200.0
3621,16.0,146436.0,圓山大飯店,0.9995371699333192,Q712865,Geography.Regions.Asia.East_Asia,146436.0,20494.35367918231,5.0,3200.0
3622,16.0,146436.0,圓山大飯店,0.9987257122993468,Q712865,History_and_Society.Society,146436.0,20494.35367918231,5.0,3200.0
3623,16.0,146436.0,圓山大飯店,0.9976868629455566,Q712865,Geography.Regions.Asia.Asia*,146436.0,20494.35367918231,5.0,3200.0
3624,16.0,146436.0,圓山大飯店,0.6370407938957214,Q712865,Culture.Visual_arts.Architecture,146436.0,20494.35367918231,5.0,3200.0
3625,16.0,146436.0,圓山大飯店,0.5621865391731262,Q712865,Culture.Visual_arts.Visual_arts*,146436.0,20494.35367918231,5.0,3200.0
3626,16.0,146436.0,圓山大飯店,0.3415925204753876,Q712865,History_and_Society.Business_and_economics,146436.0,20494.35367918231,5.0,3200.0
3627,16.0,146436.0,圓山大飯店,0.1520422399044037,Q712865,Culture.Media.Media*,146436.0,20494.35367918231,5.0,3200.0
3628,16.0,146436.0,圓山大飯店,0.1259327530860901,Q712865,STEM.STEM*,146436.0,20494.35367918231,5.0,3200.0
3629,16.0,146436.0,圓山大飯店,0.11280541121959685,Q712865,History_and_Society.Transportation,146436.0,20494.35367918231,5.0,3200.0
3630,5.0,146616.0,洛奇,0.9935217499732972,Q188652,Culture.Media.Films,146616.0,5848.489439253376,6.0,2652.0
3631,5.0,146616.0,洛奇,0.9796776771545409,Q188652,Culture.Media.Media*,146616.0,5848.489439253376,6.0,2652.0
3632,5.0,146616.0,洛奇,0.2596606483459473,Q188652,Geography.Regions.Americas.North_America,146616.0,5848.489439253376,6.0,2652.0
3633,5.0,146616.0,洛奇,0.21734751760959625,Q188652,Culture.Sports,146616.0,5848.489439253376,6.0,2652.0
3634,5.0,146616.0,洛奇,0.10088862478733064,Q188652,Culture.Media.Entertainment,146616.0,5848.489439253376,6.0,2652.0
3635,11.0,146728.0,卓韻芝,0.9969346523284912,Q5094228,Culture.Biography.Biography*,146728.0,14033.731810268899,12.0,2480.0
3636,11.0,146728.0,卓韻芝,0.6076731681823729,Q5094228,Culture.Biography.Women,146728.0,14033.731810268899,12.0,2480.0
3637,11.0,146728.0,卓韻芝,0.38492217659950256,Q5094228,Culture.Media.Media*,146728.0,14033.731810268899,12.0,2480.0
3638,11.0,146728.0,卓韻芝,0.3548611869812012,Q5094228,Geography.Regions.Asia.East_Asia,146728.0,14033.731810268899,12.0,2480.0
3639,11.0,146728.0,卓韻芝,0.30218379402160644,Q5094228,Geography.Regions.Asia.Asia*,146728.0,14033.731810268899,12.0,2480.0
3640,14.0,147156.0,梁榮忠,0.9886782765388488,Q9297836,Culture.Biography.Biography*,147156.0,28042.11368786032,12.0,2206.0
3641,14.0,147156.0,梁榮忠,0.3257217874526977,Q9297836,Geography.Regions.Asia.East_Asia,147156.0,28042.11368786032,12.0,2206.0
3642,14.0,147156.0,梁榮忠,0.24217800998687744,Q9297836,Geography.Regions.Asia.Asia*,147156.0,28042.11368786032,12.0,2206.0
3643,14.0,147156.0,梁榮忠,0.14805719256401062,Q9297836,Culture.Media.Media*,147156.0,28042.11368786032,12.0,2206.0
3644,2.0,147306.0,美国往事,0.9855064153671264,Q206388,Culture.Media.Films,147306.0,1064.707642764781,6.0,2969.0
3645,2.0,147306.0,美国往事,0.9841036200523376,Q206388,Culture.Media.Media*,147306.0,1064.707642764781,6.0,2969.0
3646,2.0,147306.0,美国往事,0.0,Q206388,Geography.Regions.Americas.North_America,147306.0,1064.707642764781,6.0,2969.0
3647,2.0,147306.0,美国往事,0.0,Q206388,Geography.Regions.Europe.Europe*,147306.0,1064.707642764781,6.0,2969.0
3648,2.0,147306.0,美国往事,0.0,Q206388,Geography.Regions.Europe.Southern_Europe,147306.0,1064.707642764781,6.0,2969.0
3649,6.0,147358.0,绥芬河市,1.0000100135803225,Q1024736,Geography.Regions.Asia.East_Asia,147358.0,9487.311700961147,13.0,7633.0
3650,6.0,147358.0,绥芬河市,1.0000100135803225,Q1024736,Geography.Regions.Asia.Asia*,147358.0,9487.311700961147,13.0,7633.0
3651,4.0,147604.0,林昭,0.9820237755775452,Q838069,Culture.Biography.Biography*,147604.0,5000.971571391938,2.0,2234.0
3652,4.0,147604.0,林昭,0.4688006341457367,Q838069,Culture.Biography.Women,147604.0,5000.971571391938,2.0,2234.0
3653,4.0,147604.0,林昭,0.4456066956520081,Q838069,Geography.Regions.Asia.East_Asia,147604.0,5000.971571391938,2.0,2234.0
3654,4.0,147604.0,林昭,0.3981314172744751,Q838069,Geography.Regions.Asia.Asia*,147604.0,5000.971571391938,2.0,2234.0
3655,4.0,147604.0,林昭,0.11280541121959685,Q838069,History_and_Society.History,147604.0,5000.971571391938,2.0,2234.0
3656,4.0,147604.0,林昭,0.10088862478733064,Q838069,Culture.Literature,147604.0,5000.971571391938,2.0,2234.0
3657,3.0,147727.0,刺馬案,0.6584275364875793,Q7256073,History_and_Society.Politics_and_government,147727.0,3145.404039331312,4.0,3801.0
3658,3.0,147727.0,刺馬案,0.4820951094627381,Q7256073,Geography.Regions.Asia.Asia*,147727.0,3145.404039331312,4.0,3801.0
3659,3.0,147727.0,刺馬案,0.3469777574539185,Q7256073,Geography.Regions.Asia.East_Asia,147727.0,3145.404039331312,4.0,3801.0
3660,3.0,147727.0,刺馬案,0.2120788097381592,Q7256073,History_and_Society.Society,147727.0,3145.404039331312,4.0,3801.0
3661,3.0,147727.0,刺馬案,0.10375863313674928,Q7256073,Culture.Biography.Biography*,147727.0,3145.404039331312,4.0,3801.0
3662,1.0,148129.0,奠基者效应,0.9659096002578736,Q504568,STEM.STEM*,148129.0,0.0,11.0,3275.0
3663,1.0,148129.0,奠基者效应,0.8221991658210754,Q504568,STEM.Biology,148129.0,0.0,11.0,3275.0
3664,1.0,148129.0,奠基者效应,0.3702353835105896,Q504568,STEM.Medicine_&_Health,148129.0,0.0,11.0,3275.0
3665,3.0,148455.0,威廉-亞歷山大 (荷蘭),0.993317186832428,Q154952,Culture.Biography.Biography*,148455.0,0.0,1.0,1926.0
3666,3.0,148455.0,威廉-亞歷山大 (荷蘭),0.3952613940238953,Q154952,Geography.Regions.Europe.Europe*,148455.0,0.0,1.0,1926.0
3667,3.0,148455.0,威廉-亞歷山大 (荷蘭),0.3276783227920532,Q154952,History_and_Society.Military_and_warfare,148455.0,0.0,1.0,1926.0
3668,3.0,148455.0,威廉-亞歷山大 (荷蘭),0.30218379402160644,Q154952,Geography.Regions.Europe.Western_Europe,148455.0,0.0,1.0,1926.0
3669,3.0,148455.0,威廉-亞歷山大 (荷蘭),0.11280541121959685,Q154952,History_and_Society.Politics_and_government,148455.0,0.0,1.0,1926.0
3670,3.0,148455.0,威廉-亞歷山大 (荷蘭),0.1067005917429924,Q154952,Culture.Biography.Women,148455.0,0.0,1.0,1926.0
3671,3.0,148527.0,實尾島事件,0.880807101726532,Q493553,History_and_Society.Military_and_warfare,148527.0,0.0,1.0,9783.0
3672,3.0,148527.0,實尾島事件,0.0,Q493553,Geography.Regions.Asia.Asia*,148527.0,0.0,1.0,9783.0
3673,3.0,148527.0,實尾島事件,0.0,Q493553,Geography.Regions.Europe.Europe*,148527.0,0.0,1.0,9783.0
3674,2.0,148645.0,夏景宗,0.9883227348327636,Q7438,Culture.Biography.Biography*,148645.0,0.0,15.0,1156.0
3675,2.0,148645.0,夏景宗,0.4886818399429321,Q7438,Geography.Regions.Asia.East_Asia,148645.0,0.0,15.0,1156.0
3676,2.0,148645.0,夏景宗,0.4845064153671265,Q7438,Geography.Regions.Asia.Asia*,148645.0,0.0,15.0,1156.0
3677,2.0,148645.0,夏景宗,0.19194278120994568,Q7438,Culture.Philosophy_and_religion,148645.0,0.0,15.0,1156.0
3678,1.0,148848.0,層壓式推銷,0.839743971824646,Q214242,History_and_Society.Business_and_economics,148848.0,0.0,3.0,4843.0
3679,1.0,148848.0,層壓式推銷,0.3923468291759491,Q214242,STEM.STEM*,148848.0,0.0,3.0,4843.0
3680,1.0,148849.0,因纽特人,0.3629792034626007,Q189975,History_and_Society.Society,148849.0,0.0,10.0,2804.0
3681,1.0,148849.0,因纽特人,0.320831298828125,Q189975,Culture.Biography.Biography*,148849.0,0.0,10.0,2804.0
3682,1.0,148849.0,因纽特人,0.13297423720359802,Q189975,History_and_Society.History,148849.0,0.0,10.0,2804.0
3683,1.0,148849.0,因纽特人,0.0,Q189975,Geography.Regions.Americas.North_America,148849.0,0.0,10.0,2804.0
3684,4.0,149281.0,斑馬,0.8519628047943115,Q32789,STEM.Biology,149281.0,8655.284565543827,10.0,2564.0
3685,4.0,149281.0,斑馬,0.8519628047943115,Q32789,STEM.STEM*,149281.0,8655.284565543827,10.0,2564.0
3686,4.0,149281.0,斑馬,0.4455395638942719,Q32789,Culture.Food_and_drink,149281.0,8655.284565543827,10.0,2564.0
3687,4.0,149281.0,斑馬,0.2069040536880493,Q32789,STEM.Earth_and_environment,149281.0,8655.284565543827,10.0,2564.0
3688,4.0,149281.0,斑馬,0.16452647745609286,Q32789,History_and_Society.Society,149281.0,8655.284565543827,10.0,2564.0
3689,2.0,149682.0,許歷農,1.0000100135803225,Q8272616,Culture.Biography.Biography*,149682.0,586.6773917757691,1.0,2659.0
3690,2.0,149682.0,許歷農,0.9863731861114502,Q8272616,History_and_Society.Society,149682.0,586.6773917757691,1.0,2659.0
3691,2.0,149682.0,許歷農,0.4983836879730225,Q8272616,Geography.Regions.Asia.East_Asia,149682.0,586.6773917757691,1.0,2659.0
3692,2.0,149682.0,許歷農,0.4968272914886474,Q8272616,Geography.Regions.Asia.Asia*,149682.0,586.6773917757691,1.0,2659.0
3693,2.0,149682.0,許歷農,0.1520422399044037,Q8272616,History_and_Society.Military_and_warfare,149682.0,586.6773917757691,1.0,2659.0
3694,5.0,150272.0,修正主义 (马克思主义),0.91965252161026,Q2083688,History_and_Society.Politics_and_government,150272.0,1184.936731341445,0.0,3386.0
3695,5.0,150272.0,修正主义 (马克思主义),0.2942249774932861,Q2083688,History_and_Society.Society,150272.0,1184.936731341445,0.0,3386.0
3696,5.0,150272.0,修正主义 (马克思主义),0.2509227991104126,Q2083688,Culture.Philosophy_and_religion,150272.0,1184.936731341445,0.0,3386.0
3697,5.0,150272.0,修正主义 (马克思主义),0.0,Q2083688,Geography.Regions.Asia.Asia*,150272.0,1184.936731341445,0.0,3386.0
3698,5.0,150479.0,香港電話號碼分類,0.4970222582817078,Q4454156,Geography.Regions.Asia.East_Asia,150479.0,7530.382999679467,3.0,2898.0
3699,5.0,150479.0,香港電話號碼分類,0.4581643214225769,Q4454156,Geography.Regions.Asia.Asia*,150479.0,7530.382999679467,3.0,2898.0
3700,5.0,150479.0,香港電話號碼分類,0.16886694729328156,Q4454156,History_and_Society.Politics_and_government,150479.0,7530.382999679467,3.0,2898.0
3701,5.0,150479.0,香港電話號碼分類,0.13661839067935946,Q4454156,STEM.STEM*,150479.0,7530.382999679467,3.0,2898.0
3702,5.0,150479.0,香港電話號碼分類,0.10375863313674928,Q4454156,Culture.Media.Media*,150479.0,7530.382999679467,3.0,2898.0
3703,1.0,150546.0,少数派报告 (电影),0.9958112239837646,Q244604,Culture.Media.Media*,150546.0,0.0,6.0,9290.0
3704,1.0,150546.0,少数派报告 (电影),0.9954004287719728,Q244604,Culture.Media.Films,150546.0,0.0,6.0,9290.0
3705,1.0,150546.0,少数派报告 (电影),0.5000100135803223,Q244604,Culture.Media.Entertainment,150546.0,0.0,6.0,9290.0
3706,1.0,150546.0,少数派报告 (电影),0.1968362182378769,Q244604,Culture.Literature,150546.0,0.0,6.0,9290.0
3707,1.0,150546.0,少数派报告 (电影),0.1294127255678177,Q244604,Culture.Visual_arts.Comics_and_Anime,150546.0,0.0,6.0,9290.0
3708,1.0,150546.0,少数派报告 (电影),0.10088862478733064,Q244604,Culture.Visual_arts.Visual_arts*,150546.0,0.0,6.0,9290.0
3709,1.0,150546.0,少数派报告 (电影),0.0,Q244604,Geography.Regions.Americas.North_America,150546.0,0.0,6.0,9290.0
3710,1.0,150546.0,少数派报告 (电影),0.0,Q244604,Geography.Regions.Asia.Asia*,150546.0,0.0,6.0,9290.0
3711,17.0,151099.0,湯家驊,0.9539760947227478,Q7930020,Culture.Biography.Biography*,151099.0,3026.0262471828223,3.0,3575.0
3712,17.0,151099.0,湯家驊,0.4901626577377319,Q7930020,Geography.Regions.Asia.East_Asia,151099.0,3026.0262471828223,3.0,3575.0
3713,17.0,151099.0,湯家驊,0.4616831412315369,Q7930020,Geography.Regions.Asia.Asia*,151099.0,3026.0262471828223,3.0,3575.0
3714,3.0,151162.0,帖木儿帝国,0.9481645226478576,Q484195,Geography.Regions.Asia.Asia*,151162.0,625.1330574335086,13.0,2229.0
3715,3.0,151162.0,帖木儿帝国,0.7931159734725952,Q484195,History_and_Society.History,151162.0,625.1330574335086,13.0,2229.0
3716,3.0,151162.0,帖木儿帝国,0.6150978803634644,Q484195,Geography.Regions.Asia.West_Asia,151162.0,625.1330574335086,13.0,2229.0
3717,3.0,151162.0,帖木儿帝国,0.287777841091156,Q484195,Geography.Regions.Asia.South_Asia,151162.0,625.1330574335086,13.0,2229.0
3718,3.0,151162.0,帖木儿帝国,0.2069040536880493,Q484195,Geography.Regions.Asia.Central_Asia,151162.0,625.1330574335086,13.0,2229.0
3719,3.0,151162.0,帖木儿帝国,0.13297423720359802,Q484195,History_and_Society.Society,151162.0,625.1330574335086,13.0,2229.0
3720,19.0,151673.0,英國上議院,0.7371681928634644,Q11007,History_and_Society.Politics_and_government,151673.0,16829.059607337345,1.0,2538.0
3721,19.0,151673.0,英國上議院,0.23616819286346435,Q11007,Geography.Regions.Europe.Europe*,151673.0,16829.059607337345,1.0,2538.0
3722,19.0,151673.0,英國上議院,0.10375863313674928,Q11007,History_and_Society.Business_and_economics,151673.0,16829.059607337345,1.0,2538.0
3723,19.0,151673.0,英國上議院,0.0,Q11007,Geography.Regions.Europe.Northern_Europe,151673.0,16829.059607337345,1.0,2538.0
3724,19.0,151673.0,英國上議院,0.0,Q11007,Geography.Geographical,151673.0,16829.059607337345,1.0,2538.0
3725,2.0,151968.0,革命實踐研究院,0.9381340146064758,Q10926819,Culture.Biography.Biography*,151968.0,2031.9103234354327,5.0,1645.0
3726,2.0,151968.0,革命實踐研究院,0.9219318628311156,Q10926819,History_and_Society.Society,151968.0,2031.9103234354327,5.0,1645.0
3727,2.0,151968.0,革命實踐研究院,0.9073222279548644,Q10926819,History_and_Society.Education,151968.0,2031.9103234354327,5.0,1645.0
3728,2.0,151968.0,革命實踐研究院,0.4845064153671265,Q10926819,Geography.Regions.Asia.Asia*,151968.0,2031.9103234354327,5.0,1645.0
3729,2.0,151968.0,革命實踐研究院,0.43892334604263306,Q10926819,Geography.Regions.Asia.East_Asia,151968.0,2031.9103234354327,5.0,1645.0
3730,3.0,152149.0,方念華,1.0000100135803225,Q8954063,Culture.Biography.Biography*,152149.0,182.02367280797841,2.0,3173.0
3731,3.0,152149.0,方念華,0.9496793746948242,Q8954063,History_and_Society.Society,152149.0,182.02367280797841,2.0,3173.0
3732,3.0,152149.0,方念華,0.5312193632125854,Q8954063,Culture.Media.Media*,152149.0,182.02367280797841,2.0,3173.0
3733,3.0,152149.0,方念華,0.4515841474533081,Q8954063,Geography.Regions.Asia.East_Asia,152149.0,182.02367280797841,2.0,3173.0
3734,3.0,152149.0,方念華,0.41490885615348816,Q8954063,Culture.Biography.Women,152149.0,182.02367280797841,2.0,3173.0
3735,3.0,152149.0,方念華,0.4063222279548645,Q8954063,Geography.Regions.Asia.Asia*,152149.0,182.02367280797841,2.0,3173.0
3736,4.0,152317.0,猪湾事件,0.9659096002578736,Q191721,History_and_Society.Military_and_warfare,152317.0,1950.1366618248426,1.0,1786.0
3737,4.0,152317.0,猪湾事件,0.4301573634147644,Q191721,Geography.Regions.Europe.Europe*,152317.0,1950.1366618248426,1.0,1786.0
3738,4.0,152317.0,猪湾事件,0.40734341740608215,Q191721,Geography.Regions.Asia.Asia*,152317.0,1950.1366618248426,1.0,1786.0
3739,4.0,152317.0,猪湾事件,0.38492217659950256,Q191721,Geography.Regions.Americas.North_America,152317.0,1950.1366618248426,1.0,1786.0
3740,4.0,152317.0,猪湾事件,0.3775506913661957,Q191721,History_and_Society.Politics_and_government,152317.0,1950.1366618248426,1.0,1786.0
3741,4.0,152317.0,猪湾事件,0.3276783227920532,Q191721,Geography.Regions.Asia.North_Asia,152317.0,1950.1366618248426,1.0,1786.0
3742,4.0,152317.0,猪湾事件,0.2814156115055084,Q191721,Geography.Regions.Europe.Eastern_Europe,152317.0,1950.1366618248426,1.0,1786.0
3743,4.0,152317.0,猪湾事件,0.19194278120994568,Q191721,Geography.Regions.Europe.Western_Europe,152317.0,1950.1366618248426,1.0,1786.0
3744,4.0,152317.0,猪湾事件,0.13661839067935946,Q191721,Geography.Regions.Americas.Central_America,152317.0,1950.1366618248426,1.0,1786.0
3745,4.0,152317.0,猪湾事件,0.10375863313674928,Q191721,STEM.STEM*,152317.0,1950.1366618248426,1.0,1786.0
3746,6.0,152550.0,日日春關懷互助協會,0.3140605390071869,Q15903967,History_and_Society.Business_and_economics,152550.0,11259.702111435416,2.0,932.0
3747,6.0,152550.0,日日春關懷互助協會,0.20182321965694427,Q15903967,History_and_Society.Education,152550.0,11259.702111435416,2.0,932.0
3748,6.0,152550.0,日日春關懷互助協會,0.19194278120994568,Q15903967,STEM.STEM*,152550.0,11259.702111435416,2.0,932.0
3749,6.0,152550.0,日日春關懷互助協會,0.0,Q15903967,Geography.Regions.Americas.North_America,152550.0,11259.702111435416,2.0,932.0
3750,6.0,152550.0,日日春關懷互助協會,0.0,Q15903967,Geography.Regions.Asia.Asia*,152550.0,11259.702111435416,2.0,932.0
3751,6.0,152550.0,日日春關懷互助協會,0.0,Q15903967,Geography.Regions.Asia.South_Asia,152550.0,11259.702111435416,2.0,932.0
3752,4.0,152626.0,郭葦昀,1.0000100135803225,Q9000415,Culture.Biography.Biography*,152626.0,2001.947256359453,4.0,2786.0
3753,4.0,152626.0,郭葦昀,0.9958112239837646,Q9000415,History_and_Society.Society,152626.0,2001.947256359453,4.0,2786.0
3754,4.0,152626.0,郭葦昀,0.492317186832428,Q9000415,Geography.Regions.Asia.East_Asia,152626.0,2001.947256359453,4.0,2786.0
3755,4.0,152626.0,郭葦昀,0.4876782765388489,Q9000415,Geography.Regions.Asia.Asia*,152626.0,2001.947256359453,4.0,2786.0
3756,1.0,152825.0,脑神经,0.998876452445984,Q180454,STEM.STEM*,152825.0,0.0,2.0,2923.0
3757,1.0,152825.0,脑神经,0.989681839942932,Q180454,STEM.Medicine_&_Health,152825.0,0.0,2.0,2923.0
3758,1.0,152825.0,脑神经,0.7371681928634644,Q180454,STEM.Biology,152825.0,0.0,2.0,2923.0
3759,2.0,152871.0,非常人贩,0.997894287109375,Q819972,Culture.Media.Films,152871.0,8.69123859438233,6.0,2050.0
3760,2.0,152871.0,非常人贩,0.997758150100708,Q819972,Culture.Media.Media*,152871.0,8.69123859438233,6.0,2050.0
3761,2.0,152871.0,非常人贩,0.053480433464050285,Q819972,Geography.Regions.Europe.Western_Europe,152871.0,8.69123859438233,6.0,2050.0
3762,2.0,152871.0,非常人贩,0.0,Q819972,Geography.Regions.Europe.Europe*,152871.0,8.69123859438233,6.0,2050.0
3763,1.0,153620.0,阿吉仔,1.0000100135803225,Q8920126,Culture.Biography.Biography*,153620.0,0.0,4.0,1969.0
3764,1.0,153620.0,阿吉仔,0.9972090721130372,Q8920126,History_and_Society.Society,153620.0,0.0,4.0,1969.0
3765,1.0,153620.0,阿吉仔,0.4946784844398498,Q8920126,Geography.Regions.Asia.East_Asia,153620.0,0.0,4.0,1969.0
3766,1.0,153620.0,阿吉仔,0.4921061863899231,Q8920126,Geography.Regions.Asia.Asia*,153620.0,0.0,4.0,1969.0
3767,1.0,153620.0,阿吉仔,0.3415925204753876,Q8920126,Culture.Media.Media*,153620.0,0.0,4.0,1969.0
3768,1.0,153620.0,阿吉仔,0.320831298828125,Q8920126,Culture.Media.Music,153620.0,0.0,4.0,1969.0
3769,4.0,154240.0,國光客運,1.0000100135803225,Q10926761,Culture.Biography.Biography*,154240.0,4724.133489578862,3.0,3173.0
3770,4.0,154240.0,國光客運,1.0000100135803225,Q10926761,History_and_Society.Society,154240.0,4724.133489578862,3.0,3173.0
3771,4.0,154240.0,國光客運,0.9553291201591492,Q10926761,History_and_Society.Business_and_economics,154240.0,4724.133489578862,3.0,3173.0
3772,4.0,154240.0,國光客運,0.4990100135803223,Q10926761,Geography.Regions.Asia.East_Asia,154240.0,4724.133489578862,3.0,3173.0
3773,4.0,154240.0,國光客運,0.4986417164802551,Q10926761,Geography.Regions.Asia.Asia*,154240.0,4724.133489578862,3.0,3173.0
3774,4.0,154240.0,國光客運,0.26285186409950256,Q10926761,STEM.STEM*,154240.0,4724.133489578862,3.0,3173.0
3775,4.0,154240.0,國光客運,0.23371636867523196,Q10926761,History_and_Society.Transportation,154240.0,4724.133489578862,3.0,3173.0
3776,4.0,154240.0,國光客運,0.12253321707248688,Q10926761,Culture.Media.Radio,154240.0,4724.133489578862,3.0,3173.0
3777,4.0,154240.0,國光客運,0.10088862478733064,Q10926761,STEM.Technology,154240.0,4724.133489578862,3.0,3173.0
3778,8.0,154930.0,埼玉縣,0.9783946871757508,Q128186,Geography.Regions.Asia.East_Asia,154930.0,6968.92491551018,13.0,2722.0
3779,8.0,154930.0,埼玉縣,0.951152205467224,Q128186,Geography.Regions.Asia.Asia*,154930.0,6968.92491551018,13.0,2722.0
3780,8.0,154930.0,埼玉縣,0.3923468291759491,Q128186,Geography.Geographical,154930.0,6968.92491551018,13.0,2722.0
3781,10.0,155718.0,大齋期,0.6723417043685913,Q82866,Culture.Philosophy_and_religion,155718.0,54.60051182035776,11.0,3488.0
3782,10.0,155718.0,大齋期,0.1067005917429924,Q82866,STEM.STEM*,155718.0,54.60051182035776,11.0,3488.0
3783,5.0,156100.0,50 Cent,0.9993221759796144,Q6060,Culture.Biography.Biography*,156100.0,11844.440680089472,6.0,1662.0
3784,5.0,156100.0,50 Cent,0.8558611869812012,Q6060,Culture.Media.Media*,156100.0,11844.440680089472,6.0,1662.0
3785,5.0,156100.0,50 Cent,0.40734341740608215,Q6060,Culture.Media.Music,156100.0,11844.440680089472,6.0,1662.0
3786,5.0,156100.0,50 Cent,0.14805719256401062,Q6060,Culture.Biography.Women,156100.0,11844.440680089472,6.0,1662.0
3787,5.0,156100.0,50 Cent,0.11280541121959685,Q6060,History_and_Society.Society,156100.0,11844.440680089472,6.0,1662.0
3788,5.0,156100.0,50 Cent,0.0,Q6060,Geography.Regions.Americas.North_America,156100.0,11844.440680089472,6.0,1662.0
3789,5.0,156547.0,野茂英雄,0.9984121918678284,Q486690,Culture.Biography.Biography*,156547.0,1011.4360688590614,13.0,4793.0
3790,5.0,156547.0,野茂英雄,0.9983093142509459,Q486690,Culture.Sports,156547.0,1011.4360688590614,13.0,4793.0
3791,5.0,156547.0,野茂英雄,0.0,Q486690,Geography.Regions.Asia.Asia*,156547.0,1011.4360688590614,13.0,4793.0
3792,5.0,156547.0,野茂英雄,0.0,Q486690,Geography.Regions.Asia.East_Asia,156547.0,1011.4360688590614,13.0,4793.0
3793,1.0,157139.0,自由基,0.9073222279548644,Q185056,STEM.STEM*,157139.0,0.0,2.0,3058.0
3794,1.0,157139.0,自由基,0.24509501457214355,Q185056,STEM.Chemistry,157139.0,0.0,2.0,3058.0
3795,1.0,157915.0,乙酰胆碱,0.990301549434662,Q180623,STEM.STEM*,157915.0,0.0,10.0,2714.0
3796,1.0,157915.0,乙酰胆碱,0.8872146010398865,Q180623,STEM.Medicine_&_Health,157915.0,0.0,10.0,2714.0
3797,1.0,157915.0,乙酰胆碱,0.3140605390071869,Q180623,STEM.Chemistry,157915.0,0.0,10.0,2714.0
3798,1.0,157915.0,乙酰胆碱,0.16027602553367615,Q180623,STEM.Biology,157915.0,0.0,10.0,2714.0
3799,11.0,158263.0,北港島綫,0.9626831412315368,Q10903683,History_and_Society.Transportation,158263.0,131.43749306173257,10.0,1559.0
3800,11.0,158263.0,北港島綫,0.40366052293777466,Q10903683,Geography.Regions.Asia.Asia*,158263.0,131.43749306173257,10.0,1559.0
3801,11.0,158263.0,北港島綫,0.3893042674064636,Q10903683,Geography.Regions.Asia.East_Asia,158263.0,131.43749306173257,10.0,1559.0
3802,9.0,158347.0,白冰冰,1.0000100135803225,Q718152,Culture.Biography.Biography*,158347.0,22656.30683129251,4.0,24447.0
3803,9.0,158347.0,白冰冰,0.6654205918312073,Q718152,Culture.Biography.Women,158347.0,22656.30683129251,4.0,24447.0
3804,9.0,158347.0,白冰冰,0.6001983880996704,Q718152,History_and_Society.Society,158347.0,22656.30683129251,4.0,24447.0
3805,9.0,158347.0,白冰冰,0.3981314172744751,Q718152,Geography.Regions.Asia.East_Asia,158347.0,22656.30683129251,4.0,24447.0
3806,9.0,158347.0,白冰冰,0.37980710172653204,Q718152,Geography.Regions.Asia.Asia*,158347.0,22656.30683129251,4.0,24447.0
3807,9.0,158347.0,白冰冰,0.3415925204753876,Q718152,Culture.Media.Media*,158347.0,22656.30683129251,4.0,24447.0
3808,9.0,158347.0,白冰冰,0.15611489117145538,Q718152,Culture.Media.Music,158347.0,22656.30683129251,4.0,24447.0
3809,9.0,158347.0,白冰冰,0.10088862478733064,Q718152,Culture.Media.Television,158347.0,22656.30683129251,4.0,24447.0
3810,7.0,158367.0,沈春華,0.992888569831848,Q9031965,Culture.Biography.Biography*,158367.0,18676.59588713035,2.0,3137.0
3811,7.0,158367.0,沈春華,0.3165845146179199,Q9031965,Geography.Regions.Asia.Asia*,158367.0,18676.59588713035,2.0,3137.0
3812,7.0,158367.0,沈春華,0.3140605390071869,Q9031965,Culture.Literature,158367.0,18676.59588713035,2.0,3137.0
3813,7.0,158367.0,沈春華,0.3007555902004242,Q9031965,History_and_Society.Society,158367.0,18676.59588713035,2.0,3137.0
3814,7.0,158367.0,沈春華,0.19826446676254272,Q9031965,Geography.Regions.Asia.East_Asia,158367.0,18676.59588713035,2.0,3137.0
3815,7.0,158367.0,沈春華,0.1824355274438858,Q9031965,Culture.Biography.Women,158367.0,18676.59588713035,2.0,3137.0
3816,7.0,158367.0,沈春華,0.1097157895565033,Q9031965,Culture.Media.Media*,158367.0,18676.59588713035,2.0,3137.0
3817,11.0,159248.0,盧海鵬,0.992888569831848,Q838375,Culture.Biography.Biography*,159248.0,9398.72558476008,12.0,1861.0
3818,11.0,159248.0,盧海鵬,0.3070772161483765,Q838375,Geography.Regions.Asia.East_Asia,159248.0,9398.72558476008,12.0,1861.0
3819,11.0,159248.0,盧海鵬,0.30218379402160644,Q838375,Geography.Regions.Asia.Asia*,159248.0,9398.72558476008,12.0,1861.0
3820,11.0,159248.0,盧海鵬,0.16027602553367615,Q838375,Culture.Media.Media*,159248.0,9398.72558476008,12.0,1861.0
3821,3.0,159521.0,月牙泉,0.7826725244522095,Q1428520,Geography.Regions.Asia.East_Asia,159521.0,326.8603059504394,11.0,1181.0
3822,3.0,159521.0,月牙泉,0.7310686111450195,Q1428520,Geography.Regions.Asia.Asia*,159521.0,326.8603059504394,11.0,1181.0
3823,3.0,159521.0,月牙泉,0.4765896201133728,Q1428520,Geography.Geographical,159521.0,326.8603059504394,11.0,1181.0
3824,9.0,159670.0,不列颠东印度公司,0.5156299471855164,Q83164,History_and_Society.Business_and_economics,159670.0,37134.628365447796,1.0,2875.0
3825,9.0,159670.0,不列颠东印度公司,0.1259327530860901,Q83164,History_and_Society.Politics_and_government,159670.0,37134.628365447796,1.0,2875.0
3826,9.0,159670.0,不列颠东印度公司,0.1097157895565033,Q83164,STEM.STEM*,159670.0,37134.628365447796,1.0,2875.0
3827,9.0,159670.0,不列颠东印度公司,0.1067005917429924,Q83164,History_and_Society.History,159670.0,37134.628365447796,1.0,2875.0
3828,9.0,159670.0,不列颠东印度公司,0.06886266374588013,Q83164,Geography.Regions.Europe.Europe*,159670.0,37134.628365447796,1.0,2875.0
3829,9.0,159670.0,不列颠东印度公司,0.0,Q83164,Geography.Regions.Europe.Western_Europe,159670.0,37134.628365447796,1.0,2875.0
3830,9.0,159670.0,不列颠东印度公司,0.0,Q83164,Geography.Regions.Asia.Asia*,159670.0,37134.628365447796,1.0,2875.0
3831,9.0,159670.0,不列颠东印度公司,0.0,Q83164,Geography.Regions.Europe.Northern_Europe,159670.0,37134.628365447796,1.0,2875.0
3832,5.0,159932.0,孟学农,0.9496793746948242,Q1138806,Culture.Biography.Biography*,159932.0,2363.268106463378,1.0,2963.0
3833,5.0,159932.0,孟学农,0.2816725244522095,Q1138806,Geography.Regions.Asia.East_Asia,159932.0,2363.268106463378,1.0,2963.0
3834,5.0,159932.0,孟学农,0.2568419873714447,Q1138806,History_and_Society.Politics_and_government,159932.0,2363.268106463378,1.0,2963.0
3835,5.0,159932.0,孟学农,0.14323513412475586,Q1138806,Geography.Regions.Asia.Asia*,159932.0,2363.268106463378,1.0,2963.0
3836,15.0,160281.0,漢字文化圈,0.4089169969558716,Q716566,Geography.Regions.Asia.Asia*,160281.0,156745.69286319186,11.0,2767.0
3837,15.0,160281.0,漢字文化圈,0.3301530351638794,Q716566,Geography.Regions.Asia.East_Asia,160281.0,156745.69286319186,11.0,2767.0
3838,15.0,160281.0,漢字文化圈,0.320831298828125,Q716566,History_and_Society.Society,160281.0,156745.69286319186,11.0,2767.0
3839,15.0,160281.0,漢字文化圈,0.0,Q716566,Geography.Regions.Americas.North_America,160281.0,156745.69286319186,11.0,2767.0
3840,15.0,160281.0,漢字文化圈,0.0,Q716566,Geography.Regions.Europe.Europe*,160281.0,156745.69286319186,11.0,2767.0
3841,15.0,160281.0,漢字文化圈,0.0,Q716566,Geography.Regions.Asia.Central_Asia,160281.0,156745.69286319186,11.0,2767.0
3842,15.0,160281.0,漢字文化圈,0.0,Q716566,Geography.Regions.Asia.South_Asia,160281.0,156745.69286319186,11.0,2767.0
3843,15.0,160281.0,漢字文化圈,0.0,Q716566,Geography.Regions.Europe.Northern_Europe,160281.0,156745.69286319186,11.0,2767.0
3844,4.0,160288.0,李美鳳,1.0000100135803225,Q9208994,Culture.Biography.Biography*,160288.0,2943.0297464379078,12.0,2347.0
3845,4.0,160288.0,李美鳳,0.6001983880996704,Q9208994,Culture.Biography.Women,160288.0,2943.0297464379078,12.0,2347.0
3846,4.0,160288.0,李美鳳,0.2393593490123749,Q9208994,History_and_Society.Society,160288.0,2943.0297464379078,12.0,2347.0
3847,4.0,160288.0,李美鳳,0.16442059183120727,Q9208994,Geography.Regions.Asia.East_Asia,160288.0,2943.0297464379078,12.0,2347.0
3848,4.0,160288.0,李美鳳,0.022430347442626952,Q9208994,Geography.Regions.Asia.Asia*,160288.0,2943.0297464379078,12.0,2347.0
3849,2.0,160727.0,徐子淇,0.997758150100708,Q7236211,Culture.Biography.Biography*,160727.0,844.4485982511012,10.0,3641.0
3850,2.0,160727.0,徐子淇,0.4921981394290924,Q7236211,Culture.Biography.Women,160727.0,844.4485982511012,10.0,3641.0
3851,2.0,160727.0,徐子淇,0.3624016513824463,Q7236211,Geography.Regions.Asia.Asia*,160727.0,844.4485982511012,10.0,3641.0
3852,2.0,160727.0,徐子淇,0.3509628047943115,Q7236211,Geography.Regions.Asia.East_Asia,160727.0,844.4485982511012,10.0,3641.0
3853,2.0,160727.0,徐子淇,0.13297423720359802,Q7236211,Culture.Media.Media*,160727.0,844.4485982511012,10.0,3641.0
3854,10.0,161175.0,汉莎航空,0.8175845146179199,Q9325,STEM.STEM*,161175.0,764.516501108063,10.0,2285.0
3855,10.0,161175.0,汉莎航空,0.7931159734725952,Q9325,History_and_Society.Business_and_economics,161175.0,764.516501108063,10.0,2285.0
3856,10.0,161175.0,汉莎航空,0.7431780099868774,Q9325,STEM.Engineering,161175.0,764.516501108063,10.0,2285.0
3857,10.0,161175.0,汉莎航空,0.7186043858528137,Q9325,History_and_Society.Transportation,161175.0,764.516501108063,10.0,2285.0
3858,10.0,161175.0,汉莎航空,0.3469777574539185,Q9325,Geography.Regions.Europe.Europe*,161175.0,764.516501108063,10.0,2285.0
3859,10.0,161175.0,汉莎航空,0.3301530351638794,Q9325,Geography.Regions.Europe.Western_Europe,161175.0,764.516501108063,10.0,2285.0
3860,3.0,162042.0,中国概念股,0.6370407938957214,Q5099639,History_and_Society.Business_and_economics,162042.0,2904.775634895505,10.0,3300.0
3861,3.0,162042.0,中国概念股,0.2393593490123749,Q5099639,STEM.STEM*,162042.0,2904.775634895505,10.0,3300.0
3862,3.0,162042.0,中国概念股,0.0,Q5099639,Geography.Regions.Americas.North_America,162042.0,2904.775634895505,10.0,3300.0
3863,4.0,162068.0,B-52同溫層堡壘轟炸機,0.9947898983955384,Q174534,History_and_Society.Transportation,162068.0,3125.27515005034,5.0,4430.0
3864,4.0,162068.0,B-52同溫層堡壘轟炸機,0.993317186832428,Q174534,STEM.STEM*,162068.0,3125.27515005034,5.0,4430.0
3865,4.0,162068.0,B-52同溫層堡壘轟炸機,0.9836069941520692,Q174534,STEM.Engineering,162068.0,3125.27515005034,5.0,4430.0
3866,4.0,162068.0,B-52同溫層堡壘轟炸機,0.9046605229377748,Q174534,History_and_Society.Military_and_warfare,162068.0,3125.27515005034,5.0,4430.0
3867,4.0,162068.0,B-52同溫層堡壘轟炸機,0.0,Q174534,Geography.Regions.Americas.North_America,162068.0,3125.27515005034,5.0,4430.0
3868,3.0,163664.0,梁安琪 (澳門),0.9591643214225768,Q6526282,Culture.Biography.Biography*,163664.0,1395.3099153829266,2.0,2617.0
3869,3.0,163664.0,梁安琪 (澳門),0.311877357006073,Q6526282,Geography.Regions.Asia.East_Asia,163664.0,1395.3099153829266,2.0,2617.0
3870,3.0,163664.0,梁安琪 (澳門),0.2393593490123749,Q6526282,Culture.Biography.Women,163664.0,1395.3099153829266,2.0,2617.0
3871,3.0,163664.0,梁安琪 (澳門),0.10667316818237303,Q6526282,Geography.Regions.Asia.Asia*,163664.0,1395.3099153829266,2.0,2617.0
3872,10.0,163720.0,巴爾的摩,0.7490972280502319,Q5092,Geography.Regions.Americas.North_America,163720.0,30498.691788354394,17.0,2704.0
3873,10.0,163720.0,巴爾的摩,0.7431780099868774,Q5092,Geography.Geographical,163720.0,30498.691788354394,17.0,2704.0
3874,6.0,164609.0,河南“75·8”水库溃坝,0.4990100135803223,Q11141442,Geography.Regions.Asia.East_Asia,164609.0,5417.40098155339,1.0,0.0
3875,6.0,164609.0,河南“75·8”水库溃坝,0.49675815010070795,Q11141442,Geography.Regions.Asia.Asia*,164609.0,5417.40098155339,1.0,0.0
3876,2.0,166089.0,科學怪人,0.9942797422409058,Q150827,Culture.Literature,166089.0,0.0,12.0,2858.0
3877,2.0,166089.0,科學怪人,0.9777238368988036,Q150827,Culture.Media.Media*,166089.0,0.0,12.0,2858.0
3878,2.0,166089.0,科學怪人,0.9748311638832092,Q150827,Culture.Media.Books,166089.0,0.0,12.0,2858.0
3879,2.0,166089.0,科學怪人,0.348655104637146,Q150827,Culture.Biography.Women,166089.0,0.0,12.0,2858.0
3880,2.0,166089.0,科學怪人,0.320831298828125,Q150827,Culture.Biography.Biography*,166089.0,0.0,12.0,2858.0
3881,2.0,166089.0,科學怪人,0.3007555902004242,Q150827,Culture.Media.Entertainment,166089.0,0.0,12.0,2858.0
3882,2.0,166089.0,科學怪人,0.2069040536880493,Q150827,History_and_Society.History,166089.0,0.0,12.0,2858.0
3883,2.0,166089.0,科學怪人,0.15611489117145538,Q150827,Culture.Philosophy_and_religion,166089.0,0.0,12.0,2858.0
3884,2.0,166089.0,科學怪人,0.0,Q150827,Geography.Regions.Europe.Europe*,166089.0,0.0,12.0,2858.0
3885,2.0,166089.0,科學怪人,0.0,Q150827,Geography.Regions.Europe.Northern_Europe,166089.0,0.0,12.0,2858.0
3886,3.0,166412.0,刘云山,0.9973783493041992,Q553121,Culture.Biography.Biography*,166412.0,33.494273100825524,1.0,2915.0
3887,3.0,166412.0,刘云山,0.2763098945617676,Q553121,Geography.Regions.Asia.Asia*,166412.0,33.494273100825524,1.0,2915.0
3888,3.0,166412.0,刘云山,0.2596606483459473,Q553121,Geography.Regions.Asia.East_Asia,166412.0,33.494273100825524,1.0,2915.0
3889,2.0,166429.0,連勝文,1.0000100135803225,Q7441162,Culture.Biography.Biography*,166429.0,366.78393235598855,11.0,2969.0
3890,2.0,166429.0,連勝文,0.6992644667625427,Q7441162,History_and_Society.Society,166429.0,366.78393235598855,11.0,2969.0
3891,2.0,166429.0,連勝文,0.22388027811050412,Q7441162,Geography.Regions.Asia.East_Asia,166429.0,366.78393235598855,11.0,2969.0
3892,2.0,166429.0,連勝文,0.06118653917312623,Q7441162,Geography.Regions.Asia.Asia*,166429.0,366.78393235598855,11.0,2969.0
3893,1.0,166455.0,余杰,0.9802908897399902,Q1855794,Culture.Biography.Biography*,166455.0,0.0,5.0,2816.0
3894,1.0,166455.0,余杰,0.5000100135803223,Q1855794,History_and_Society.Society,166455.0,0.0,5.0,2816.0
3895,1.0,166455.0,余杰,0.24217800998687744,Q1855794,Geography.Regions.Asia.Asia*,166455.0,0.0,5.0,2816.0
3896,1.0,166455.0,余杰,0.15742753648757934,Q1855794,Geography.Regions.Asia.East_Asia,166455.0,0.0,5.0,2816.0
3897,1.0,166455.0,余杰,0.1067005917429924,Q1855794,Culture.Literature,166455.0,0.0,5.0,2816.0
3898,1.0,166455.0,余杰,0.1067005917429924,Q1855794,Culture.Media.Media*,166455.0,0.0,5.0,2816.0
3899,2.0,167049.0,司马南,0.966924011707306,Q7517313,Culture.Biography.Biography*,167049.0,461.67340169765504,2.0,5979.0
3900,2.0,167049.0,司马南,0.1824355274438858,Q7517313,Culture.Media.Media*,167049.0,461.67340169765504,2.0,5979.0
3901,2.0,167049.0,司马南,0.03021936321258545,Q7517313,Geography.Regions.Asia.Asia*,167049.0,461.67340169765504,2.0,5979.0
3902,2.0,167049.0,司马南,0.0,Q7517313,Geography.Regions.Asia.East_Asia,167049.0,461.67340169765504,2.0,5979.0
3903,5.0,167437.0,苗圩,0.989681839942932,Q8292013,Culture.Biography.Biography*,167437.0,240.80746323299,3.0,916.0
3904,5.0,167437.0,苗圩,0.287777841091156,Q8292013,History_and_Society.Politics_and_government,167437.0,240.80746323299,3.0,916.0
3905,5.0,167437.0,苗圩,0.23616819286346435,Q8292013,Geography.Regions.Asia.East_Asia,167437.0,240.80746323299,3.0,916.0
3906,5.0,167437.0,苗圩,0.2047950496673584,Q8292013,Geography.Regions.Asia.Asia*,167437.0,240.80746323299,3.0,916.0
3907,2.0,168266.0,安克拉治,0.9591643214225768,Q39450,Geography.Regions.Americas.North_America,168266.0,222.29619101478298,5.0,1840.0
3908,2.0,168266.0,安克拉治,0.6859594583511353,Q39450,Geography.Geographical,168266.0,222.29619101478298,5.0,1840.0
3909,4.0,168701.0,利比里亚总统列表,1.0,Q507426,Compilation.List_Disambig,168701.0,84.31019776669739,10.0,435.0
3910,4.0,168701.0,利比里亚总统列表,0.18714269995689392,Q507426,History_and_Society.Politics_and_government,168701.0,84.31019776669739,10.0,435.0
3911,4.0,168701.0,利比里亚总统列表,0.10088862478733064,Q507426,Culture.Biography.Biography*,168701.0,84.31019776669739,10.0,435.0
3912,4.0,168701.0,利比里亚总统列表,0.0,Q507426,Geography.Regions.Africa.Africa*,168701.0,84.31019776669739,10.0,435.0
3913,2.0,170455.0,石狩振興局,0.994098961353302,Q1997315,Geography.Regions.Asia.East_Asia,170455.0,0.0,13.0,590.0
3914,2.0,170455.0,石狩振興局,0.9875783920288086,Q1997315,Geography.Regions.Asia.Asia*,170455.0,0.0,13.0,590.0
3915,13.0,171736.0,纽伦堡审判,0.7826725244522095,Q80130,History_and_Society.Politics_and_government,171736.0,21964.841968454657,10.0,8263.0
3916,13.0,171736.0,纽伦堡审判,0.3629792034626007,Q80130,History_and_Society.Society,171736.0,21964.841968454657,10.0,8263.0
3917,13.0,171736.0,纽伦堡审判,0.2653036584854126,Q80130,Geography.Regions.Europe.Europe*,171736.0,21964.841968454657,10.0,8263.0
3918,13.0,171736.0,纽伦堡审判,0.26285186409950256,Q80130,History_and_Society.Military_and_warfare,171736.0,21964.841968454657,10.0,8263.0
3919,13.0,171736.0,纽伦堡审判,0.0,Q80130,Geography.Regions.Europe.Western_Europe,171736.0,21964.841968454657,10.0,8263.0
3920,13.0,171736.0,纽伦堡审判,0.0,Q80130,Geography.Regions.Europe.Southern_Europe,171736.0,21964.841968454657,10.0,8263.0
3921,3.0,171749.0,香港公營機構,0.8311530351638794,Q7192831,History_and_Society.Politics_and_government,171749.0,471.79982326283636,3.0,1800.0
3922,3.0,171749.0,香港公營機構,0.7773098945617676,Q7192831,STEM.Medicine_&_Health,171749.0,471.79982326283636,3.0,1800.0
3923,3.0,171749.0,香港公營機構,0.6513648629188538,Q7192831,STEM.STEM*,171749.0,471.79982326283636,3.0,1800.0
3924,3.0,171749.0,香港公營機構,0.4225146472454071,Q7192831,STEM.Biology,171749.0,471.79982326283636,3.0,1800.0
3925,3.0,171749.0,香港公營機構,0.2942249774932861,Q7192831,History_and_Society.Education,171749.0,471.79982326283636,3.0,1800.0
3926,1.0,172021.0,王赣骏,0.997758150100708,Q707736,Culture.Biography.Biography*,172021.0,0.0,10.0,792.0
3927,1.0,172021.0,王赣骏,0.9958112239837646,Q707736,STEM.Space,172021.0,0.0,10.0,792.0
3928,1.0,172021.0,王赣骏,0.9850529432296752,Q707736,STEM.STEM*,172021.0,0.0,10.0,792.0
3929,1.0,172021.0,王赣骏,0.984585464000702,Q707736,STEM.Technology,172021.0,0.0,10.0,792.0
3930,1.0,172021.0,王赣骏,0.9324633479118348,Q707736,History_and_Society.Transportation,172021.0,0.0,10.0,792.0
3931,1.0,172021.0,王赣骏,0.16452647745609286,Q707736,STEM.Physics,172021.0,0.0,10.0,792.0
3932,1.0,172021.0,王赣骏,0.0,Q707736,Geography.Regions.Americas.North_America,172021.0,0.0,10.0,792.0
3933,4.0,172025.0,艾伦·谢泼德,0.9991540908813475,Q174979,Culture.Biography.Biography*,172025.0,0.0,10.0,2819.0
3934,4.0,172025.0,艾伦·谢泼德,0.9830951094627379,Q174979,History_and_Society.Transportation,172025.0,0.0,10.0,2819.0
3935,4.0,172025.0,艾伦·谢泼德,0.946606695652008,Q174979,STEM.Space,172025.0,0.0,10.0,2819.0
3936,4.0,172025.0,艾伦·谢泼德,0.9304682612419128,Q174979,STEM.STEM*,172025.0,0.0,10.0,2819.0
3937,4.0,172025.0,艾伦·谢泼德,0.8634016513824463,Q174979,STEM.Technology,172025.0,0.0,10.0,2819.0
3938,4.0,172025.0,艾伦·谢泼德,0.7879412174224854,Q174979,History_and_Society.Military_and_warfare,172025.0,0.0,10.0,2819.0
3939,4.0,172025.0,艾伦·谢泼德,0.40734341740608215,Q174979,STEM.Engineering,172025.0,0.0,10.0,2819.0
3940,4.0,172025.0,艾伦·谢泼德,0.16442059183120727,Q174979,Geography.Regions.Americas.North_America,172025.0,0.0,10.0,2819.0
3941,4.0,172025.0,艾伦·谢泼德,0.1067005917429924,Q174979,History_and_Society.History,172025.0,0.0,10.0,2819.0
3942,4.0,172025.0,艾伦·谢泼德,0.0,Q174979,Geography.Regions.Europe.Europe*,172025.0,0.0,10.0,2819.0
3943,2.0,172973.0,卡農 (帕海貝爾),0.99219411611557,Q689519,Culture.Media.Music,172973.0,0.0,13.0,3165.0
3944,2.0,172973.0,卡農 (帕海貝爾),0.9905974268913268,Q689519,Culture.Media.Media*,172973.0,0.0,13.0,3165.0
3945,2.0,172973.0,卡農 (帕海貝爾),0.0,Q689519,Geography.Regions.Europe.Western_Europe,172973.0,0.0,13.0,3165.0
3946,2.0,172973.0,卡農 (帕海貝爾),0.0,Q689519,Geography.Regions.Europe.Europe*,172973.0,0.0,13.0,3165.0
3947,5.0,173362.0,林爽文事件,0.99567848443985,Q499468,Culture.Biography.Biography*,173362.0,7902.492061020403,13.0,3375.0
3948,5.0,173362.0,林爽文事件,0.9937201142311096,Q499468,History_and_Society.Society,173362.0,7902.492061020403,13.0,3375.0
3949,5.0,173362.0,林爽文事件,0.8439050912857056,Q499468,History_and_Society.Military_and_warfare,173362.0,7902.492061020403,13.0,3375.0
3950,5.0,173362.0,林爽文事件,0.4985221495628357,Q499468,Geography.Regions.Asia.East_Asia,173362.0,7902.492061020403,13.0,3375.0
3951,5.0,173362.0,林爽文事件,0.4957369437217712,Q499468,Geography.Regions.Asia.Asia*,173362.0,7902.492061020403,13.0,3375.0
3952,5.0,173362.0,林爽文事件,0.2069040536880493,Q499468,History_and_Society.History,173362.0,7902.492061020403,13.0,3375.0
3953,21.0,173444.0,國際航空運輸協會航空公司代碼,0.6442351341247559,Q741701,STEM.STEM*,173444.0,16909.345781937394,10.0,2660.0
3954,21.0,173444.0,國際航空運輸協會航空公司代碼,0.2227101624011993,Q741701,History_and_Society.Business_and_economics,173444.0,16909.345781937394,10.0,2660.0
3955,21.0,173444.0,國際航空運輸協會航空公司代碼,0.1824355274438858,Q741701,Culture.Media.Media*,173444.0,16909.345781937394,10.0,2660.0
3956,21.0,173444.0,國際航空運輸協會航空公司代碼,0.16886694729328156,Q741701,STEM.Computing,173444.0,16909.345781937394,10.0,2660.0
3957,21.0,173444.0,國際航空運輸協會航空公司代碼,0.11597072333097458,Q741701,STEM.Technology,173444.0,16909.345781937394,10.0,2660.0
3958,21.0,173444.0,國際航空運輸協會航空公司代碼,0.1097157895565033,Q741701,STEM.Engineering,173444.0,16909.345781937394,10.0,2660.0
3959,21.0,173444.0,國際航空運輸協會航空公司代碼,0.10088862478733064,Q741701,Culture.Media.Radio,173444.0,16909.345781937394,10.0,2660.0
3960,21.0,173444.0,國際航空運輸協會航空公司代碼,0.0,Q741701,Geography.Geographical,173444.0,16909.345781937394,10.0,2660.0
3961,1.0,173540.0,胭脂水粉,0.9984612464904784,Q4603040,Culture.Media.Television,173540.0,0.0,7.0,1635.0
3962,1.0,173540.0,胭脂水粉,0.9965265989303588,Q4603040,Culture.Media.Media*,173540.0,0.0,7.0,1635.0
3963,1.0,173540.0,胭脂水粉,0.6859594583511353,Q4603040,Culture.Media.Entertainment,173540.0,0.0,7.0,1635.0
3964,1.0,173540.0,胭脂水粉,0.19165198707580566,Q4603040,Geography.Regions.Asia.Asia*,173540.0,0.0,7.0,1635.0
3965,1.0,173540.0,胭脂水粉,0.0,Q4603040,Geography.Regions.Asia.East_Asia,173540.0,0.0,7.0,1635.0
3966,11.0,173996.0,白蓮教,0.8519628047943115,Q1142216,Culture.Philosophy_and_religion,173996.0,48994.09797593861,11.0,3138.0
3967,11.0,173996.0,白蓮教,0.1824355274438858,Q1142216,History_and_Society.Society,173996.0,48994.09797593861,11.0,3138.0
3968,11.0,173996.0,白蓮教,0.1778208613395691,Q1142216,History_and_Society.History,173996.0,48994.09797593861,11.0,3138.0
3969,11.0,173996.0,白蓮教,0.16027602553367615,Q1142216,STEM.STEM*,173996.0,48994.09797593861,11.0,3138.0
3970,11.0,173996.0,白蓮教,0.13661839067935946,Q1142216,History_and_Society.Politics_and_government,173996.0,48994.09797593861,11.0,3138.0
3971,11.0,173996.0,白蓮教,0.06886266374588013,Q1142216,Geography.Regions.Asia.Asia*,173996.0,48994.09797593861,11.0,3138.0
3972,11.0,173996.0,白蓮教,0.0,Q1142216,Geography.Regions.Asia.East_Asia,173996.0,48994.09797593861,11.0,3138.0
3973,11.0,173996.0,白蓮教,0.0,Q1142216,Geography.Regions.Europe.Europe*,173996.0,48994.09797593861,11.0,3138.0
3974,5.0,174390.0,陳智思,0.9381340146064758,Q4892988,Culture.Biography.Biography*,174390.0,2878.916802018165,3.0,2078.0
3975,5.0,174390.0,陳智思,0.4955265989303589,Q4892988,Geography.Regions.Asia.East_Asia,174390.0,2878.916802018165,3.0,2078.0
3976,5.0,174390.0,陳智思,0.4831036200523377,Q4892988,Geography.Regions.Asia.Asia*,174390.0,2878.916802018165,3.0,2078.0
3977,9.0,174528.0,重陽節,0.6224693655967712,Q463754,Culture.Philosophy_and_religion,174528.0,14619.34406922431,11.0,2539.0
3978,9.0,174528.0,重陽節,0.23006861114501956,Q463754,Geography.Regions.Asia.Asia*,174528.0,14619.34406922431,11.0,2539.0
3979,9.0,174528.0,重陽節,0.13604079389572146,Q463754,Geography.Regions.Asia.East_Asia,174528.0,14619.34406922431,11.0,2539.0
3980,5.0,174555.0,臺灣客家語,0.9553291201591492,Q2391532,Culture.Linguistics,174555.0,6987.803877331118,2.0,4032.0
3981,5.0,174555.0,臺灣客家語,0.6224693655967712,Q2391532,History_and_Society.Society,174555.0,6987.803877331118,2.0,4032.0
3982,5.0,174555.0,臺灣客家語,0.6076731681823729,Q2391532,Culture.Biography.Biography*,174555.0,6987.803877331118,2.0,4032.0
3983,5.0,174555.0,臺灣客家語,0.4986417164802551,Q2391532,Geography.Regions.Asia.East_Asia,174555.0,6987.803877331118,2.0,4032.0
3984,5.0,174555.0,臺灣客家語,0.4973615279197693,Q2391532,Geography.Regions.Asia.Asia*,174555.0,6987.803877331118,2.0,4032.0
3985,3.0,175103.0,再見亦是老婆,0.9886782765388488,Q10894930,Culture.Media.Media*,175103.0,502.85158373171976,12.0,1813.0
3986,3.0,175103.0,再見亦是老婆,0.967909336090088,Q10894930,Culture.Media.Television,175103.0,502.85158373171976,12.0,1813.0
3987,3.0,175103.0,再見亦是老婆,0.4616831412315369,Q10894930,Geography.Regions.Asia.East_Asia,175103.0,502.85158373171976,12.0,1813.0
3988,3.0,175103.0,再見亦是老婆,0.40093068981170654,Q10894930,Geography.Regions.Asia.Asia*,175103.0,502.85158373171976,12.0,1813.0
3989,28.0,175136.0,最终幻想IX,1.0000100135803225,Q474573,Culture.Media.Video_games,175136.0,331.1744069807932,14.0,2933.0
3990,28.0,175136.0,最终幻想IX,1.0000100135803225,Q474573,Culture.Internet_culture,175136.0,331.1744069807932,14.0,2933.0
3991,28.0,175136.0,最终幻想IX,0.9990094900131226,Q474573,Culture.Media.Media*,175136.0,331.1744069807932,14.0,2933.0
3992,10.0,175509.0,添馬站,0.9899964332580566,Q7680759,History_and_Society.Transportation,175509.0,131.02677877601832,10.0,1255.0
3993,10.0,175509.0,添馬站,0.9863731861114502,Q7680759,Geography.Regions.Asia.East_Asia,175509.0,131.02677877601832,10.0,1255.0
3994,10.0,175509.0,添馬站,0.984585464000702,Q7680759,Geography.Regions.Asia.Asia*,175509.0,131.02677877601832,10.0,1255.0
3995,10.0,175509.0,添馬站,0.2568419873714447,Q7680759,History_and_Society.Business_and_economics,175509.0,131.02677877601832,10.0,1255.0
3996,8.0,175886.0,汤姆·费尔顿,0.9992545843124391,Q105682,Culture.Biography.Biography*,175886.0,9032.869830199725,6.0,2328.0
3997,8.0,175886.0,汤姆·费尔顿,0.2942249774932861,Q105682,Culture.Media.Media*,175886.0,9032.869830199725,6.0,2328.0
3998,8.0,175886.0,汤姆·费尔顿,0.0,Q105682,Geography.Regions.Europe.Northern_Europe,175886.0,9032.869830199725,6.0,2328.0
3999,8.0,175886.0,汤姆·费尔顿,0.0,Q105682,Geography.Regions.Europe.Europe*,175886.0,9032.869830199725,6.0,2328.0
4000,8.0,175886.0,汤姆·费尔顿,0.0,Q105682,Geography.Regions.Americas.North_America,175886.0,9032.869830199725,6.0,2328.0
4001,3.0,175919.0,麻坡,0.9763205647468568,Q1832744,Geography.Regions.Asia.Asia*,175919.0,1998.4879573209487,3.0,1366.0
4002,3.0,175919.0,麻坡,0.974052667617798,Q1832744,Geography.Regions.Asia.Southeast_Asia,175919.0,1998.4879573209487,3.0,1366.0
4003,3.0,175919.0,麻坡,0.9124462008476256,Q1832744,Geography.Geographical,175919.0,1998.4879573209487,3.0,1366.0
4004,3.0,175919.0,麻坡,0.14415885508060455,Q1832744,Geography.Regions.Asia.East_Asia,175919.0,1998.4879573209487,3.0,1366.0
4005,3.0,175919.0,麻坡,0.1294127255678177,Q1832744,Geography.Regions.Americas.North_America,175919.0,1998.4879573209487,3.0,1366.0
4006,2.0,175984.0,地狱少女,1.0000100135803225,Q753729,Culture.Visual_arts.Comics_and_Anime,175984.0,1796.5447837584106,4.0,2708.0
4007,2.0,175984.0,地狱少女,0.9994215965270996,Q753729,Culture.Visual_arts.Visual_arts*,175984.0,1796.5447837584106,4.0,2708.0
4008,2.0,175984.0,地狱少女,0.9983615279197692,Q753729,Culture.Literature,175984.0,1796.5447837584106,4.0,2708.0
4009,2.0,175984.0,地狱少女,0.1824355274438858,Q753729,Culture.Media.Media*,175984.0,1796.5447837584106,4.0,2708.0
4010,6.0,176112.0,洲際酒店及度假村,0.8740872144699097,Q1825730,Culture.Visual_arts.Architecture,176112.0,125.81656489848179,10.0,788.0
4011,6.0,176112.0,洲際酒店及度假村,0.8479777574539185,Q1825730,Culture.Visual_arts.Visual_arts*,176112.0,125.81656489848179,10.0,788.0
4012,6.0,176112.0,洲際酒店及度假村,0.754925012588501,Q1825730,History_and_Society.Business_and_economics,176112.0,125.81656489848179,10.0,788.0
4013,6.0,176112.0,洲際酒店及度假村,0.0,Q1825730,Geography.Regions.Americas.North_America,176112.0,125.81656489848179,10.0,788.0
4014,8.0,176230.0,蕭美琴,1.0000100135803225,Q700752,Culture.Biography.Biography*,176230.0,8961.822294804064,2.0,2879.0
4015,8.0,176230.0,蕭美琴,0.9942797422409058,Q700752,History_and_Society.Society,176230.0,8961.822294804064,2.0,2879.0
4016,8.0,176230.0,蕭美琴,0.9284188151359558,Q700752,Culture.Biography.Women,176230.0,8961.822294804064,2.0,2879.0
4017,8.0,176230.0,蕭美琴,0.4804634323120117,Q700752,Geography.Regions.Asia.East_Asia,176230.0,8961.822294804064,2.0,2879.0
4018,8.0,176230.0,蕭美琴,0.4581643214225769,Q700752,Geography.Regions.Asia.Asia*,176230.0,8961.822294804064,2.0,2879.0
4019,1.0,176347.0,痢疾,0.9965265989303588,Q129279,STEM.STEM*,176347.0,0.0,5.0,2418.0
4020,1.0,176347.0,痢疾,0.9935217499732972,Q129279,STEM.Medicine_&_Health,176347.0,0.0,5.0,2418.0
4021,1.0,176347.0,痢疾,0.41490885615348816,Q129279,STEM.Biology,176347.0,0.0,5.0,2418.0
4022,2.0,176355.0,哈利·波特与魔法石,0.9952548146247864,Q43361,Culture.Media.Books,176355.0,1607.8686967631506,6.0,3095.0
4023,2.0,176355.0,哈利·波特与魔法石,0.991162657737732,Q43361,Culture.Literature,176355.0,1607.8686967631506,6.0,3095.0
4024,2.0,176355.0,哈利·波特与魔法石,0.98678719997406,Q43361,Culture.Media.Media*,176355.0,1607.8686967631506,6.0,3095.0
4025,2.0,176355.0,哈利·波特与魔法石,0.1778208613395691,Q43361,Culture.Biography.Women,176355.0,1607.8686967631506,6.0,3095.0
4026,2.0,176355.0,哈利·波特与魔法石,0.14034625887870789,Q43361,Culture.Biography.Biography*,176355.0,1607.8686967631506,6.0,3095.0
4027,2.0,176355.0,哈利·波特与魔法石,0.0,Q43361,Geography.Regions.Europe.Europe*,176355.0,1607.8686967631506,6.0,3095.0
4028,1.0,176360.0,陳真,0.9985088109970092,Q840312,Culture.Literature,176360.0,0.0,12.0,1689.0
4029,1.0,176360.0,陳真,0.8903042674064636,Q840312,Culture.Media.Films,176360.0,0.0,12.0,1689.0
4030,1.0,176360.0,陳真,0.7186043858528137,Q840312,Culture.Media.Media*,176360.0,0.0,12.0,1689.0
4031,1.0,176360.0,陳真,0.3415925204753876,Q840312,Culture.Sports,176360.0,0.0,12.0,1689.0
4032,1.0,176360.0,陳真,0.2942249774932861,Q840312,Culture.Media.Books,176360.0,0.0,12.0,1689.0
4033,1.0,176360.0,陳真,0.08411114120483397,Q840312,Geography.Regions.Asia.East_Asia,176360.0,0.0,12.0,1689.0
4034,1.0,176360.0,陳真,0.0,Q840312,Geography.Regions.Asia.Asia*,176360.0,0.0,12.0,1689.0
4035,18.0,176463.0,香港節日與公眾假期,0.5698626637458801,Q838921,Culture.Philosophy_and_religion,176463.0,46415.56708998275,11.0,4067.0
4036,18.0,176463.0,香港節日與公眾假期,0.0,Q838921,Geography.Regions.Asia.Asia*,176463.0,46415.56708998275,11.0,4067.0
4037,18.0,176463.0,香港節日與公眾假期,0.0,Q838921,Geography.Regions.Asia.South_Asia,176463.0,46415.56708998275,11.0,4067.0
4038,1.0,176592.0,上官雲珠,0.9808859825134276,Q10867353,Culture.Biography.Biography*,176592.0,0.0,12.0,2368.0
4039,1.0,176592.0,上官雲珠,0.585111141204834,Q10867353,Culture.Biography.Women,176592.0,0.0,12.0,2368.0
4040,1.0,176592.0,上官雲珠,0.21760438585281366,Q10867353,Geography.Regions.Asia.Asia*,176592.0,0.0,12.0,2368.0
4041,1.0,176592.0,上官雲珠,0.12878464365005493,Q10867353,Geography.Regions.Asia.East_Asia,176592.0,0.0,12.0,2368.0
4042,1.0,176592.0,上官雲珠,0.1097157895565033,Q10867353,History_and_Society.History,176592.0,0.0,12.0,2368.0
4043,4.0,177278.0,明石海峡大桥,0.9073222279548644,Q184213,Culture.Visual_arts.Architecture,177278.0,0.0,13.0,1600.0
4044,4.0,177278.0,明石海峡大桥,0.8991314172744751,Q184213,Culture.Visual_arts.Visual_arts*,177278.0,0.0,13.0,1600.0
4045,4.0,177278.0,明石海峡大桥,0.7826725244522095,Q184213,Geography.Regions.Asia.East_Asia,177278.0,0.0,13.0,1600.0
4046,4.0,177278.0,明石海峡大桥,0.7431780099868774,Q184213,Geography.Regions.Asia.Asia*,177278.0,0.0,13.0,1600.0
4047,4.0,177278.0,明石海峡大桥,0.20182321965694427,Q184213,Geography.Regions.Europe.Europe*,177278.0,0.0,13.0,1600.0
4048,4.0,177278.0,明石海峡大桥,0.11597072333097458,Q184213,History_and_Society.Transportation,177278.0,0.0,13.0,1600.0
4049,2.0,177364.0,香港文華東方酒店,0.8311530351638794,Q1064758,Geography.Regions.Asia.East_Asia,177364.0,1113.4930753184979,10.0,3048.0
4050,2.0,177364.0,香港文華東方酒店,0.812877357006073,Q1064758,Geography.Regions.Asia.Asia*,177364.0,1113.4930753184979,10.0,3048.0
4051,2.0,177364.0,香港文華東方酒店,0.7057950496673584,Q1064758,Culture.Visual_arts.Visual_arts*,177364.0,1113.4930753184979,10.0,3048.0
4052,2.0,177364.0,香港文華東方酒店,0.7057950496673584,Q1064758,Culture.Visual_arts.Architecture,177364.0,1113.4930753184979,10.0,3048.0
4053,5.0,177380.0,条顿骑士团,0.7248802781105042,Q48189,History_and_Society.History,177380.0,10448.60646806464,11.0,2460.0
4054,5.0,177380.0,条顿骑士团,0.5078218579292297,Q48189,Culture.Philosophy_and_religion,177380.0,10448.60646806464,11.0,2460.0
4055,5.0,177380.0,条顿骑士团,0.3301530351638794,Q48189,Geography.Regions.Europe.Europe*,177380.0,10448.60646806464,11.0,2460.0
4056,5.0,177380.0,条顿骑士团,0.24809722805023196,Q48189,Geography.Regions.Europe.Western_Europe,177380.0,10448.60646806464,11.0,2460.0
4057,5.0,177380.0,条顿骑士团,0.13661839067935946,Q48189,History_and_Society.Military_and_warfare,177380.0,10448.60646806464,11.0,2460.0
4058,5.0,177380.0,条顿骑士团,0.1097157895565033,Q48189,History_and_Society.Society,177380.0,10448.60646806464,11.0,2460.0
4059,5.0,177380.0,条顿骑士团,0.10375863313674928,Q48189,History_and_Society.Politics_and_government,177380.0,10448.60646806464,11.0,2460.0
4060,2.0,177551.0,道央,0.4990100135803223,Q8017724,Geography.Regions.Asia.East_Asia,177551.0,0.0,13.0,414.0
4061,2.0,177551.0,道央,0.4986640086174011,Q8017724,Geography.Regions.Asia.Asia*,177551.0,0.0,13.0,414.0
4062,2.0,177551.0,道央,0.0,Q8017724,Geography.Geographical,177551.0,0.0,13.0,414.0
4063,1.0,177854.0,金正哲,0.974052667617798,Q385795,Culture.Biography.Biography*,177854.0,0.0,3.0,2409.0
4064,1.0,177854.0,金正哲,0.4977651705741882,Q385795,Geography.Regions.Asia.East_Asia,177854.0,0.0,3.0,2409.0
4065,1.0,177854.0,金正哲,0.4929124584197998,Q385795,Geography.Regions.Asia.Asia*,177854.0,0.0,3.0,2409.0
4066,1.0,177854.0,金正哲,0.23371636867523196,Q385795,History_and_Society.Politics_and_government,177854.0,0.0,3.0,2409.0
4067,4.0,177916.0,劉細良,0.989681839942932,Q8992076,Culture.Biography.Biography*,177916.0,2468.52125897305,3.0,3189.0
4068,4.0,177916.0,劉細良,0.4616831412315369,Q8992076,Geography.Regions.Asia.East_Asia,177916.0,2468.52125897305,3.0,3189.0
4069,4.0,177916.0,劉細良,0.3730872144699097,Q8992076,Geography.Regions.Asia.Asia*,177916.0,2468.52125897305,3.0,3189.0
4070,4.0,177916.0,劉細良,0.22816647589206696,Q8992076,Culture.Media.Media*,177916.0,2468.52125897305,3.0,3189.0
4071,3.0,178997.0,馬莎百貨,0.8840492963790894,Q714491,History_and_Society.Business_and_economics,178997.0,6964.69175628323,4.0,1368.0
4072,3.0,178997.0,馬莎百貨,0.3509628047943115,Q714491,Geography.Regions.Europe.Northern_Europe,178997.0,6964.69175628323,4.0,1368.0
4073,3.0,178997.0,馬莎百貨,0.3301530351638794,Q714491,Geography.Regions.Europe.Europe*,178997.0,6964.69175628323,4.0,1368.0
4074,9.0,179251.0,任劍輝,0.9073222279548644,Q8047558,Culture.Biography.Biography*,179251.0,14192.578511807915,12.0,2537.0
4075,9.0,179251.0,任劍輝,0.4765896201133728,Q8047558,Culture.Media.Media*,179251.0,14192.578511807915,12.0,2537.0
4076,9.0,179251.0,任劍輝,0.3998216390609741,Q8047558,Culture.Media.Music,179251.0,14192.578511807915,12.0,2537.0
4077,9.0,179251.0,任劍輝,0.311877357006073,Q8047558,Geography.Regions.Asia.Asia*,179251.0,14192.578511807915,12.0,2537.0
4078,9.0,179251.0,任劍輝,0.2921159734725952,Q8047558,Geography.Regions.Asia.East_Asia,179251.0,14192.578511807915,12.0,2537.0
4079,9.0,179251.0,任劍輝,0.287777841091156,Q8047558,Culture.Performing_arts,179251.0,14192.578511807915,12.0,2537.0
4080,9.0,179251.0,任劍輝,0.2568419873714447,Q8047558,Culture.Biography.Women,179251.0,14192.578511807915,12.0,2537.0
4081,9.0,179251.0,任劍輝,0.1294127255678177,Q8047558,History_and_Society.History,179251.0,14192.578511807915,12.0,2537.0
4082,1.0,179349.0,胡惟庸,0.9724247455596924,Q1317110,Culture.Biography.Biography*,179349.0,0.0,5.0,2461.0
4083,1.0,179349.0,胡惟庸,0.498254584312439,Q1317110,Geography.Regions.Asia.East_Asia,179349.0,0.0,5.0,2461.0
4084,1.0,179349.0,胡惟庸,0.4976429810523987,Q1317110,Geography.Regions.Asia.Asia*,179349.0,0.0,5.0,2461.0
4085,1.0,179349.0,胡惟庸,0.1732981950044632,Q1317110,History_and_Society.History,179349.0,0.0,5.0,2461.0
4086,4.0,179563.0,陳易希,0.9905974268913268,Q5070391,Culture.Biography.Biography*,179563.0,4564.745801089397,3.0,7728.0
4087,4.0,179563.0,陳易希,0.0,Q5070391,Geography.Regions.Asia.East_Asia,179563.0,4564.745801089397,3.0,7728.0
4088,4.0,179563.0,陳易希,0.0,Q5070391,Geography.Regions.Asia.Asia*,179563.0,4564.745801089397,3.0,7728.0
4089,7.0,179683.0,任志剛,0.990301549434662,Q6288102,Culture.Biography.Biography*,179683.0,1442.0992502635747,3.0,2332.0
4090,7.0,179683.0,任志剛,0.41865252161026,Q6288102,Geography.Regions.Asia.East_Asia,179683.0,1442.0992502635747,3.0,2332.0
4091,7.0,179683.0,任志剛,0.4114462008476257,Q6288102,Geography.Regions.Asia.Asia*,179683.0,1442.0992502635747,3.0,2332.0
4092,22.0,180040.0,東方日報 (香港),0.7606606483459473,Q1507352,Culture.Media.Media*,180040.0,78421.86892063213,3.0,3135.0
4093,22.0,180040.0,東方日報 (香港),0.22388027811050412,Q1507352,Geography.Regions.Asia.Asia*,180040.0,78421.86892063213,3.0,3135.0
4094,22.0,180040.0,東方日報 (香港),0.0991983880996704,Q1507352,Geography.Regions.Asia.East_Asia,180040.0,78421.86892063213,3.0,3135.0
4095,22.0,180040.0,東方日報 (香港),0.0,Q1507352,Geography.Regions.Europe.Europe*,180040.0,78421.86892063213,3.0,3135.0
4096,22.0,180040.0,東方日報 (香港),0.0,Q1507352,Geography.Regions.Americas.North_America,180040.0,78421.86892063213,3.0,3135.0
4097,6.0,180284.0,诺姆·乔姆斯基,0.9969346523284912,Q9049,Culture.Biography.Biography*,180284.0,8729.532664693419,0.0,2898.0
4098,6.0,180284.0,诺姆·乔姆斯基,0.585111141204834,Q9049,Culture.Philosophy_and_religion,180284.0,8729.532664693419,0.0,2898.0
4099,6.0,180284.0,诺姆·乔姆斯基,0.3415925204753876,Q9049,History_and_Society.Society,180284.0,8729.532664693419,0.0,2898.0
4100,6.0,180284.0,诺姆·乔姆斯基,0.3007555902004242,Q9049,History_and_Society.Education,180284.0,8729.532664693419,0.0,2898.0
4101,6.0,180284.0,诺姆·乔姆斯基,0.22816647589206696,Q9049,Culture.Biography.Women,180284.0,8729.532664693419,0.0,2898.0
4102,6.0,180284.0,诺姆·乔姆斯基,0.2069040536880493,Q9049,STEM.STEM*,180284.0,8729.532664693419,0.0,2898.0
4103,6.0,180284.0,诺姆·乔姆斯基,0.1732981950044632,Q9049,History_and_Society.History,180284.0,8729.532664693419,0.0,2898.0
4104,6.0,180284.0,诺姆·乔姆斯基,0.14415885508060455,Q9049,History_and_Society.Politics_and_government,180284.0,8729.532664693419,0.0,2898.0
4105,6.0,180284.0,诺姆·乔姆斯基,0.12253321707248688,Q9049,Culture.Linguistics,180284.0,8729.532664693419,0.0,2898.0
4106,6.0,180284.0,诺姆·乔姆斯基,0.0,Q9049,Geography.Regions.Europe.Europe*,180284.0,8729.532664693419,0.0,2898.0
4107,6.0,180284.0,诺姆·乔姆斯基,0.0,Q9049,Geography.Regions.Americas.North_America,180284.0,8729.532664693419,0.0,2898.0
4108,6.0,180284.0,诺姆·乔姆斯基,0.0,Q9049,Geography.Regions.Europe.Northern_Europe,180284.0,8729.532664693419,0.0,2898.0
4109,6.0,180284.0,诺姆·乔姆斯基,0.0,Q9049,Geography.Regions.Asia.Asia*,180284.0,8729.532664693419,0.0,2898.0
4110,6.0,180284.0,诺姆·乔姆斯基,0.0,Q9049,Geography.Regions.Europe.Western_Europe,180284.0,8729.532664693419,0.0,2898.0
4111,6.0,180284.0,诺姆·乔姆斯基,0.0,Q9049,Geography.Regions.Europe.Eastern_Europe,180284.0,8729.532664693419,0.0,2898.0
4112,6.0,180284.0,诺姆·乔姆斯基,0.0,Q9049,Geography.Regions.Asia.West_Asia,180284.0,8729.532664693419,0.0,2898.0
4113,9.0,180360.0,英聯邦王國,0.4529760947227478,Q202686,Geography.Geographical,180360.0,5521.395877327307,1.0,2543.0
4114,9.0,180360.0,英聯邦王國,0.38492217659950256,Q202686,History_and_Society.Politics_and_government,180360.0,5521.395877327307,1.0,2543.0
4115,9.0,180360.0,英聯邦王國,0.2689514458179474,Q202686,History_and_Society.History,180360.0,5521.395877327307,1.0,2543.0
4116,9.0,180360.0,英聯邦王國,0.0,Q202686,Geography.Regions.Europe.Europe*,180360.0,5521.395877327307,1.0,2543.0
4117,9.0,180360.0,英聯邦王國,0.0,Q202686,Geography.Regions.Europe.Northern_Europe,180360.0,5521.395877327307,1.0,2543.0
4118,12.0,180719.0,民航空運公司,0.8872146010398865,Q487559,History_and_Society.Transportation,180719.0,810.4997199997612,10.0,1391.0
4119,12.0,180719.0,民航空運公司,0.8872146010398865,Q487559,STEM.Engineering,180719.0,810.4997199997612,10.0,1391.0
4120,12.0,180719.0,民航空運公司,0.8706072568893433,Q487559,STEM.STEM*,180719.0,810.4997199997612,10.0,1391.0
4121,12.0,180719.0,民航空運公司,0.4301573634147644,Q487559,History_and_Society.Society,180719.0,810.4997199997612,10.0,1391.0
4122,12.0,180719.0,民航空運公司,0.3893042674064636,Q487559,Geography.Regions.Asia.East_Asia,180719.0,810.4997199997612,10.0,1391.0
4123,12.0,180719.0,民航空運公司,0.3775506913661957,Q487559,History_and_Society.Business_and_economics,180719.0,810.4997199997612,10.0,1391.0
4124,12.0,180719.0,民航空運公司,0.33459946513175964,Q487559,Culture.Biography.Biography*,180719.0,810.4997199997612,10.0,1391.0
4125,12.0,180719.0,民航空運公司,0.3070772161483765,Q487559,Geography.Regions.Asia.Asia*,180719.0,810.4997199997612,10.0,1391.0
4126,7.0,180769.0,兩航事件,0.4990100135803223,Q10891846,Geography.Regions.Asia.East_Asia,180769.0,5144.606401542014,10.0,1230.0
4127,7.0,180769.0,兩航事件,0.49675815010070795,Q10891846,Geography.Regions.Asia.Asia*,180769.0,5144.606401542014,10.0,1230.0
4128,2.0,181572.0,七公主,0.9688661694526672,Q10864490,Culture.Biography.Biography*,181572.0,1398.7371156823017,12.0,2319.0
4129,2.0,181572.0,七公主,0.4455395638942719,Q10864490,History_and_Society.History,181572.0,1398.7371156823017,12.0,2319.0
4130,2.0,181572.0,七公主,0.348655104637146,Q10864490,Culture.Biography.Women,181572.0,1398.7371156823017,12.0,2319.0
4131,2.0,181572.0,七公主,0.0,Q10864490,Geography.Regions.Asia.Asia*,181572.0,1398.7371156823017,12.0,2319.0
4132,2.0,181572.0,七公主,0.0,Q10864490,Geography.Regions.Asia.South_Asia,181572.0,1398.7371156823017,12.0,2319.0
4133,2.0,181572.0,七公主,0.0,Q10864490,Geography.Regions.Europe.Europe*,181572.0,1398.7371156823017,12.0,2319.0
4134,17.0,181883.0,美國聯邦政府,0.4659240117073059,Q48525,Geography.Regions.Americas.North_America,181883.0,70971.03285717606,5.0,3941.0
4135,17.0,181883.0,美國聯邦政府,0.1968362182378769,Q48525,STEM.STEM*,181883.0,70971.03285717606,5.0,3941.0
4136,17.0,181883.0,美國聯邦政府,0.11280541121959685,Q48525,History_and_Society.Business_and_economics,181883.0,70971.03285717606,5.0,3941.0
4137,17.0,181883.0,美國聯邦政府,0.1097157895565033,Q48525,History_and_Society.Politics_and_government,181883.0,70971.03285717606,5.0,3941.0
4138,1.0,182500.0,郭鶴年,0.994098961353302,Q2121595,Culture.Biography.Biography*,182500.0,0.0,13.0,2388.0
4139,1.0,182500.0,郭鶴年,0.8840492963790894,Q2121595,History_and_Society.Business_and_economics,182500.0,0.0,13.0,2388.0
4140,1.0,182500.0,郭鶴年,0.4294682612419128,Q2121595,Geography.Regions.Asia.Asia*,182500.0,0.0,13.0,2388.0
4141,1.0,182500.0,郭鶴年,0.42531375789642334,Q2121595,Geography.Regions.Asia.Southeast_Asia,182500.0,0.0,13.0,2388.0
4142,5.0,182519.0,酸雨,0.9073222279548644,Q40178,STEM.STEM*,182519.0,23204.10321061366,5.0,2346.0
4143,5.0,182519.0,酸雨,0.6297846436500549,Q40178,STEM.Earth_and_environment,182519.0,23204.10321061366,5.0,2346.0
4144,5.0,182519.0,酸雨,0.6001983880996704,Q40178,History_and_Society.Society,182519.0,23204.10321061366,5.0,2346.0
4145,5.0,182519.0,酸雨,0.4455395638942719,Q40178,History_and_Society.Politics_and_government,182519.0,23204.10321061366,5.0,2346.0
4146,5.0,182519.0,酸雨,0.16886694729328156,Q40178,STEM.Technology,182519.0,23204.10321061366,5.0,2346.0
4147,5.0,182519.0,酸雨,0.14034625887870789,Q40178,STEM.Medicine_&_Health,182519.0,23204.10321061366,5.0,2346.0
4148,6.0,182543.0,凱悅酒店,0.8903042674064636,Q1425063,History_and_Society.Business_and_economics,182543.0,1503.9129196541917,10.0,1589.0
4149,6.0,182543.0,凱悅酒店,0.3923468291759491,Q1425063,Culture.Visual_arts.Visual_arts*,182543.0,1503.9129196541917,10.0,1589.0
4150,6.0,182543.0,凱悅酒店,0.3730872144699097,Q1425063,Geography.Regions.Americas.North_America,182543.0,1503.9129196541917,10.0,1589.0
4151,6.0,182543.0,凱悅酒店,0.20182321965694427,Q1425063,Culture.Visual_arts.Architecture,182543.0,1503.9129196541917,10.0,1589.0
4152,6.0,182543.0,凱悅酒店,0.11921291798353195,Q1425063,Culture.Media.Media*,182543.0,1503.9129196541917,10.0,1589.0
4153,5.0,182564.0,野豬大改造,0.9755869507789612,Q1154027,Culture.Media.Media*,182564.0,5530.249442375562,13.0,3064.0
4154,5.0,182564.0,野豬大改造,0.8991314172744751,Q1154027,Culture.Media.Television,182564.0,5530.249442375562,13.0,3064.0
4155,5.0,182564.0,野豬大改造,0.4334051480293274,Q1154027,Geography.Regions.Asia.East_Asia,182564.0,5530.249442375562,13.0,3064.0
4156,5.0,182564.0,野豬大改造,0.41865252161026,Q1154027,Geography.Regions.Asia.Asia*,182564.0,5530.249442375562,13.0,3064.0
4157,5.0,182564.0,野豬大改造,0.23371636867523196,Q1154027,Culture.Literature,182564.0,5530.249442375562,13.0,3064.0
4158,5.0,182574.0,小紅豆 (漫畫),1.0000100135803225,Q705093,Culture.Literature,182574.0,9382.892713981206,13.0,2054.0
4159,5.0,182574.0,小紅豆 (漫畫),1.0000100135803225,Q705093,Culture.Visual_arts.Comics_and_Anime,182574.0,9382.892713981206,13.0,2054.0
4160,5.0,182574.0,小紅豆 (漫畫),1.0000100135803225,Q705093,Culture.Visual_arts.Visual_arts*,182574.0,9382.892713981206,13.0,2054.0
4161,5.0,182574.0,小紅豆 (漫畫),0.18714269995689392,Q705093,Culture.Internet_culture,182574.0,9382.892713981206,13.0,2054.0
4162,5.0,182574.0,小紅豆 (漫畫),0.1732981950044632,Q705093,Culture.Media.Media*,182574.0,9382.892713981206,13.0,2054.0
4163,5.0,182574.0,小紅豆 (漫畫),0.1294127255678177,Q705093,Culture.Media.Video_games,182574.0,9382.892713981206,13.0,2054.0
4164,6.0,182671.0,聖地牙哥 (加利福尼亞州),0.974052667617798,Q16552,Geography.Geographical,182671.0,17949.366595469095,17.0,3069.0
4165,6.0,182671.0,聖地牙哥 (加利福尼亞州),0.6791887283325195,Q16552,Geography.Regions.Americas.North_America,182671.0,17949.366595469095,17.0,3069.0
4166,4.0,183157.0,何柱國 (商人),0.9905974268913268,Q7259012,Culture.Biography.Biography*,183157.0,591.470148089423,3.0,11579.0
4167,4.0,183157.0,何柱國 (商人),0.22816647589206696,Q7259012,History_and_Society.Business_and_economics,183157.0,591.470148089423,3.0,11579.0
4168,4.0,183157.0,何柱國 (商人),0.16442059183120727,Q7259012,Geography.Regions.Asia.East_Asia,183157.0,591.470148089423,3.0,11579.0
4169,4.0,183157.0,何柱國 (商人),0.0,Q7259012,Geography.Regions.Asia.Asia*,183157.0,591.470148089423,3.0,11579.0
4170,1.0,183464.0,陳文敏,0.8740872144699097,Q6216595,Culture.Biography.Biography*,183464.0,0.0,3.0,1474.0
4171,1.0,183464.0,陳文敏,0.0,Q6216595,Geography.Regions.Asia.Asia*,183464.0,0.0,3.0,1474.0
4172,1.0,183464.0,陳文敏,0.0,Q6216595,Geography.Regions.Asia.East_Asia,183464.0,0.0,3.0,1474.0
4173,8.0,184186.0,陳志雲,0.9706977605819702,Q7608884,Culture.Biography.Biography*,184186.0,11010.500379721421,12.0,2582.0
4174,8.0,184186.0,陳志雲,0.14415885508060455,Q7608884,Culture.Media.Media*,184186.0,11010.500379721421,12.0,2582.0
4175,8.0,184186.0,陳志雲,0.0,Q7608884,Geography.Regions.Asia.Asia*,184186.0,11010.500379721421,12.0,2582.0
4176,8.0,184186.0,陳志雲,0.0,Q7608884,Geography.Regions.Asia.East_Asia,184186.0,11010.500379721421,12.0,2582.0
4177,3.0,184564.0,源赖朝,0.9914325475692748,Q242800,Culture.Biography.Biography*,184564.0,605.3727950384299,13.0,2013.0
4178,3.0,184564.0,源赖朝,0.6297846436500549,Q242800,History_and_Society.Military_and_warfare,184564.0,605.3727950384299,13.0,2013.0
4179,3.0,184564.0,源赖朝,0.4543291201591492,Q242800,Geography.Regions.Asia.East_Asia,184564.0,605.3727950384299,13.0,2013.0
4180,3.0,184564.0,源赖朝,0.4543291201591492,Q242800,Geography.Regions.Asia.Asia*,184564.0,605.3727950384299,13.0,2013.0
4181,3.0,184564.0,源赖朝,0.11921291798353195,Q242800,History_and_Society.History,184564.0,605.3727950384299,13.0,2013.0
4182,9.0,184655.0,魔法老师,1.0000100135803225,Q642944,Culture.Literature,184655.0,43816.05696363527,13.0,3146.0
4183,9.0,184655.0,魔法老师,1.0000100135803225,Q642944,Culture.Visual_arts.Comics_and_Anime,184655.0,43816.05696363527,13.0,3146.0
4184,9.0,184655.0,魔法老师,1.0000100135803225,Q642944,Culture.Visual_arts.Visual_arts*,184655.0,43816.05696363527,13.0,3146.0
4185,4.0,184715.0,亞歷山大六世,0.9937201142311096,Q108316,Culture.Biography.Biography*,184715.0,5345.913090446686,11.0,1212.0
4186,4.0,184715.0,亞歷山大六世,0.6926519870758057,Q108316,Culture.Philosophy_and_religion,184715.0,5345.913090446686,11.0,1212.0
4187,4.0,184715.0,亞歷山大六世,0.1968362182378769,Q108316,History_and_Society.History,184715.0,5345.913090446686,11.0,1212.0
4188,4.0,184715.0,亞歷山大六世,0.10667316818237303,Q108316,Geography.Regions.Europe.Europe*,184715.0,5345.913090446686,11.0,1212.0
4189,4.0,184715.0,亞歷山大六世,0.0,Q108316,Geography.Regions.Europe.Southern_Europe,184715.0,5345.913090446686,11.0,1212.0
4190,6.0,185174.0,应许之地,1.0000100135803225,Q44536,Culture.Biography.Biography*,185174.0,10704.383037907366,11.0,1618.0
4191,6.0,185174.0,应许之地,1.0000100135803225,Q44536,History_and_Society.Society,185174.0,10704.383037907366,11.0,1618.0
4192,6.0,185174.0,应许之地,0.2069040536880493,Q44536,Culture.Literature,185174.0,10704.383037907366,11.0,1618.0
4193,6.0,185174.0,应许之地,0.1824355274438858,Q44536,History_and_Society.History,185174.0,10704.383037907366,11.0,1618.0
4194,6.0,185174.0,应许之地,0.1824355274438858,Q44536,Culture.Visual_arts.Visual_arts*,185174.0,10704.383037907366,11.0,1618.0
4195,6.0,185174.0,应许之地,0.1732981950044632,Q44536,History_and_Society.Business_and_economics,185174.0,10704.383037907366,11.0,1618.0
4196,6.0,185174.0,应许之地,0.16027602553367615,Q44536,Culture.Philosophy_and_religion,185174.0,10704.383037907366,11.0,1618.0
4197,6.0,185174.0,应许之地,0.11597072333097458,Q44536,History_and_Society.Politics_and_government,185174.0,10704.383037907366,11.0,1618.0
4198,6.0,185174.0,应许之地,0.0,Q44536,Geography.Regions.Europe.Europe*,185174.0,10704.383037907366,11.0,1618.0
4199,6.0,185174.0,应许之地,0.0,Q44536,Geography.Regions.Americas.North_America,185174.0,10704.383037907366,11.0,1618.0
4200,6.0,185174.0,应许之地,0.0,Q44536,Geography.Regions.Europe.Western_Europe,185174.0,10704.383037907366,11.0,1618.0
4201,6.0,185174.0,应许之地,0.0,Q44536,Geography.Regions.Europe.Northern_Europe,185174.0,10704.383037907366,11.0,1618.0
4202,6.0,185174.0,应许之地,0.0,Q44536,Geography.Regions.Africa.Africa*,185174.0,10704.383037907366,11.0,1618.0
4203,1.0,185411.0,涼宮春日系列,0.9993221759796144,Q498992,Culture.Visual_arts.Comics_and_Anime,185411.0,0.0,14.0,3157.0
4204,1.0,185411.0,涼宮春日系列,0.9991540908813475,Q498992,Culture.Literature,185411.0,0.0,14.0,3157.0
4205,1.0,185411.0,涼宮春日系列,0.9972950220108032,Q498992,Culture.Visual_arts.Visual_arts*,185411.0,0.0,14.0,3157.0
4206,1.0,185411.0,涼宮春日系列,0.4921981394290924,Q498992,Culture.Media.Media*,185411.0,0.0,14.0,3157.0
4207,1.0,185411.0,涼宮春日系列,0.3276783227920532,Q498992,Culture.Internet_culture,185411.0,0.0,14.0,3157.0
4208,1.0,185411.0,涼宮春日系列,0.2568419873714447,Q498992,Culture.Media.Video_games,185411.0,0.0,14.0,3157.0
4209,16.0,185813.0,自然 (期刊),0.9863731861114502,Q180445,Culture.Literature,185813.0,54829.4118215664,7.0,3078.0
4210,16.0,185813.0,自然 (期刊),0.9859463572502136,Q180445,STEM.STEM*,185813.0,54829.4118215664,7.0,3078.0
4211,16.0,185813.0,自然 (期刊),0.1520422399044037,Q180445,STEM.Biology,185813.0,54829.4118215664,7.0,3078.0
4212,3.0,185864.0,A計劃,0.9566442370414734,Q1144590,Culture.Media.Films,185864.0,0.0,12.0,1960.0
4213,3.0,185864.0,A計劃,0.9566442370414734,Q1144590,Culture.Media.Media*,185864.0,0.0,12.0,1960.0
4214,3.0,185864.0,A計劃,0.4627899398803711,Q1144590,Geography.Regions.Asia.East_Asia,185864.0,0.0,12.0,1960.0
4215,3.0,185864.0,A計劃,0.40366052293777466,Q1144590,Geography.Regions.Asia.Asia*,185864.0,0.0,12.0,1960.0
4216,3.0,185864.0,A計劃,0.1097157895565033,Q1144590,Culture.Sports,185864.0,0.0,12.0,1960.0
4217,8.0,185874.0,東方三俠,0.966924011707306,Q245817,Culture.Media.Media*,185874.0,2288.552066271221,12.0,1527.0
4218,8.0,185874.0,東方三俠,0.9324633479118348,Q245817,Culture.Media.Films,185874.0,2288.552066271221,12.0,1527.0
4219,8.0,185874.0,東方三俠,0.4627899398803711,Q245817,Geography.Regions.Asia.East_Asia,185874.0,2288.552066271221,12.0,1527.0
4220,8.0,185874.0,東方三俠,0.4616831412315369,Q245817,Geography.Regions.Asia.Asia*,185874.0,2288.552066271221,12.0,1527.0
4221,8.0,185874.0,東方三俠,0.10088862478733064,Q245817,Culture.Visual_arts.Visual_arts*,185874.0,2288.552066271221,12.0,1527.0
4222,6.0,186527.0,何婉琪,0.9924327731132508,Q7486226,Culture.Biography.Biography*,186527.0,1.25,2.0,2933.0
4223,6.0,186527.0,何婉琪,0.7981967926025391,Q7486226,Culture.Biography.Women,186527.0,1.25,2.0,2933.0
4224,6.0,186527.0,何婉琪,0.6224693655967712,Q7486226,History_and_Society.History,186527.0,1.25,2.0,2933.0
4225,6.0,186527.0,何婉琪,0.3429050912857056,Q7486226,Geography.Regions.Asia.East_Asia,186527.0,1.25,2.0,2933.0
4226,6.0,186527.0,何婉琪,0.32119916582107544,Q7486226,Geography.Regions.Asia.Asia*,186527.0,1.25,2.0,2933.0
4227,6.0,186527.0,何婉琪,0.10088862478733064,Q7486226,Culture.Media.Media*,186527.0,1.25,2.0,2933.0
4228,6.0,186527.0,何婉琪,0.0,Q7486226,Geography.Regions.Europe.Europe*,186527.0,1.25,2.0,2933.0
4229,2.0,186693.0,何英傑,0.98678719997406,Q10886391,Culture.Biography.Biography*,186693.0,0.0,3.0,965.0
4230,2.0,186693.0,何英傑,0.24509501457214355,Q10886391,History_and_Society.Business_and_economics,186693.0,0.0,3.0,965.0
4231,2.0,186693.0,何英傑,0.08411114120483397,Q10886391,Geography.Regions.Asia.Asia*,186693.0,0.0,3.0,965.0
4232,2.0,186693.0,何英傑,0.0,Q10886391,Geography.Regions.Asia.East_Asia,186693.0,0.0,3.0,965.0
4233,4.0,187551.0,麥兜故事,0.9931061863899232,Q698728,Culture.Media.Films,187551.0,11435.116360828715,12.0,3609.0
4234,4.0,187551.0,麥兜故事,0.9863731861114502,Q698728,Culture.Media.Media*,187551.0,11435.116360828715,12.0,3609.0
4235,4.0,187551.0,麥兜故事,0.4826069941520691,Q698728,Geography.Regions.Asia.East_Asia,187551.0,11435.116360828715,12.0,3609.0
4236,4.0,187551.0,麥兜故事,0.4722507467269898,Q698728,Geography.Regions.Asia.Asia*,187551.0,11435.116360828715,12.0,3609.0
4237,7.0,187654.0,阿郎的故事,0.6791887283325195,Q2837448,Culture.Media.Media*,187654.0,5738.50600724222,12.0,2688.0
4238,7.0,187654.0,阿郎的故事,0.4889964332580566,Q2837448,Geography.Regions.Asia.East_Asia,187654.0,5738.50600724222,12.0,2688.0
4239,7.0,187654.0,阿郎的故事,0.4831036200523377,Q2837448,Geography.Regions.Asia.Asia*,187654.0,5738.50600724222,12.0,2688.0
4240,7.0,187654.0,阿郎的故事,0.3415925204753876,Q2837448,Culture.Media.Films,187654.0,5738.50600724222,12.0,2688.0
4241,7.0,187654.0,阿郎的故事,0.10088862478733064,Q2837448,Culture.Biography.Biography*,187654.0,5738.50600724222,12.0,2688.0
4242,4.0,187999.0,克萊門斯·梅特涅,0.9947898983955384,Q45662,Culture.Biography.Biography*,187999.0,2192.856290968477,1.0,1478.0
4243,4.0,187999.0,克萊門斯·梅特涅,0.30218379402160644,Q45662,Geography.Regions.Europe.Europe*,187999.0,2192.856290968477,1.0,1478.0
4244,4.0,187999.0,克萊門斯·梅特涅,0.19194278120994568,Q45662,History_and_Society.Military_and_warfare,187999.0,2192.856290968477,1.0,1478.0
4245,4.0,187999.0,克萊門斯·梅特涅,0.18495945835113525,Q45662,Geography.Regions.Europe.Western_Europe,187999.0,2192.856290968477,1.0,1478.0
4246,4.0,187999.0,克萊門斯·梅特涅,0.10088862478733064,Q45662,History_and_Society.History,187999.0,2192.856290968477,1.0,1478.0
4247,5.0,188582.0,關淑怡,0.9965265989303588,Q7498791,Culture.Biography.Biography*,188582.0,14205.063024274896,12.0,12515.0
4248,5.0,188582.0,關淑怡,0.5775054097175598,Q7498791,Culture.Biography.Women,188582.0,14205.063024274896,12.0,12515.0
4249,5.0,188582.0,關淑怡,0.4901626577377319,Q7498791,Geography.Regions.Asia.East_Asia,188582.0,14205.063024274896,12.0,12515.0
4250,5.0,188582.0,關淑怡,0.4745869507789612,Q7498791,Geography.Regions.Asia.Asia*,188582.0,14205.063024274896,12.0,12515.0
4251,5.0,188582.0,關淑怡,0.4225146472454071,Q7498791,Culture.Media.Music,188582.0,14205.063024274896,12.0,12515.0
4252,5.0,188582.0,關淑怡,0.3276783227920532,Q7498791,Culture.Media.Media*,188582.0,14205.063024274896,12.0,12515.0
4253,1.0,189361.0,安妮·博林,0.997894287109375,Q80823,Culture.Biography.Biography*,189361.0,0.0,4.0,3223.0
4254,1.0,189361.0,安妮·博林,0.8311530351638794,Q80823,Culture.Biography.Women,189361.0,0.0,4.0,3223.0
4255,1.0,189361.0,安妮·博林,0.7718535065650941,Q80823,History_and_Society.History,189361.0,0.0,4.0,3223.0
4256,1.0,189361.0,安妮·博林,0.22388027811050412,Q80823,Geography.Regions.Europe.Europe*,189361.0,0.0,4.0,3223.0
4257,1.0,189361.0,安妮·博林,0.0,Q80823,Geography.Regions.Europe.Northern_Europe,189361.0,0.0,4.0,3223.0
4258,1.0,189361.0,安妮·博林,0.0,Q80823,Geography.Regions.Europe.Western_Europe,189361.0,0.0,4.0,3223.0
4259,2.0,189708.0,劉長樂,0.984585464000702,Q8991232,Culture.Biography.Biography*,189708.0,0.0,10.0,7698.0
4260,2.0,189708.0,劉長樂,0.35867373847961426,Q8991232,Geography.Regions.Asia.East_Asia,189708.0,0.0,10.0,7698.0
4261,2.0,189708.0,劉長樂,0.338743971824646,Q8991232,Geography.Regions.Asia.Asia*,189708.0,0.0,10.0,7698.0
4262,2.0,189708.0,劉長樂,0.16452647745609286,Q8991232,History_and_Society.Business_and_economics,189708.0,0.0,10.0,7698.0
4263,18.0,190158.0,国务院港澳事务办公室,0.4501522054672241,Q840285,Geography.Regions.Asia.East_Asia,190158.0,16161.390756906994,3.0,2039.0
4264,18.0,190158.0,国务院港澳事务办公室,0.42531375789642334,Q840285,Geography.Regions.Asia.Asia*,190158.0,16161.390756906994,3.0,2039.0
4265,18.0,190158.0,国务院港澳事务办公室,0.16027602553367615,Q840285,History_and_Society.Politics_and_government,190158.0,16161.390756906994,3.0,2039.0
4266,18.0,190158.0,国务院港澳事务办公室,0.1097157895565033,Q840285,History_and_Society.Military_and_warfare,190158.0,16161.390756906994,3.0,2039.0
4267,18.0,190158.0,国务院港澳事务办公室,0.1067005917429924,Q840285,STEM.STEM*,190158.0,16161.390756906994,3.0,2039.0
4268,18.0,190158.0,国务院港澳事务办公室,0.10375863313674928,Q840285,History_and_Society.Business_and_economics,190158.0,16161.390756906994,3.0,2039.0
4269,1.0,190513.0,盧恩字母,0.9830951094627379,Q82996,Culture.Linguistics,190513.0,0.0,13.0,2697.0
4270,1.0,190513.0,盧恩字母,0.7186043858528137,Q82996,History_and_Society.History,190513.0,0.0,13.0,2697.0
4271,1.0,190513.0,盧恩字母,0.0,Q82996,Geography.Regions.Europe.Europe*,190513.0,0.0,13.0,2697.0
4272,1.0,190513.0,盧恩字母,0.0,Q82996,Geography.Regions.Europe.Northern_Europe,190513.0,0.0,13.0,2697.0
4273,8.0,190568.0,劉家輝,0.9991540908813475,Q1071583,Culture.Biography.Biography*,190568.0,21764.256115384112,12.0,3299.0
4274,8.0,190568.0,劉家輝,0.053480433464050285,Q1071583,Geography.Regions.Asia.Asia*,190568.0,21764.256115384112,12.0,3299.0
4275,8.0,190568.0,劉家輝,0.0,Q1071583,Geography.Regions.Asia.East_Asia,190568.0,21764.256115384112,12.0,3299.0
4276,4.0,191453.0,防空警报,0.3007555902004242,Q695738,History_and_Society.Politics_and_government,191453.0,2124.7805998231743,5.0,1478.0
4277,4.0,191453.0,防空警报,0.21734751760959625,Q695738,STEM.STEM*,191453.0,2124.7805998231743,5.0,1478.0
4278,4.0,191453.0,防空警报,0.16886694729328156,Q695738,STEM.Technology,191453.0,2124.7805998231743,5.0,1478.0
4279,4.0,191453.0,防空警报,0.16452647745609286,Q695738,History_and_Society.Military_and_warfare,191453.0,2124.7805998231743,5.0,1478.0
4280,4.0,191453.0,防空警报,0.14034625887870789,Q695738,History_and_Society.Business_and_economics,191453.0,2124.7805998231743,5.0,1478.0
4281,4.0,191453.0,防空警报,0.0,Q695738,Geography.Regions.Americas.North_America,191453.0,2124.7805998231743,5.0,1478.0
4282,4.0,191453.0,防空警报,0.0,Q695738,Geography.Regions.Europe.Northern_Europe,191453.0,2124.7805998231743,5.0,1478.0
4283,8.0,191625.0,耶穌受難記,0.9890230894088744,Q51668,Culture.Media.Films,191625.0,23306.1999148238,11.0,3655.0
4284,8.0,191625.0,耶穌受難記,0.9863731861114502,Q51668,Culture.Media.Media*,191625.0,23306.1999148238,11.0,3655.0
4285,8.0,191625.0,耶穌受難記,0.0,Q51668,Geography.Regions.Europe.Europe*,191625.0,23306.1999148238,11.0,3655.0
4286,8.0,191625.0,耶穌受難記,0.0,Q51668,Geography.Regions.Americas.North_America,191625.0,23306.1999148238,11.0,3655.0
4287,6.0,192209.0,臺澎金馬個別關稅領域,1.0000100135803225,Q10915215,Culture.Biography.Biography*,192209.0,3790.1483845467537,5.0,1435.0
4288,6.0,192209.0,臺澎金馬個別關稅領域,1.0000100135803225,Q10915215,History_and_Society.Society,192209.0,3790.1483845467537,5.0,1435.0
4289,6.0,192209.0,臺澎金馬個別關稅領域,0.4982778301239014,Q10915215,Geography.Regions.Asia.East_Asia,192209.0,3790.1483845467537,5.0,1435.0
4290,6.0,192209.0,臺澎金馬個別關稅領域,0.4773946871757507,Q10915215,Geography.Regions.Asia.Asia*,192209.0,3790.1483845467537,5.0,1435.0
4291,6.0,192209.0,臺澎金馬個別關稅領域,0.26285186409950256,Q10915215,History_and_Society.Business_and_economics,192209.0,3790.1483845467537,5.0,1435.0
4292,6.0,192209.0,臺澎金馬個別關稅領域,0.2509227991104126,Q10915215,STEM.STEM*,192209.0,3790.1483845467537,5.0,1435.0
4293,6.0,192209.0,臺澎金馬個別關稅領域,0.2120788097381592,Q10915215,Culture.Linguistics,192209.0,3790.1483845467537,5.0,1435.0
4294,6.0,192209.0,臺澎金馬個別關稅領域,0.19194278120994568,Q10915215,History_and_Society.Education,192209.0,3790.1483845467537,5.0,1435.0
4295,6.0,192209.0,臺澎金馬個別關稅領域,0.1259327530860901,Q10915215,History_and_Society.Transportation,192209.0,3790.1483845467537,5.0,1435.0
4296,6.0,192209.0,臺澎金馬個別關稅領域,0.11921291798353195,Q10915215,History_and_Society.Politics_and_government,192209.0,3790.1483845467537,5.0,1435.0
4297,6.0,192209.0,臺澎金馬個別關稅領域,0.0,Q10915215,Geography.Geographical,192209.0,3790.1483845467537,5.0,1435.0
4298,2.0,192739.0,鄧家爭產事件,0.2942249774932861,Q15906216,STEM.STEM*,192739.0,0.0,12.0,1502.0
4299,2.0,192739.0,鄧家爭產事件,0.0,Q15906216,Geography.Regions.Asia.Asia*,192739.0,0.0,12.0,1502.0
4300,2.0,192739.0,鄧家爭產事件,0.0,Q15906216,Geography.Regions.Americas.North_America,192739.0,0.0,12.0,1502.0
4301,2.0,192739.0,鄧家爭產事件,0.0,Q15906216,Geography.Regions.Europe.Europe*,192739.0,0.0,12.0,1502.0
4302,7.0,193154.0,韩琦,0.8706072568893433,Q11663960,Culture.Biography.Biography*,193154.0,7176.377529886995,15.0,7929.0
4303,7.0,193154.0,韩琦,0.40366052293777466,Q11663960,Geography.Regions.Asia.Asia*,193154.0,7176.377529886995,15.0,7929.0
4304,7.0,193154.0,韩琦,0.3548611869812012,Q11663960,Geography.Regions.Asia.East_Asia,193154.0,7176.377529886995,15.0,7929.0
4305,7.0,193154.0,韩琦,0.14805719256401062,Q11663960,History_and_Society.Military_and_warfare,193154.0,7176.377529886995,15.0,7929.0
4306,3.0,193198.0,水星領航員,1.0000100135803225,Q91802,Culture.Visual_arts.Visual_arts*,193198.0,4880.517138508542,13.0,3704.0
4307,3.0,193198.0,水星領航員,1.0000100135803225,Q91802,Culture.Visual_arts.Comics_and_Anime,193198.0,4880.517138508542,13.0,3704.0
4308,3.0,193198.0,水星領航員,0.9995221495628356,Q91802,Culture.Literature,193198.0,4880.517138508542,13.0,3704.0
4309,3.0,193198.0,水星領航員,0.3007555902004242,Q91802,Culture.Media.Entertainment,193198.0,4880.517138508542,13.0,3704.0
4310,3.0,193198.0,水星領航員,0.16027602553367615,Q91802,Culture.Media.Media*,193198.0,4880.517138508542,13.0,3704.0
4311,3.0,193198.0,水星領航員,0.0,Q91802,Geography.Regions.Asia.East_Asia,193198.0,4880.517138508542,13.0,3704.0
4312,3.0,193198.0,水星領航員,0.0,Q91802,Geography.Regions.Asia.Asia*,193198.0,4880.517138508542,13.0,3704.0
4313,1.0,193311.0,信陵君,0.9875783920288086,Q1038423,Culture.Biography.Biography*,193311.0,0.0,15.0,2491.0
4314,1.0,193311.0,信陵君,0.13661839067935946,Q1038423,History_and_Society.Military_and_warfare,193311.0,0.0,15.0,2491.0
4315,1.0,193311.0,信陵君,0.11280541121959685,Q1038423,History_and_Society.History,193311.0,0.0,15.0,2491.0
4316,1.0,193311.0,信陵君,0.053480433464050285,Q1038423,Geography.Regions.Asia.East_Asia,193311.0,0.0,15.0,2491.0
4317,1.0,193311.0,信陵君,0.04574816131591797,Q1038423,Geography.Regions.Asia.Asia*,193311.0,0.0,15.0,2491.0
4318,1.0,193311.0,信陵君,0.0,Q1038423,Geography.Regions.Europe.Europe*,193311.0,0.0,15.0,2491.0
4319,2.0,193389.0,無限制潛艇戰,1.0000100135803225,Q1119089,History_and_Society.Military_and_warfare,193389.0,936.9930849263087,11.0,1109.0
4320,2.0,193389.0,無限制潛艇戰,0.4301573634147644,Q1119089,History_and_Society.Transportation,193389.0,936.9930849263087,11.0,1109.0
4321,1.0,193397.0,黑金 (電影),0.9790457487106324,Q11179611,Culture.Media.Media*,193397.0,0.0,6.0,3830.0
4322,1.0,193397.0,黑金 (電影),0.9539760947227478,Q11179611,Culture.Media.Films,193397.0,0.0,6.0,3830.0
4323,1.0,193397.0,黑金 (電影),0.4941046109199524,Q11179611,Geography.Regions.Asia.East_Asia,193397.0,0.0,6.0,3830.0
4324,1.0,193397.0,黑金 (電影),0.4921061863899231,Q11179611,Geography.Regions.Asia.Asia*,193397.0,0.0,6.0,3830.0
4325,1.0,193397.0,黑金 (電影),0.4688006341457367,Q11179611,Culture.Biography.Biography*,193397.0,0.0,6.0,3830.0
4326,1.0,193397.0,黑金 (電影),0.24509501457214355,Q11179611,History_and_Society.Society,193397.0,0.0,6.0,3830.0
4327,2.0,193467.0,黃春明,1.0000100135803225,Q5925492,Culture.Biography.Biography*,193467.0,309.74800942858263,2.0,2531.0
4328,2.0,193467.0,黃春明,0.960371196269989,Q5925492,History_and_Society.Society,193467.0,309.74800942858263,2.0,2531.0
4329,2.0,193467.0,黃春明,0.4714247455596924,Q5925492,Geography.Regions.Asia.East_Asia,193467.0,309.74800942858263,2.0,2531.0
4330,2.0,193467.0,黃春明,0.4501522054672241,Q5925492,Geography.Regions.Asia.Asia*,193467.0,309.74800942858263,2.0,2531.0
4331,3.0,193790.0,极品飞车系列,1.0000100135803225,Q55679,Culture.Media.Video_games,193790.0,5005.72145086252,12.0,2767.0
4332,3.0,193790.0,极品飞车系列,0.9989112615585328,Q55679,Culture.Internet_culture,193790.0,5005.72145086252,12.0,2767.0
4333,3.0,193790.0,极品飞车系列,0.9942797422409058,Q55679,Culture.Media.Media*,193790.0,5005.72145086252,12.0,2767.0
4334,3.0,193823.0,臺鐵捷運化,1.0000100135803225,Q11412054,History_and_Society.Society,193823.0,1685.621799290246,13.0,3518.0
4335,3.0,193823.0,臺鐵捷運化,1.0000100135803225,Q11412054,Culture.Biography.Biography*,193823.0,1685.621799290246,13.0,3518.0
4336,3.0,193823.0,臺鐵捷運化,0.4990100135803223,Q11412054,Geography.Regions.Asia.East_Asia,193823.0,1685.621799290246,13.0,3518.0
4337,3.0,193823.0,臺鐵捷運化,0.4983638396263122,Q11412054,Geography.Regions.Asia.Asia*,193823.0,1685.621799290246,13.0,3518.0
4338,3.0,193823.0,臺鐵捷運化,0.4378334879875183,Q11412054,History_and_Society.Business_and_economics,193823.0,1685.621799290246,13.0,3518.0
4339,3.0,193823.0,臺鐵捷運化,0.33459946513175964,Q11412054,History_and_Society.Politics_and_government,193823.0,1685.621799290246,13.0,3518.0
4340,3.0,193823.0,臺鐵捷運化,0.3007555902004242,Q11412054,STEM.STEM*,193823.0,1685.621799290246,13.0,3518.0
4341,3.0,193823.0,臺鐵捷運化,0.16452647745609286,Q11412054,Culture.Visual_arts.Architecture,193823.0,1685.621799290246,13.0,3518.0
4342,3.0,193823.0,臺鐵捷運化,0.13661839067935946,Q11412054,History_and_Society.Military_and_warfare,193823.0,1685.621799290246,13.0,3518.0
4343,3.0,193823.0,臺鐵捷運化,0.11597072333097458,Q11412054,STEM.Earth_and_environment,193823.0,1685.621799290246,13.0,3518.0
4344,3.0,193823.0,臺鐵捷運化,0.11280541121959685,Q11412054,Culture.Visual_arts.Visual_arts*,193823.0,1685.621799290246,13.0,3518.0
4345,3.0,194721.0,澜沧江,0.4985657801628113,Q15060602,Geography.Regions.Asia.Asia*,194721.0,578.986290165179,13.0,1711.0
4346,3.0,194721.0,澜沧江,0.4936250915527344,Q15060602,Geography.Regions.Asia.East_Asia,194721.0,578.986290165179,13.0,1711.0
4347,3.0,194721.0,澜沧江,0.14323513412475586,Q15060602,Geography.Regions.Asia.Southeast_Asia,194721.0,578.986290165179,13.0,1711.0
4348,3.0,194721.0,澜沧江,0.0,Q15060602,Geography.Geographical,194721.0,578.986290165179,13.0,1711.0
4349,2.0,196018.0,剑侠情缘系列,1.0000100135803225,Q6852763,Culture.Media.Video_games,196018.0,0.0,16.0,2349.0
4350,2.0,196018.0,剑侠情缘系列,1.0000100135803225,Q6852763,Culture.Internet_culture,196018.0,0.0,16.0,2349.0
4351,2.0,196018.0,剑侠情缘系列,1.0000100135803225,Q6852763,Culture.Media.Media*,196018.0,0.0,16.0,2349.0
4352,15.0,196271.0,内维尔·张伯伦,0.9991269707679749,Q10664,Culture.Biography.Biography*,196271.0,873.5504782993366,1.0,2771.0
4353,15.0,196271.0,内维尔·张伯伦,0.839743971824646,Q10664,History_and_Society.Politics_and_government,196271.0,873.5504782993366,1.0,2771.0
4354,15.0,196271.0,内维尔·张伯伦,0.2568419873714447,Q10664,History_and_Society.Education,196271.0,873.5504782993366,1.0,2771.0
4355,15.0,196271.0,内维尔·张伯伦,0.20182321965694427,Q10664,History_and_Society.Military_and_warfare,196271.0,873.5504782993366,1.0,2771.0
4356,15.0,196271.0,内维尔·张伯伦,0.11280541121959685,Q10664,History_and_Society.History,196271.0,873.5504782993366,1.0,2771.0
4357,15.0,196271.0,内维尔·张伯伦,0.04574816131591797,Q10664,Geography.Regions.Europe.Europe*,196271.0,873.5504782993366,1.0,2771.0
4358,15.0,196271.0,内维尔·张伯伦,0.03021936321258545,Q10664,Geography.Regions.Europe.Northern_Europe,196271.0,873.5504782993366,1.0,2771.0
4359,12.0,196320.0,曾俊華,0.9960646033287048,Q19225,Culture.Biography.Biography*,196320.0,16814.295110192892,3.0,2969.0
4360,12.0,196320.0,曾俊華,0.0,Q19225,Geography.Regions.Asia.Asia*,196320.0,16814.295110192892,3.0,2969.0
4361,12.0,196320.0,曾俊華,0.0,Q19225,Geography.Regions.Asia.East_Asia,196320.0,16814.295110192892,3.0,2969.0
4362,2.0,196352.0,雷鬼音樂,0.9951046109199524,Q9794,History_and_Society.Society,196352.0,0.0,13.0,2029.0
4363,2.0,196352.0,雷鬼音樂,0.8933194279670715,Q9794,Culture.Biography.Biography*,196352.0,0.0,13.0,2029.0
4364,2.0,196352.0,雷鬼音樂,0.7248802781105042,Q9794,Culture.Media.Media*,196352.0,0.0,13.0,2029.0
4365,2.0,196352.0,雷鬼音樂,0.6926519870758057,Q9794,Culture.Media.Music,196352.0,0.0,13.0,2029.0
4366,2.0,196352.0,雷鬼音樂,0.2120788097381592,Q9794,Culture.Philosophy_and_religion,196352.0,0.0,13.0,2029.0
4367,2.0,196352.0,雷鬼音樂,0.20182321965694427,Q9794,History_and_Society.History,196352.0,0.0,13.0,2029.0
4368,2.0,196352.0,雷鬼音樂,0.1097157895565033,Q9794,STEM.STEM*,196352.0,0.0,13.0,2029.0
4369,2.0,196352.0,雷鬼音樂,0.0,Q9794,Geography.Regions.Americas.Central_America,196352.0,0.0,13.0,2029.0
4370,2.0,197871.0,喀喇汗国,0.9304682612419128,Q494354,History_and_Society.History,197871.0,4389.694420573626,11.0,1484.0
4371,2.0,197871.0,喀喇汗国,0.4889964332580566,Q494354,Geography.Regions.Asia.Asia*,197871.0,4389.694420573626,11.0,1484.0
4372,2.0,197871.0,喀喇汗国,0.348655104637146,Q494354,Culture.Biography.Biography*,197871.0,4389.694420573626,11.0,1484.0
4373,2.0,197871.0,喀喇汗国,0.3301530351638794,Q494354,Geography.Regions.Asia.Central_Asia,197871.0,4389.694420573626,11.0,1484.0
4374,2.0,197871.0,喀喇汗国,0.2942249774932861,Q494354,History_and_Society.Society,197871.0,4389.694420573626,11.0,1484.0
4375,2.0,197871.0,喀喇汗国,0.2763098945617676,Q494354,Geography.Regions.Asia.West_Asia,197871.0,4389.694420573626,11.0,1484.0
4376,2.0,197871.0,喀喇汗国,0.0,Q494354,Geography.Regions.Asia.South_Asia,197871.0,4389.694420573626,11.0,1484.0
4377,9.0,198662.0,催淚彈,0.9875783920288086,Q190512,STEM.STEM*,198662.0,23296.684368974613,3.0,3280.0
4378,9.0,198662.0,催淚彈,0.8479777574539185,Q190512,History_and_Society.Society,198662.0,23296.684368974613,3.0,3280.0
4379,9.0,198662.0,催淚彈,0.4378334879875183,Q190512,STEM.Medicine_&_Health,198662.0,23296.684368974613,3.0,3280.0
4380,9.0,198662.0,催淚彈,0.2942249774932861,Q190512,STEM.Biology,198662.0,23296.684368974613,3.0,3280.0
4381,9.0,198662.0,催淚彈,0.2814156115055084,Q190512,STEM.Technology,198662.0,23296.684368974613,3.0,3280.0
4382,9.0,198662.0,催淚彈,0.11597072333097458,Q190512,STEM.Chemistry,198662.0,23296.684368974613,3.0,3280.0
4383,41.0,198884.0,葉劉淑儀,0.9983093142509459,Q50835,Culture.Biography.Biography*,198884.0,126755.0143561782,3.0,3648.0
4384,41.0,198884.0,葉劉淑儀,0.4423575868606568,Q50835,Geography.Regions.Asia.East_Asia,198884.0,126755.0143561782,3.0,3648.0
4385,41.0,198884.0,葉劉淑儀,0.40093068981170654,Q50835,Geography.Regions.Asia.Asia*,198884.0,126755.0143561782,3.0,3648.0
4386,41.0,198884.0,葉劉淑儀,0.1732981950044632,Q50835,Culture.Biography.Women,198884.0,126755.0143561782,3.0,3648.0
4387,9.0,199534.0,英國皇家海軍,0.9263137578964232,Q172771,History_and_Society.Military_and_warfare,199534.0,18303.54823463743,5.0,2937.0
4388,9.0,199534.0,英國皇家海軍,0.0,Q172771,Geography.Regions.Europe.Europe*,199534.0,18303.54823463743,5.0,2937.0
4389,9.0,199534.0,英國皇家海軍,0.0,Q172771,Geography.Regions.Europe.Northern_Europe,199534.0,18303.54823463743,5.0,2937.0
4390,6.0,200620.0,Yoshiki,0.960371196269989,Q311193,Culture.Biography.Biography*,200620.0,11803.089468698421,13.0,2775.0
4391,6.0,200620.0,Yoshiki,0.4610267877578736,Q311193,Culture.Media.Music,200620.0,11803.089468698421,13.0,2775.0
4392,6.0,200620.0,Yoshiki,0.3629792034626007,Q311193,Culture.Media.Media*,200620.0,11803.089468698421,13.0,2775.0
4393,6.0,200620.0,Yoshiki,0.037993239402771,Q311193,Geography.Regions.Asia.East_Asia,200620.0,11803.089468698421,13.0,2775.0
4394,6.0,200620.0,Yoshiki,0.0,Q311193,Geography.Regions.Asia.Asia*,200620.0,11803.089468698421,13.0,2775.0
4395,1.0,200770.0,吉崎觀音,1.0000100135803225,Q1192471,Culture.Visual_arts.Comics_and_Anime,200770.0,0.0,14.0,1126.0
4396,1.0,200770.0,吉崎觀音,0.9995794296264648,Q1192471,Culture.Visual_arts.Visual_arts*,200770.0,0.0,14.0,1126.0
4397,1.0,200770.0,吉崎觀音,0.9993638396263124,Q1192471,Culture.Literature,200770.0,0.0,14.0,1126.0
4398,1.0,200770.0,吉崎觀音,0.9946250915527344,Q1192471,Culture.Biography.Biography*,200770.0,0.0,14.0,1126.0
4399,5.0,200814.0,動漫,0.9987257122993468,Q83795582,Culture.Visual_arts.Comics_and_Anime,200814.0,8838.164159758631,8.0,3572.0
4400,5.0,200814.0,動漫,0.9952548146247864,Q83795582,Culture.Visual_arts.Visual_arts*,200814.0,8838.164159758631,8.0,3572.0
4401,5.0,200814.0,動漫,0.9836069941520692,Q83795582,Culture.Literature,200814.0,8838.164159758631,8.0,3572.0
4402,5.0,200814.0,動漫,0.7981967926025391,Q83795582,Culture.Media.Films,200814.0,8838.164159758631,8.0,3572.0
4403,5.0,200814.0,動漫,0.41490885615348816,Q83795582,Culture.Media.Media*,200814.0,8838.164159758631,8.0,3572.0
4404,5.0,200814.0,動漫,0.348655104637146,Q83795582,Culture.Media.Television,200814.0,8838.164159758631,8.0,3572.0
4405,5.0,200814.0,動漫,0.12878464365005493,Q83795582,Geography.Regions.Asia.East_Asia,200814.0,8838.164159758631,8.0,3572.0
4406,5.0,200814.0,動漫,0.0,Q83795582,Geography.Regions.Asia.Asia*,200814.0,8838.164159758631,8.0,3572.0
4407,1.0,200875.0,阿姆羅·雷,0.984585464000702,Q508511,Culture.Literature,200875.0,0.0,13.0,2801.0
4408,1.0,200875.0,阿姆羅·雷,0.9539760947227478,Q508511,Culture.Visual_arts.Comics_and_Anime,200875.0,0.0,13.0,2801.0
4409,1.0,200875.0,阿姆羅·雷,0.754925012588501,Q508511,Culture.Visual_arts.Visual_arts*,200875.0,0.0,13.0,2801.0
4410,1.0,200875.0,阿姆羅·雷,0.22816647589206696,Q508511,History_and_Society.Military_and_warfare,200875.0,0.0,13.0,2801.0
4411,1.0,200875.0,阿姆羅·雷,0.13297423720359802,Q508511,Culture.Media.Books,200875.0,0.0,13.0,2801.0
4412,1.0,200875.0,阿姆羅·雷,0.1097157895565033,Q508511,Culture.Media.Media*,200875.0,0.0,13.0,2801.0
4413,1.0,200875.0,阿姆羅·雷,0.1067005917429924,Q508511,Culture.Media.Television,200875.0,0.0,13.0,2801.0
4414,1.0,201175.0,谢尔盖·瓦西里耶维奇·拉赫玛尼诺夫,0.9979592561721802,Q131861,Culture.Biography.Biography*,201175.0,0.0,11.0,2312.0
4415,1.0,201175.0,谢尔盖·瓦西里耶维奇·拉赫玛尼诺夫,0.9496793746948242,Q131861,Culture.Media.Media*,201175.0,0.0,11.0,2312.0
4416,1.0,201175.0,谢尔盖·瓦西里耶维奇·拉赫玛尼诺夫,0.8991314172744751,Q131861,Culture.Media.Music,201175.0,0.0,11.0,2312.0
4417,1.0,201175.0,谢尔盖·瓦西里耶维奇·拉赫玛尼诺夫,0.3702353835105896,Q131861,Culture.Performing_arts,201175.0,0.0,11.0,2312.0
4418,1.0,201175.0,谢尔盖·瓦西里耶维奇·拉赫玛尼诺夫,0.19194278120994568,Q131861,History_and_Society.Society,201175.0,0.0,11.0,2312.0
4419,1.0,201175.0,谢尔盖·瓦西里耶维奇·拉赫玛尼诺夫,0.0,Q131861,Geography.Regions.Europe.Europe*,201175.0,0.0,11.0,2312.0
4420,1.0,201175.0,谢尔盖·瓦西里耶维奇·拉赫玛尼诺夫,0.0,Q131861,Geography.Regions.Europe.Northern_Europe,201175.0,0.0,11.0,2312.0
4421,3.0,201182.0,短倉,0.538993239402771,Q106526,History_and_Society.Politics_and_government,201182.0,19694.0,3.0,4392.0
4422,3.0,201182.0,短倉,0.4455395638942719,Q106526,History_and_Society.Business_and_economics,201182.0,19694.0,3.0,4392.0
4423,3.0,201182.0,短倉,0.3775506913661957,Q106526,STEM.STEM*,201182.0,19694.0,3.0,4392.0
4424,3.0,201182.0,短倉,0.2689514458179474,Q106526,History_and_Society.Society,201182.0,19694.0,3.0,4392.0
4425,3.0,201182.0,短倉,0.1732981950044632,Q106526,History_and_Society.History,201182.0,19694.0,3.0,4392.0
4426,3.0,201182.0,短倉,0.14415885508060455,Q106526,STEM.Earth_and_environment,201182.0,19694.0,3.0,4392.0
4427,3.0,201182.0,短倉,0.14034625887870789,Q106526,STEM.Medicine_&_Health,201182.0,19694.0,3.0,4392.0
4428,3.0,201182.0,短倉,0.1097157895565033,Q106526,Culture.Philosophy_and_religion,201182.0,19694.0,3.0,4392.0
4429,3.0,201182.0,短倉,0.10088862478733064,Q106526,STEM.Technology,201182.0,19694.0,3.0,4392.0
4430,1.0,201455.0,约翰·克鲁伊夫,0.9970290064811708,Q17163,Culture.Biography.Biography*,201455.0,0.0,14.0,1733.0
4431,1.0,201455.0,约翰·克鲁伊夫,0.9706977605819702,Q17163,Culture.Sports,201455.0,0.0,14.0,1733.0
4432,1.0,201455.0,约翰·克鲁伊夫,0.40093068981170654,Q17163,Geography.Regions.Europe.Europe*,201455.0,0.0,14.0,1733.0
4433,1.0,201455.0,约翰·克鲁伊夫,0.270853506565094,Q17163,Geography.Regions.Europe.Western_Europe,201455.0,0.0,14.0,1733.0
4434,1.0,201473.0,李碧華 (作家),0.9946250915527344,Q709626,Culture.Biography.Biography*,201473.0,0.0,12.0,3162.0
4435,1.0,201473.0,李碧華 (作家),0.6654205918312073,Q709626,Culture.Biography.Women,201473.0,0.0,12.0,3162.0
4436,1.0,201473.0,李碧華 (作家),0.3952613940238953,Q709626,Geography.Regions.Asia.East_Asia,201473.0,0.0,12.0,3162.0
4437,1.0,201473.0,李碧華 (作家),0.32119916582107544,Q709626,Geography.Regions.Asia.Asia*,201473.0,0.0,12.0,3162.0
4438,1.0,201473.0,李碧華 (作家),0.14034625887870789,Q709626,Culture.Literature,201473.0,0.0,12.0,3162.0
4439,1.0,201473.0,李碧華 (作家),0.1097157895565033,Q709626,Culture.Media.Media*,201473.0,0.0,12.0,3162.0
4440,3.0,202298.0,催眠,0.7718535065650941,Q8609,STEM.STEM*,202298.0,2480.800078779497,10.0,2765.0
4441,3.0,202298.0,催眠,0.4301573634147644,Q8609,STEM.Medicine_&_Health,202298.0,2480.800078779497,10.0,2765.0
4442,3.0,202298.0,催眠,0.1732981950044632,Q8609,History_and_Society.Society,202298.0,2480.800078779497,10.0,2765.0
4443,3.0,202298.0,催眠,0.1732981950044632,Q8609,Culture.Philosophy_and_religion,202298.0,2480.800078779497,10.0,2765.0
4444,3.0,202298.0,催眠,0.12253321707248688,Q8609,STEM.Biology,202298.0,2480.800078779497,10.0,2765.0
4445,3.0,202298.0,催眠,0.10088862478733064,Q8609,History_and_Society.Business_and_economics,202298.0,2480.800078779497,10.0,2765.0
4446,5.0,202427.0,郭家麒,0.9566442370414734,Q7930030,Culture.Biography.Biography*,202427.0,0.0,3.0,1764.0
4447,5.0,202427.0,郭家麒,0.4990100135803223,Q7930030,Geography.Regions.Asia.East_Asia,202427.0,0.0,3.0,1764.0
4448,5.0,202427.0,郭家麒,0.4977257122993469,Q7930030,Geography.Regions.Asia.Asia*,202427.0,0.0,3.0,1764.0
4449,4.0,202987.0,真实的谎言,0.9960646033287048,Q110397,Culture.Media.Films,202987.0,4666.035548027357,6.0,1446.0
4450,4.0,202987.0,真实的谎言,0.9955416321754456,Q110397,Culture.Media.Media*,202987.0,4666.035548027357,6.0,1446.0
4451,4.0,202987.0,真实的谎言,0.16027602553367615,Q110397,Culture.Media.Entertainment,202987.0,4666.035548027357,6.0,1446.0
4452,4.0,202987.0,真实的谎言,0.06118653917312623,Q110397,Geography.Regions.Americas.North_America,202987.0,4666.035548027357,6.0,1446.0
4453,15.0,203113.0,天合聯盟,0.8267217874526978,Q212282,STEM.STEM*,203113.0,4052.0396668901103,10.0,3297.0
4454,15.0,203113.0,天合聯盟,0.6654205918312073,Q212282,STEM.Engineering,203113.0,4052.0396668901103,10.0,3297.0
4455,15.0,203113.0,天合聯盟,0.6584275364875793,Q212282,History_and_Society.Business_and_economics,203113.0,4052.0396668901103,10.0,3297.0
4456,15.0,203113.0,天合聯盟,0.4765896201133728,Q212282,History_and_Society.Transportation,203113.0,4052.0396668901103,10.0,3297.0
4457,15.0,203113.0,天合聯盟,0.11921291798353195,Q212282,STEM.Technology,203113.0,4052.0396668901103,10.0,3297.0
4458,15.0,203113.0,天合聯盟,0.10375863313674928,Q212282,History_and_Society.Politics_and_government,203113.0,4052.0396668901103,10.0,3297.0
4459,15.0,203113.0,天合聯盟,0.0,Q212282,Geography.Regions.Europe.Europe*,203113.0,4052.0396668901103,10.0,3297.0
4460,15.0,203113.0,天合聯盟,0.0,Q212282,Geography.Regions.Europe.Western_Europe,203113.0,4052.0396668901103,10.0,3297.0
4461,15.0,203113.0,天合聯盟,0.0,Q212282,Geography.Regions.Americas.North_America,203113.0,4052.0396668901103,10.0,3297.0
4462,13.0,203936.0,安东尼奥·古特雷斯,0.9963027834892272,Q311440,Culture.Biography.Biography*,203936.0,24418.44018307357,5.0,5088.0
4463,13.0,203936.0,安东尼奥·古特雷斯,0.3952613940238953,Q311440,Geography.Regions.Europe.Europe*,203936.0,24418.44018307357,5.0,5088.0
4464,13.0,203936.0,安东尼奥·古特雷斯,0.24509501457214355,Q311440,History_and_Society.Politics_and_government,203936.0,24418.44018307357,5.0,5088.0
4465,13.0,203936.0,安东尼奥·古特雷斯,0.014629947185516357,Q311440,Geography.Regions.Europe.Southern_Europe,203936.0,24418.44018307357,5.0,5088.0
4466,2.0,204033.0,全美超級模特兒新秀大賽,0.812877357006073,Q31426,Culture.Media.Media*,204033.0,0.0,17.0,4597.0
4467,2.0,204033.0,全美超級模特兒新秀大賽,0.7057950496673584,Q31426,Culture.Media.Television,204033.0,0.0,17.0,4597.0
4468,2.0,204033.0,全美超級模特兒新秀大賽,0.0,Q31426,Geography.Regions.Americas.North_America,204033.0,0.0,17.0,4597.0
4469,2.0,204033.0,全美超級模特兒新秀大賽,0.0,Q31426,Geography.Regions.Europe.Europe*,204033.0,0.0,17.0,4597.0
4470,2.0,204033.0,全美超級模特兒新秀大賽,0.0,Q31426,Geography.Regions.Europe.Northern_Europe,204033.0,0.0,17.0,4597.0
4471,5.0,204085.0,雷倩,1.0000100135803225,Q15904974,Culture.Biography.Biography*,204085.0,3558.1305068737715,2.0,3953.0
4472,5.0,204085.0,雷倩,0.998599648475647,Q15904974,History_and_Society.Society,204085.0,3558.1305068737715,2.0,3953.0
4473,5.0,204085.0,雷倩,0.9019306898117064,Q15904974,Culture.Biography.Women,204085.0,3558.1305068737715,2.0,3953.0
4474,5.0,204085.0,雷倩,0.4760326614379883,Q15904974,Geography.Regions.Asia.Asia*,204085.0,3558.1305068737715,2.0,3953.0
4475,5.0,204085.0,雷倩,0.4722507467269898,Q15904974,Geography.Regions.Asia.East_Asia,204085.0,3558.1305068737715,2.0,3953.0
4476,3.0,204118.0,西班牙王位繼承戰爭,0.8031837940216064,Q150701,History_and_Society.Military_and_warfare,204118.0,3942.0,5.0,1750.0
4477,3.0,204118.0,西班牙王位繼承戰爭,0.4455395638942719,Q150701,History_and_Society.History,204118.0,3942.0,5.0,1750.0
4478,3.0,204118.0,西班牙王位繼承戰爭,0.2047950496673584,Q150701,Geography.Regions.Europe.Europe*,204118.0,3942.0,5.0,1750.0
4479,3.0,204118.0,西班牙王位繼承戰爭,0.18714269995689392,Q150701,History_and_Society.Politics_and_government,204118.0,3942.0,5.0,1750.0
4480,3.0,204118.0,西班牙王位繼承戰爭,0.0,Q150701,Geography.Regions.Europe.Southern_Europe,204118.0,3942.0,5.0,1750.0
4481,3.0,204118.0,西班牙王位繼承戰爭,0.0,Q150701,Geography.Regions.Europe.Western_Europe,204118.0,3942.0,5.0,1750.0
4482,2.0,204330.0,诗丽吉王太后,0.9985549449920654,Q164518,Culture.Biography.Biography*,204330.0,0.0,1.0,1658.0
4483,2.0,204330.0,诗丽吉王太后,0.960371196269989,Q164518,Culture.Biography.Women,204330.0,0.0,1.0,1658.0
4484,2.0,204330.0,诗丽吉王太后,0.8933194279670715,Q164518,History_and_Society.History,204330.0,0.0,1.0,1658.0
4485,2.0,204330.0,诗丽吉王太后,0.4792908897399902,Q164518,Geography.Regions.Asia.Southeast_Asia,204330.0,0.0,1.0,1658.0
4486,2.0,204330.0,诗丽吉王太后,0.4581643214225769,Q164518,Geography.Regions.Asia.Asia*,204330.0,0.0,1.0,1658.0
4487,2.0,204330.0,诗丽吉王太后,0.12253321707248688,Q164518,History_and_Society.Military_and_warfare,204330.0,0.0,1.0,1658.0
4488,2.0,204330.0,诗丽吉王太后,0.11921291798353195,Q164518,History_and_Society.Society,204330.0,0.0,1.0,1658.0
4489,2.0,204330.0,诗丽吉王太后,0.0,Q164518,Geography.Regions.Europe.Europe*,204330.0,0.0,1.0,1658.0
4490,2.0,204330.0,诗丽吉王太后,0.0,Q164518,Geography.Regions.Europe.Western_Europe,204330.0,0.0,1.0,1658.0
4491,2.0,204330.0,诗丽吉王太后,0.0,Q164518,Geography.Regions.Europe.Southern_Europe,204330.0,0.0,1.0,1658.0
4492,2.0,204330.0,诗丽吉王太后,0.0,Q164518,Geography.Regions.Asia.West_Asia,204330.0,0.0,1.0,1658.0
4493,5.0,204360.0,诗琳通公主,0.9926641583442688,Q1884754,Culture.Biography.Biography*,204360.0,3097.483138739206,1.0,3034.0
4494,5.0,204360.0,诗琳通公主,0.6859594583511353,Q1884754,Culture.Biography.Women,204360.0,3097.483138739206,1.0,3034.0
4495,5.0,204360.0,诗琳通公主,0.4898843636512756,Q1884754,Geography.Regions.Asia.Asia*,204360.0,3097.483138739206,1.0,3034.0
4496,5.0,204360.0,诗琳通公主,0.4705740084648132,Q1884754,Geography.Regions.Asia.Southeast_Asia,204360.0,3097.483138739206,1.0,3034.0
4497,5.0,204360.0,诗琳通公主,0.0,Q1884754,Geography.Regions.Asia.East_Asia,204360.0,3097.483138739206,1.0,3034.0
4498,8.0,204535.0,大清洗,0.9841036200523376,Q187650,History_and_Society.Military_and_warfare,204535.0,13662.703973951591,1.0,2951.0
4499,8.0,204535.0,大清洗,0.5000100135803223,Q187650,History_and_Society.Politics_and_government,204535.0,13662.703973951591,1.0,2951.0
4500,8.0,204535.0,大清洗,0.4610267877578736,Q187650,History_and_Society.Society,204535.0,13662.703973951591,1.0,2951.0
4501,8.0,204535.0,大清洗,0.4231518378257752,Q187650,Geography.Regions.Asia.Asia*,204535.0,13662.703973951591,1.0,2951.0
4502,8.0,204535.0,大清洗,0.3981314172744751,Q187650,Geography.Regions.Asia.North_Asia,204535.0,13662.703973951591,1.0,2951.0
4503,8.0,204535.0,大清洗,0.3952613940238953,Q187650,Geography.Regions.Europe.Europe*,204535.0,13662.703973951591,1.0,2951.0
4504,8.0,204535.0,大清洗,0.3862146010398865,Q187650,Geography.Regions.Europe.Eastern_Europe,204535.0,13662.703973951591,1.0,2951.0
4505,8.0,204535.0,大清洗,0.10375863313674928,Q187650,History_and_Society.History,204535.0,13662.703973951591,1.0,2951.0
4506,2.0,204571.0,妮奥米·瓦兹,0.9989112615585328,Q132616,Culture.Biography.Biography*,204571.0,3942.0,6.0,1763.0
4507,2.0,204571.0,妮奥米·瓦兹,0.9755869507789612,Q132616,Culture.Biography.Women,204571.0,3942.0,6.0,1763.0
4508,2.0,204571.0,妮奥米·瓦兹,0.16027602553367615,Q132616,Culture.Media.Media*,204571.0,3942.0,6.0,1763.0
4509,2.0,204571.0,妮奥米·瓦兹,0.1259327530860901,Q132616,History_and_Society.Society,204571.0,3942.0,6.0,1763.0
4510,2.0,204571.0,妮奥米·瓦兹,0.11280541121959685,Q132616,Culture.Literature,204571.0,3942.0,6.0,1763.0
4511,2.0,204571.0,妮奥米·瓦兹,0.0,Q132616,Geography.Regions.Europe.Europe*,204571.0,3942.0,6.0,1763.0
4512,2.0,204571.0,妮奥米·瓦兹,0.0,Q132616,Geography.Regions.Americas.North_America,204571.0,3942.0,6.0,1763.0
4513,2.0,204571.0,妮奥米·瓦兹,0.0,Q132616,Geography.Regions.Europe.Northern_Europe,204571.0,3942.0,6.0,1763.0
4514,13.0,204669.0,北環綫,0.9908843636512756,Q7058672,History_and_Society.Transportation,204669.0,687.9536458713194,10.0,1976.0
4515,13.0,204669.0,北環綫,0.0,Q7058672,Geography.Regions.Asia.Asia*,204669.0,687.9536458713194,10.0,1976.0
4516,13.0,204669.0,北環綫,0.0,Q7058672,Geography.Regions.Asia.East_Asia,204669.0,687.9536458713194,10.0,1976.0
4517,1.0,205032.0,羅百吉,0.9966334104537964,Q6183988,Culture.Biography.Biography*,205032.0,0.0,5.0,4298.0
4518,1.0,205032.0,羅百吉,0.6150978803634644,Q6183988,Culture.Media.Media*,205032.0,0.0,5.0,4298.0
4519,1.0,205032.0,羅百吉,0.6076731681823729,Q6183988,Culture.Media.Music,205032.0,0.0,5.0,4298.0
4520,1.0,205032.0,羅百吉,0.0,Q6183988,Geography.Regions.Asia.Asia*,205032.0,0.0,5.0,4298.0
4521,10.0,205120.0,蝙蝠俠：開戰時刻,0.994455099105835,Q166262,Culture.Media.Films,205120.0,24607.832017671088,6.0,2403.0
4522,10.0,205120.0,蝙蝠俠：開戰時刻,0.9937201142311096,Q166262,Culture.Media.Media*,205120.0,24607.832017671088,6.0,2403.0
4523,10.0,205120.0,蝙蝠俠：開戰時刻,0.4455395638942719,Q166262,Culture.Literature,205120.0,24607.832017671088,6.0,2403.0
4524,10.0,205120.0,蝙蝠俠：開戰時刻,0.4378334879875183,Q166262,Culture.Visual_arts.Comics_and_Anime,205120.0,24607.832017671088,6.0,2403.0
4525,10.0,205120.0,蝙蝠俠：開戰時刻,0.3415925204753876,Q166262,Culture.Visual_arts.Visual_arts*,205120.0,24607.832017671088,6.0,2403.0
4526,10.0,205120.0,蝙蝠俠：開戰時刻,0.1824355274438858,Q166262,Culture.Media.Entertainment,205120.0,24607.832017671088,6.0,2403.0
4527,10.0,205120.0,蝙蝠俠：開戰時刻,0.0,Q166262,Geography.Regions.Americas.North_America,205120.0,24607.832017671088,6.0,2403.0
4528,10.0,205120.0,蝙蝠俠：開戰時刻,0.0,Q166262,Geography.Regions.Europe.Europe*,205120.0,24607.832017671088,6.0,2403.0
4529,10.0,205120.0,蝙蝠俠：開戰時刻,0.0,Q166262,Geography.Regions.Europe.Northern_Europe,205120.0,24607.832017671088,6.0,2403.0
4530,4.0,205162.0,骆家辉,0.9993433356285096,Q350378,Culture.Biography.Biography*,205162.0,2972.8387412958923,5.0,4943.0
4531,4.0,205162.0,骆家辉,0.4921981394290924,Q350378,History_and_Society.Politics_and_government,205162.0,2972.8387412958923,5.0,4943.0
4532,4.0,205162.0,骆家辉,0.4334051480293274,Q350378,Geography.Regions.Americas.North_America,205162.0,2972.8387412958923,5.0,4943.0
4533,4.0,205162.0,骆家辉,0.11597072333097458,Q350378,History_and_Society.Society,205162.0,2972.8387412958923,5.0,4943.0
4534,4.0,205162.0,骆家辉,0.10088862478733064,Q350378,History_and_Society.Business_and_economics,205162.0,2972.8387412958923,5.0,4943.0
4535,3.0,205699.0,牡蠣,0.997894287109375,Q21154,STEM.STEM*,205699.0,4370.500102506942,10.0,3021.0
4536,3.0,205699.0,牡蠣,0.9952548146247864,Q21154,STEM.Biology,205699.0,4370.500102506942,10.0,3021.0
4537,3.0,205699.0,牡蠣,0.1097157895565033,Q21154,History_and_Society.Society,205699.0,4370.500102506942,10.0,3021.0
4538,6.0,206251.0,1812年战争,0.7371681928634644,Q26013,Culture.Biography.Biography*,206251.0,12804.453865639187,17.0,2640.0
4539,6.0,206251.0,1812年战争,0.7186043858528137,Q26013,History_and_Society.Military_and_warfare,206251.0,12804.453865639187,17.0,2640.0
4540,6.0,206251.0,1812年战争,0.3862146010398865,Q26013,Geography.Regions.Americas.North_America,206251.0,12804.453865639187,17.0,2640.0
4541,6.0,206251.0,1812年战争,0.11597072333097458,Q26013,History_and_Society.Politics_and_government,206251.0,12804.453865639187,17.0,2640.0
4542,7.0,206262.0,硫磺岛战役,0.9972090721130372,Q180182,History_and_Society.Military_and_warfare,206262.0,15748.73496967221,5.0,2869.0
4543,7.0,206262.0,硫磺岛战役,0.7057950496673584,Q180182,Geography.Regions.Asia.East_Asia,206262.0,15748.73496967221,5.0,2869.0
4544,7.0,206262.0,硫磺岛战役,0.6513648629188538,Q180182,Geography.Regions.Asia.Asia*,206262.0,15748.73496967221,5.0,2869.0
4545,7.0,206262.0,硫磺岛战役,0.2069040536880493,Q180182,Geography.Regions.Americas.North_America,206262.0,15748.73496967221,5.0,2869.0
4546,11.0,206484.0,半旗,0.5698626637458801,Q1053885,Culture.Philosophy_and_religion,206484.0,20252.55414013609,5.0,3566.0
4547,11.0,206484.0,半旗,0.3557848632335663,Q1053885,History_and_Society.History,206484.0,20252.55414013609,5.0,3566.0
4548,11.0,206484.0,半旗,0.14805719256401062,Q1053885,History_and_Society.Society,206484.0,20252.55414013609,5.0,3566.0
4549,11.0,206484.0,半旗,0.12253321707248688,Q1053885,STEM.STEM*,206484.0,20252.55414013609,5.0,3566.0
4550,11.0,206484.0,半旗,0.0,Q1053885,Geography.Regions.Europe.Europe*,206484.0,20252.55414013609,5.0,3566.0
4551,11.0,206484.0,半旗,0.0,Q1053885,Geography.Regions.Americas.North_America,206484.0,20252.55414013609,5.0,3566.0
4552,11.0,206484.0,半旗,0.0,Q1053885,Geography.Regions.Europe.Southern_Europe,206484.0,20252.55414013609,5.0,3566.0
4553,11.0,206484.0,半旗,0.0,Q1053885,Geography.Regions.Europe.Eastern_Europe,206484.0,20252.55414013609,5.0,3566.0
4554,3.0,206499.0,皮尔斯·布鲁斯南,0.998876452445984,Q81520,Culture.Biography.Biography*,206499.0,1363.4794183598235,6.0,1965.0
4555,3.0,206499.0,皮尔斯·布鲁斯南,0.21734751760959625,Q81520,Culture.Media.Media*,206499.0,1363.4794183598235,6.0,1965.0
4556,3.0,206499.0,皮尔斯·布鲁斯南,0.16452647745609286,Q81520,Culture.Biography.Women,206499.0,1363.4794183598235,6.0,1965.0
4557,3.0,206499.0,皮尔斯·布鲁斯南,0.022430347442626952,Q81520,Geography.Regions.Europe.Europe*,206499.0,1363.4794183598235,6.0,1965.0
4558,3.0,206499.0,皮尔斯·布鲁斯南,0.0,Q81520,Geography.Regions.Europe.Northern_Europe,206499.0,1363.4794183598235,6.0,1965.0
4559,3.0,206499.0,皮尔斯·布鲁斯南,0.0,Q81520,Geography.Regions.Americas.North_America,206499.0,1363.4794183598235,6.0,1965.0
4560,1.0,206629.0,林爽文,0.9836069941520692,Q6146970,Culture.Biography.Biography*,206629.0,0.0,13.0,1836.0
4561,1.0,206629.0,林爽文,0.4456066956520081,Q6146970,Geography.Regions.Asia.Asia*,206629.0,0.0,13.0,1836.0
4562,1.0,206629.0,林爽文,0.4231518378257752,Q6146970,Geography.Regions.Asia.East_Asia,206629.0,0.0,13.0,1836.0
4563,1.0,206629.0,林爽文,0.348655104637146,Q6146970,History_and_Society.Military_and_warfare,206629.0,0.0,13.0,1836.0
4564,1.0,206629.0,林爽文,0.10375863313674928,Q6146970,Culture.Philosophy_and_religion,206629.0,0.0,13.0,1836.0
4565,1.0,206629.0,林爽文,0.10375863313674928,Q6146970,History_and_Society.History,206629.0,0.0,13.0,1836.0
4566,1.0,206629.0,林爽文,0.0,Q6146970,Geography.Regions.Asia.Southeast_Asia,206629.0,0.0,13.0,1836.0
4567,3.0,206734.0,郭源治,1.0000100135803225,Q5533289,Culture.Biography.Biography*,206734.0,0.0,4.0,933.0
4568,3.0,206734.0,郭源治,0.9748311638832092,Q5533289,Culture.Sports,206734.0,0.0,4.0,933.0
4569,3.0,206734.0,郭源治,0.43892334604263306,Q5533289,Geography.Regions.Asia.East_Asia,206734.0,0.0,4.0,933.0
4570,3.0,206734.0,郭源治,0.4063222279548645,Q5533289,Geography.Regions.Asia.Asia*,206734.0,0.0,4.0,933.0
4571,3.0,206734.0,郭源治,0.3140605390071869,Q5533289,History_and_Society.Society,206734.0,0.0,4.0,933.0
4572,3.0,207391.0,香港地方列表,1.0,Q841899,Compilation.List_Disambig,207391.0,3370.8559782865277,12.0,2902.0
4573,3.0,207391.0,香港地方列表,0.0,Q841899,Geography.Regions.Americas.North_America,207391.0,3370.8559782865277,12.0,2902.0
4574,3.0,207391.0,香港地方列表,0.0,Q841899,Geography.Regions.Europe.Europe*,207391.0,3370.8559782865277,12.0,2902.0
4575,3.0,207391.0,香港地方列表,0.0,Q841899,Geography.Geographical,207391.0,3370.8559782865277,12.0,2902.0
4576,3.0,207391.0,香港地方列表,0.0,Q841899,Geography.Regions.Asia.Asia*,207391.0,3370.8559782865277,12.0,2902.0
4577,3.0,207391.0,香港地方列表,0.0,Q841899,Geography.Regions.Asia.West_Asia,207391.0,3370.8559782865277,12.0,2902.0
4578,21.0,207492.0,近畿地方,0.9991540908813475,Q164256,Geography.Regions.Asia.East_Asia,207492.0,61145.45901897312,13.0,2475.0
4579,21.0,207492.0,近畿地方,0.9955416321754456,Q164256,Geography.Regions.Asia.Asia*,207492.0,61145.45901897312,13.0,2475.0
4580,2.0,207525.0,联合国人权理事会,0.6150978803634644,Q205650,History_and_Society.Society,207525.0,3942.0,1.0,3302.0
4581,2.0,207525.0,联合国人权理事会,0.4455395638942719,Q205650,History_and_Society.Politics_and_government,207525.0,3942.0,1.0,3302.0
4582,2.0,207525.0,联合国人权理事会,0.0,Q205650,Geography.Regions.Europe.Europe*,207525.0,3942.0,1.0,3302.0
4583,2.0,207525.0,联合国人权理事会,0.0,Q205650,Geography.Regions.Asia.Asia*,207525.0,3942.0,1.0,3302.0
4584,4.0,208291.0,西厂,0.2942249774932861,Q6706800,STEM.STEM*,208291.0,2801.3464400524017,5.0,2426.0
4585,4.0,208291.0,西厂,0.0,Q6706800,Geography.Regions.Asia.Asia*,208291.0,2801.3464400524017,5.0,2426.0
4586,4.0,208291.0,西厂,0.0,Q6706800,Geography.Regions.Americas.North_America,208291.0,2801.3464400524017,5.0,2426.0
4587,4.0,208291.0,西厂,0.0,Q6706800,Geography.Regions.Europe.Europe*,208291.0,2801.3464400524017,5.0,2426.0
4588,2.0,208305.0,公民力量 (香港),0.9591643214225768,Q5124481,History_and_Society.Politics_and_government,208305.0,0.0,3.0,1916.0
4589,2.0,208305.0,公民力量 (香港),0.4880230894088745,Q5124481,Geography.Regions.Asia.East_Asia,208305.0,0.0,3.0,1916.0
4590,2.0,208305.0,公民力量 (香港),0.4581643214225769,Q5124481,Geography.Regions.Asia.Asia*,208305.0,0.0,3.0,1916.0
4591,6.0,209172.0,逸東邨,0.4990100135803223,Q7257898,Geography.Regions.Asia.East_Asia,209172.0,3299.1029197337434,10.0,1745.0
4592,6.0,209172.0,逸東邨,0.4966133108139038,Q7257898,Geography.Regions.Asia.Asia*,209172.0,3299.1029197337434,10.0,1745.0
4593,2.0,209319.0,修昔底德,0.9967369437217712,Q41683,Culture.Biography.Biography*,209319.0,0.0,16.0,2962.0
4594,2.0,209319.0,修昔底德,0.8031837940216064,Q41683,Culture.Philosophy_and_religion,209319.0,0.0,16.0,2962.0
4595,2.0,209319.0,修昔底德,0.7371681928634644,Q41683,History_and_Society.History,209319.0,0.0,16.0,2962.0
4596,2.0,209319.0,修昔底德,0.40093068981170654,Q41683,Geography.Regions.Europe.Europe*,209319.0,0.0,16.0,2962.0
4597,2.0,209319.0,修昔底德,0.33459946513175964,Q41683,History_and_Society.Military_and_warfare,209319.0,0.0,16.0,2962.0
4598,2.0,209319.0,修昔底德,0.29719679260253906,Q41683,Geography.Regions.Europe.Southern_Europe,209319.0,0.0,16.0,2962.0
4599,2.0,209319.0,修昔底德,0.2689514458179474,Q41683,Culture.Literature,209319.0,0.0,16.0,2962.0
4600,2.0,209319.0,修昔底德,0.2509227991104126,Q41683,History_and_Society.Politics_and_government,209319.0,0.0,16.0,2962.0
4601,2.0,209319.0,修昔底德,0.11597072333097458,Q41683,History_and_Society.Society,209319.0,0.0,16.0,2962.0
4602,8.0,209597.0,大甲鎮瀾宮,0.9553291201591492,Q10936936,Geography.Regions.Asia.East_Asia,209597.0,20336.059112284456,4.0,2390.0
4603,8.0,209597.0,大甲鎮瀾宮,0.951152205467224,Q10936936,Geography.Regions.Asia.Asia*,209597.0,20336.059112284456,4.0,2390.0
4604,8.0,209597.0,大甲鎮瀾宮,0.9344051480293274,Q10936936,Culture.Biography.Biography*,209597.0,20336.059112284456,4.0,2390.0
4605,8.0,209597.0,大甲鎮瀾宮,0.9099169969558716,Q10936936,History_and_Society.Society,209597.0,20336.059112284456,4.0,2390.0
4606,8.0,209597.0,大甲鎮瀾宮,0.6150978803634644,Q10936936,Culture.Visual_arts.Visual_arts*,209597.0,20336.059112284456,4.0,2390.0
4607,8.0,209597.0,大甲鎮瀾宮,0.6076731681823729,Q10936936,Culture.Visual_arts.Architecture,209597.0,20336.059112284456,4.0,2390.0
4608,8.0,209597.0,大甲鎮瀾宮,0.585111141204834,Q10936936,Culture.Philosophy_and_religion,209597.0,20336.059112284456,4.0,2390.0
4609,8.0,209597.0,大甲鎮瀾宮,0.2069040536880493,Q10936936,STEM.STEM*,209597.0,20336.059112284456,4.0,2390.0
4610,8.0,209597.0,大甲鎮瀾宮,0.15611489117145538,Q10936936,History_and_Society.Business_and_economics,209597.0,20336.059112284456,4.0,2390.0
4611,8.0,209597.0,大甲鎮瀾宮,0.11921291798353195,Q10936936,History_and_Society.Education,209597.0,20336.059112284456,4.0,2390.0
4612,1.0,210353.0,海鸥,0.9992306232452391,Q26427,STEM.Biology,210353.0,0.0,13.0,1449.0
4613,1.0,210353.0,海鸥,0.9985549449920654,Q26427,STEM.STEM*,210353.0,0.0,13.0,1449.0
4614,1.0,210353.0,海鸥,0.0,Q26427,Geography.Regions.Africa.Africa*,210353.0,0.0,13.0,1449.0
4615,1.0,210353.0,海鸥,0.0,Q26427,Geography.Regions.Europe.Northern_Europe,210353.0,0.0,13.0,1449.0
4616,1.0,210438.0,涅墨西斯,0.7431780099868774,Q185747,History_and_Society.History,210438.0,0.0,16.0,2591.0
4617,1.0,210438.0,涅墨西斯,0.6076731681823729,Q185747,Culture.Philosophy_and_religion,210438.0,0.0,16.0,2591.0
4618,1.0,210438.0,涅墨西斯,0.546748161315918,Q185747,Culture.Literature,210438.0,0.0,16.0,2591.0
4619,1.0,210438.0,涅墨西斯,0.3301530351638794,Q185747,Geography.Regions.Europe.Europe*,210438.0,0.0,16.0,2591.0
4620,1.0,210438.0,涅墨西斯,0.30218379402160644,Q185747,Geography.Regions.Europe.Southern_Europe,210438.0,0.0,16.0,2591.0
4621,1.0,210438.0,涅墨西斯,0.1824355274438858,Q185747,Culture.Biography.Biography*,210438.0,0.0,16.0,2591.0
4622,1.0,210438.0,涅墨西斯,0.13661839067935946,Q185747,Culture.Biography.Women,210438.0,0.0,16.0,2591.0
4623,1.0,210765.0,異形2,0.993317186832428,Q104814,Culture.Media.Media*,210765.0,0.0,9.0,1958.0
4624,1.0,210765.0,異形2,0.993317186832428,Q104814,Culture.Media.Films,210765.0,0.0,9.0,1958.0
4625,1.0,210765.0,異形2,0.3775506913661957,Q104814,Culture.Media.Entertainment,210765.0,0.0,9.0,1958.0
4626,1.0,210765.0,異形2,0.16886694729328156,Q104814,Culture.Literature,210765.0,0.0,9.0,1958.0
4627,1.0,210765.0,異形2,0.0,Q104814,Geography.Regions.Americas.North_America,210765.0,0.0,9.0,1958.0
4628,6.0,210767.0,杰奎琳·肯尼迪,0.9986850023269652,Q165421,Culture.Biography.Biography*,210767.0,15387.748763540718,11.0,2811.0
4629,6.0,210767.0,杰奎琳·肯尼迪,0.7931159734725952,Q165421,Culture.Biography.Women,210767.0,15387.748763540718,11.0,2811.0
4630,6.0,210767.0,杰奎琳·肯尼迪,0.6442351341247559,Q165421,History_and_Society.History,210767.0,15387.748763540718,11.0,2811.0
4631,6.0,210767.0,杰奎琳·肯尼迪,0.24509501457214355,Q165421,History_and_Society.Society,210767.0,15387.748763540718,11.0,2811.0
4632,6.0,210767.0,杰奎琳·肯尼迪,0.14034625887870789,Q165421,Culture.Literature,210767.0,15387.748763540718,11.0,2811.0
4633,6.0,210767.0,杰奎琳·肯尼迪,0.11921291798353195,Q165421,History_and_Society.Military_and_warfare,210767.0,15387.748763540718,11.0,2811.0
4634,6.0,210767.0,杰奎琳·肯尼迪,0.11409788036346435,Q165421,Geography.Regions.Americas.North_America,210767.0,15387.748763540718,11.0,2811.0
4635,6.0,210767.0,杰奎琳·肯尼迪,0.1067005917429924,Q165421,History_and_Society.Politics_and_government,210767.0,15387.748763540718,11.0,2811.0
4636,6.0,210767.0,杰奎琳·肯尼迪,0.0,Q165421,Geography.Regions.Europe.Europe*,210767.0,15387.748763540718,11.0,2811.0
4637,6.0,210767.0,杰奎琳·肯尼迪,0.0,Q165421,Geography.Regions.Europe.Western_Europe,210767.0,15387.748763540718,11.0,2811.0
4638,6.0,210767.0,杰奎琳·肯尼迪,0.0,Q165421,Geography.Regions.Europe.Northern_Europe,210767.0,15387.748763540718,11.0,2811.0
4639,5.0,210868.0,扎克里王朝,0.4471645226478577,Q691928,Geography.Regions.Asia.Asia*,210868.0,2742.182786079085,1.0,1790.0
4640,5.0,210868.0,扎克里王朝,0.3702353835105896,Q691928,Culture.Biography.Biography*,210868.0,2742.182786079085,1.0,1790.0
4641,5.0,210868.0,扎克里王朝,0.287777841091156,Q691928,History_and_Society.History,210868.0,2742.182786079085,1.0,1790.0
4642,5.0,210868.0,扎克里王朝,0.2393593490123749,Q691928,Culture.Philosophy_and_religion,210868.0,2742.182786079085,1.0,1790.0
4643,5.0,210868.0,扎克里王朝,0.2393593490123749,Q691928,History_and_Society.Military_and_warfare,210868.0,2742.182786079085,1.0,1790.0
4644,5.0,210868.0,扎克里王朝,0.21760438585281366,Q691928,Geography.Regions.Asia.Southeast_Asia,210868.0,2742.182786079085,1.0,1790.0
4645,5.0,210868.0,扎克里王朝,0.1294127255678177,Q691928,History_and_Society.Politics_and_government,210868.0,2742.182786079085,1.0,1790.0
4646,5.0,210868.0,扎克里王朝,0.10375863313674928,Q691928,History_and_Society.Society,210868.0,2742.182786079085,1.0,1790.0
4647,8.0,210949.0,絕地任務,0.9916942119598388,Q216720,Culture.Media.Films,210949.0,33550.52909073791,6.0,2726.0
4648,8.0,210949.0,絕地任務,0.9883227348327636,Q216720,Culture.Media.Media*,210949.0,33550.52909073791,6.0,2726.0
4649,8.0,210949.0,絕地任務,0.0,Q216720,Geography.Regions.Americas.North_America,210949.0,33550.52909073791,6.0,2726.0
4650,2.0,211160.0,楊蕙如,0.9706977605819702,Q8350952,History_and_Society.Society,211160.0,3942.0000000000014,5.0,12990.0
4651,2.0,211160.0,楊蕙如,0.9124462008476256,Q8350952,Culture.Biography.Biography*,211160.0,3942.0000000000014,5.0,12990.0
4652,2.0,211160.0,楊蕙如,0.4942548146247864,Q8350952,Geography.Regions.Asia.East_Asia,211160.0,3942.0000000000014,5.0,12990.0
4653,2.0,211160.0,楊蕙如,0.4792908897399902,Q8350952,Geography.Regions.Asia.Asia*,211160.0,3942.0000000000014,5.0,12990.0
4654,14.0,211405.0,史克威爾,0.9993638396263124,Q739552,Culture.Media.Video_games,211405.0,382.90900782687487,14.0,2087.0
4655,14.0,211405.0,史克威爾,0.9987651705741882,Q739552,Culture.Internet_culture,211405.0,382.90900782687487,14.0,2087.0
4656,14.0,211405.0,史克威爾,0.9939124584197998,Q739552,Culture.Media.Media*,211405.0,382.90900782687487,14.0,2087.0
4657,14.0,211405.0,史克威爾,0.2942249774932861,Q739552,History_and_Society.Business_and_economics,211405.0,382.90900782687487,14.0,2087.0
4658,14.0,211405.0,史克威爾,0.0,Q739552,Geography.Regions.Asia.East_Asia,211405.0,382.90900782687487,14.0,2087.0
4659,14.0,211405.0,史克威爾,0.0,Q739552,Geography.Regions.Asia.Asia*,211405.0,382.90900782687487,14.0,2087.0
4660,3.0,211810.0,尚寧王,0.9099169969558716,Q907317,Culture.Biography.Biography*,211810.0,500.52765468297315,13.0,595.0
4661,3.0,211810.0,尚寧王,0.4968272914886474,Q907317,Geography.Regions.Asia.East_Asia,211810.0,500.52765468297315,13.0,595.0
4662,3.0,211810.0,尚寧王,0.4944004287719727,Q907317,Geography.Regions.Asia.Asia*,211810.0,500.52765468297315,13.0,595.0
4663,3.0,211810.0,尚寧王,0.16027602553367615,Q907317,History_and_Society.History,211810.0,500.52765468297315,13.0,595.0
4664,3.0,211810.0,尚寧王,0.10375863313674928,Q907317,History_and_Society.Military_and_warfare,211810.0,500.52765468297315,13.0,595.0
4665,1.0,212096.0,仲夏夜之夢,0.989681839942932,Q104871,Culture.Performing_arts,212096.0,0.0,12.0,3097.0
4666,1.0,212096.0,仲夏夜之夢,0.9416641592979432,Q104871,Culture.Literature,212096.0,0.0,12.0,3097.0
4667,1.0,212096.0,仲夏夜之夢,0.6513648629188538,Q104871,Culture.Media.Media*,212096.0,0.0,12.0,3097.0
4668,1.0,212096.0,仲夏夜之夢,0.4301573634147644,Q104871,Culture.Media.Entertainment,212096.0,0.0,12.0,3097.0
4669,1.0,212096.0,仲夏夜之夢,0.1097157895565033,Q104871,History_and_Society.History,212096.0,0.0,12.0,3097.0
4670,1.0,212096.0,仲夏夜之夢,0.1097157895565033,Q104871,Culture.Visual_arts.Visual_arts*,212096.0,0.0,12.0,3097.0
4671,1.0,212096.0,仲夏夜之夢,0.0,Q104871,Geography.Regions.Europe.Europe*,212096.0,0.0,12.0,3097.0
4672,1.0,212096.0,仲夏夜之夢,0.0,Q104871,Geography.Regions.Europe.Western_Europe,212096.0,0.0,12.0,3097.0
4673,1.0,212096.0,仲夏夜之夢,0.0,Q104871,Geography.Regions.Europe.Northern_Europe,212096.0,0.0,12.0,3097.0
4674,10.0,212277.0,葛民輝,0.9966334104537964,Q590914,Culture.Biography.Biography*,212277.0,47729.29014395781,12.0,2220.0
4675,10.0,212277.0,葛民輝,0.1713417043685913,Q590914,Geography.Regions.Asia.Asia*,212277.0,47729.29014395781,12.0,2220.0
4676,10.0,212277.0,葛民輝,0.16452647745609286,Q590914,Culture.Media.Media*,212277.0,47729.29014395781,12.0,2220.0
4677,10.0,212277.0,葛民輝,0.16442059183120727,Q590914,Geography.Regions.Asia.East_Asia,212277.0,47729.29014395781,12.0,2220.0
4678,10.0,212277.0,葛民輝,0.11280541121959685,Q590914,Culture.Media.Music,212277.0,47729.29014395781,12.0,2220.0
4679,15.0,212492.0,基隆級驅逐艦,0.2942249774932861,Q15896476,STEM.STEM*,212492.0,3035.300401704834,5.0,3157.0
4680,15.0,212492.0,基隆級驅逐艦,0.0,Q15896476,Geography.Regions.Asia.Asia*,212492.0,3035.300401704834,5.0,3157.0
4681,15.0,212492.0,基隆級驅逐艦,0.0,Q15896476,Geography.Regions.Americas.North_America,212492.0,3035.300401704834,5.0,3157.0
4682,15.0,212492.0,基隆級驅逐艦,0.0,Q15896476,Geography.Regions.Europe.Europe*,212492.0,3035.300401704834,5.0,3157.0
4683,2.0,212667.0,納蘭明珠,0.9637899398803712,Q12147831,Culture.Biography.Biography*,212667.0,4146.012340471282,2.0,2486.0
4684,2.0,212667.0,納蘭明珠,0.23616819286346435,Q12147831,Geography.Regions.Asia.Asia*,212667.0,4146.012340471282,2.0,2486.0
4685,2.0,212667.0,納蘭明珠,0.18495945835113525,Q12147831,Geography.Regions.Asia.East_Asia,212667.0,4146.012340471282,2.0,2486.0
4686,5.0,213123.0,左良玉,0.9659096002578736,Q11057300,Culture.Biography.Biography*,213123.0,644.1169505212576,5.0,1829.0
4687,5.0,213123.0,左良玉,0.4659240117073059,Q11057300,Geography.Regions.Asia.East_Asia,213123.0,644.1169505212576,5.0,1829.0
4688,5.0,213123.0,左良玉,0.4581643214225769,Q11057300,Geography.Regions.Asia.Asia*,213123.0,644.1169505212576,5.0,1829.0
4689,5.0,213123.0,左良玉,0.24509501457214355,Q11057300,History_and_Society.Military_and_warfare,213123.0,644.1169505212576,5.0,1829.0
4690,7.0,213966.0,紀德級驅逐艦,0.9825675487518309,Q246916,History_and_Society.Transportation,213966.0,3083.611246478332,5.0,2684.0
4691,7.0,213966.0,紀德級驅逐艦,0.9241518378257751,Q246916,History_and_Society.Military_and_warfare,213966.0,3083.611246478332,5.0,2684.0
4692,9.0,214124.0,珀耳塞福涅,0.9626831412315368,Q45967,Culture.Literature,214124.0,506.6214928729551,16.0,3281.0
4693,9.0,214124.0,珀耳塞福涅,0.8840492963790894,Q45967,History_and_Society.History,214124.0,506.6214928729551,16.0,3281.0
4694,9.0,214124.0,珀耳塞福涅,0.754925012588501,Q45967,Culture.Philosophy_and_religion,214124.0,506.6214928729551,16.0,3281.0
4695,9.0,214124.0,珀耳塞福涅,0.4765896201133728,Q45967,Culture.Biography.Women,214124.0,506.6214928729551,16.0,3281.0
4696,9.0,214124.0,珀耳塞福涅,0.41490885615348816,Q45967,Culture.Biography.Biography*,214124.0,506.6214928729551,16.0,3281.0
4697,9.0,214124.0,珀耳塞福涅,0.3764868249893189,Q45967,Geography.Regions.Europe.Southern_Europe,214124.0,506.6214928729551,16.0,3281.0
4698,9.0,214124.0,珀耳塞福涅,0.3548611869812012,Q45967,Geography.Regions.Europe.Europe*,214124.0,506.6214928729551,16.0,3281.0
4699,6.0,214334.0,AH-64阿帕契直升機,0.9905974268913268,Q171468,History_and_Society.Military_and_warfare,214334.0,9495.445182836766,5.0,2498.0
4700,6.0,214334.0,AH-64阿帕契直升機,0.9855064153671264,Q171468,History_and_Society.Transportation,214334.0,9495.445182836766,5.0,2498.0
4701,6.0,214334.0,AH-64阿帕契直升機,0.9688661694526672,Q171468,STEM.Engineering,214334.0,9495.445182836766,5.0,2498.0
4702,6.0,214334.0,AH-64阿帕契直升機,0.9433575868606568,Q171468,STEM.STEM*,214334.0,9495.445182836766,5.0,2498.0
4703,6.0,214572.0,酒店,0.4225146472454071,Q27686,Culture.Visual_arts.Visual_arts*,214572.0,22295.76778822859,13.0,1914.0
4704,6.0,214572.0,酒店,0.3557848632335663,Q27686,Culture.Visual_arts.Architecture,214572.0,22295.76778822859,13.0,1914.0
4705,6.0,214572.0,酒店,0.2814156115055084,Q27686,STEM.STEM*,214572.0,22295.76778822859,13.0,1914.0
4706,6.0,214572.0,酒店,0.26285186409950256,Q27686,History_and_Society.Business_and_economics,214572.0,22295.76778822859,13.0,1914.0
4707,6.0,214572.0,酒店,0.13661839067935946,Q27686,History_and_Society.Society,214572.0,22295.76778822859,13.0,1914.0
4708,4.0,216086.0,王偉 (飛行員),0.9777238368988036,Q15951282,Culture.Biography.Biography*,216086.0,6477.498807314257,11.0,8132.0
4709,4.0,216086.0,王偉 (飛行員),0.3276783227920532,Q15951282,Culture.Biography.Women,216086.0,6477.498807314257,11.0,8132.0
4710,4.0,216086.0,王偉 (飛行員),0.287777841091156,Q15951282,History_and_Society.Military_and_warfare,216086.0,6477.498807314257,11.0,8132.0
4711,4.0,216086.0,王偉 (飛行員),0.1824355274438858,Q15951282,History_and_Society.History,216086.0,6477.498807314257,11.0,8132.0
4712,4.0,216086.0,王偉 (飛行員),0.0,Q15951282,Geography.Regions.Asia.Asia*,216086.0,6477.498807314257,11.0,8132.0
4713,4.0,216086.0,王偉 (飛行員),0.0,Q15951282,Geography.Regions.Asia.East_Asia,216086.0,6477.498807314257,11.0,8132.0
4714,4.0,216375.0,黃鶯鶯,0.9994397163391112,Q8968387,Culture.Biography.Biography*,216375.0,5752.2191275617615,12.0,2848.0
4715,4.0,216375.0,黃鶯鶯,0.9124462008476256,Q8968387,History_and_Society.Society,216375.0,5752.2191275617615,12.0,2848.0
4716,4.0,216375.0,黃鶯鶯,0.4610267877578736,Q8968387,Culture.Media.Music,216375.0,5752.2191275617615,12.0,2848.0
4717,4.0,216375.0,黃鶯鶯,0.4301573634147644,Q8968387,Culture.Biography.Women,216375.0,5752.2191275617615,12.0,2848.0
4718,4.0,216375.0,黃鶯鶯,0.3548611869812012,Q8968387,Geography.Regions.Asia.East_Asia,216375.0,5752.2191275617615,12.0,2848.0
4719,4.0,216375.0,黃鶯鶯,0.348655104637146,Q8968387,Culture.Media.Media*,216375.0,5752.2191275617615,12.0,2848.0
4720,4.0,216375.0,黃鶯鶯,0.2921159734725952,Q8968387,Geography.Regions.Asia.Asia*,216375.0,5752.2191275617615,12.0,2848.0
4721,2.0,216429.0,缓刑,0.9073222279548644,Q4737759,History_and_Society.Politics_and_government,216429.0,2266.7059117957847,3.0,2855.0
4722,2.0,216429.0,缓刑,0.0,Q4737759,Geography.Regions.Asia.East_Asia,216429.0,2266.7059117957847,3.0,2855.0
4723,2.0,216429.0,缓刑,0.0,Q4737759,Geography.Regions.Asia.Asia*,216429.0,2266.7059117957847,3.0,2855.0
4724,8.0,216486.0,GACKT,0.9960646033287048,Q44606,Culture.Biography.Biography*,216486.0,21184.123696224044,13.0,2390.0
4725,8.0,216486.0,GACKT,0.4610267877578736,Q44606,Culture.Media.Media*,216486.0,21184.123696224044,13.0,2390.0
4726,8.0,216486.0,GACKT,0.275139719247818,Q44606,Culture.Media.Music,216486.0,21184.123696224044,13.0,2390.0
4727,8.0,216486.0,GACKT,0.0,Q44606,Geography.Regions.Asia.East_Asia,216486.0,21184.123696224044,13.0,2390.0
4728,8.0,216486.0,GACKT,0.0,Q44606,Geography.Regions.Asia.Asia*,216486.0,21184.123696224044,13.0,2390.0
4729,58.0,217462.0,現代標準漢語,0.9926641583442688,Q727694,Geography.Regions.Asia.Asia*,217462.0,584028.2565924438,12.0,3343.0
4730,58.0,217462.0,現代標準漢語,0.9748311638832092,Q727694,Geography.Regions.Asia.East_Asia,217462.0,584028.2565924438,12.0,3343.0
4731,58.0,217462.0,現代標準漢語,0.7773098945617676,Q727694,Culture.Linguistics,217462.0,584028.2565924438,12.0,3343.0
4732,4.0,218008.0,王偉,1.0,Q823957,Compilation.List_Disambig,218008.0,7361.732778191927,12.0,924.0
4733,4.0,218008.0,王偉,0.15611489117145538,Q823957,STEM.STEM*,218008.0,7361.732778191927,12.0,924.0
4734,4.0,218008.0,王偉,0.14805719256401062,Q823957,History_and_Society.Transportation,218008.0,7361.732778191927,12.0,924.0
4735,4.0,218008.0,王偉,0.11280541121959685,Q823957,History_and_Society.Military_and_warfare,218008.0,7361.732778191927,12.0,924.0
4736,4.0,218008.0,王偉,0.0,Q823957,Geography.Regions.Asia.Asia*,218008.0,7361.732778191927,12.0,924.0
4737,4.0,218008.0,王偉,0.0,Q823957,Geography.Geographical,218008.0,7361.732778191927,12.0,924.0
4738,4.0,218008.0,王偉,0.0,Q823957,Geography.Regions.Asia.West_Asia,218008.0,7361.732778191927,12.0,924.0
4739,1.0,218459.0,喀拉喀托火山,0.98678719997406,Q82613,Geography.Geographical,218459.0,0.0,5.0,1650.0
4740,1.0,218459.0,喀拉喀托火山,0.7663036584854126,Q82613,Geography.Regions.Asia.Asia*,218459.0,0.0,5.0,1650.0
4741,1.0,218459.0,喀拉喀托火山,0.6859594583511353,Q82613,Geography.Regions.Asia.Southeast_Asia,218459.0,0.0,5.0,1650.0
4742,1.0,218459.0,喀拉喀托火山,0.6859594583511353,Q82613,STEM.STEM*,218459.0,0.0,5.0,1650.0
4743,1.0,218459.0,喀拉喀托火山,0.5312193632125854,Q82613,STEM.Earth_and_environment,218459.0,0.0,5.0,1650.0
4744,1.0,218459.0,喀拉喀托火山,0.10375863313674928,Q82613,Geography.Regions.Europe.Europe*,218459.0,0.0,5.0,1650.0
4745,13.0,219790.0,孫運璿,1.0000100135803225,Q702680,Culture.Biography.Biography*,219790.0,23731.47268687724,1.0,3017.0
4746,13.0,219790.0,孫運璿,0.9706977605819702,Q702680,History_and_Society.Society,219790.0,23731.47268687724,1.0,3017.0
4747,13.0,219790.0,孫運璿,0.4792908897399902,Q702680,Geography.Regions.Asia.East_Asia,219790.0,23731.47268687724,1.0,3017.0
4748,13.0,219790.0,孫運璿,0.4773946871757507,Q702680,Geography.Regions.Asia.Asia*,219790.0,23731.47268687724,1.0,3017.0
4749,1.0,220144.0,公民凯恩,0.984585464000702,Q24815,Culture.Media.Media*,220144.0,0.0,6.0,1871.0
4750,1.0,220144.0,公民凯恩,0.9808859825134276,Q24815,Culture.Media.Films,220144.0,0.0,6.0,1871.0
4751,1.0,220144.0,公民凯恩,0.0,Q24815,Geography.Regions.Americas.North_America,220144.0,0.0,6.0,1871.0
4752,5.0,220357.0,尹光,0.9755869507789612,Q7967012,Culture.Biography.Biography*,220357.0,2054.842493010861,12.0,6702.0
4753,5.0,220357.0,尹光,0.4678661694526672,Q7967012,Geography.Regions.Asia.Asia*,220357.0,2054.842493010861,12.0,6702.0
4754,5.0,220357.0,尹光,0.41490885615348816,Q7967012,Culture.Media.Music,220357.0,2054.842493010861,12.0,6702.0
4755,5.0,220357.0,尹光,0.3140605390071869,Q7967012,Culture.Media.Media*,220357.0,2054.842493010861,12.0,6702.0
4756,5.0,220357.0,尹光,0.0,Q7967012,Geography.Regions.Asia.East_Asia,220357.0,2054.842493010861,12.0,6702.0
4757,5.0,220357.0,尹光,0.0,Q7967012,Geography.Regions.Asia.Southeast_Asia,220357.0,2054.842493010861,12.0,6702.0
4758,4.0,220785.0,地鐵列表,1.0,Q206974,Compilation.List_Disambig,220785.0,5529.404938149219,13.0,2460.0
4759,4.0,220785.0,地鐵列表,0.9871888160705566,Q206974,History_and_Society.Transportation,220785.0,5529.404938149219,13.0,2460.0
4760,4.0,220785.0,地鐵列表,0.0,Q206974,Geography.Regions.Asia.Asia*,220785.0,5529.404938149219,13.0,2460.0
4761,4.0,221353.0,美国排华法案,0.4765896201133728,Q1073716,History_and_Society.Politics_and_government,221353.0,5110.819385832046,10.0,3141.0
4762,4.0,221353.0,美国排华法案,0.2047950496673584,Q1073716,Geography.Regions.Americas.North_America,221353.0,5110.819385832046,10.0,3141.0
4763,4.0,221353.0,美国排华法案,0.14805719256401062,Q1073716,STEM.STEM*,221353.0,5110.819385832046,10.0,3141.0
4764,4.0,221353.0,美国排华法案,0.1067005917429924,Q1073716,History_and_Society.Business_and_economics,221353.0,5110.819385832046,10.0,3141.0
4765,4.0,221353.0,美国排华法案,0.0,Q1073716,Geography.Regions.Asia.Asia*,221353.0,5110.819385832046,10.0,3141.0
4766,2.0,221669.0,張帝,0.9990700483322144,Q8273109,Culture.Biography.Biography*,221669.0,3942.0,12.0,1905.0
4767,2.0,221669.0,張帝,0.3923194279670715,Q8273109,Geography.Regions.Asia.East_Asia,221669.0,3942.0,12.0,1905.0
4768,2.0,221669.0,張帝,0.3923194279670715,Q8273109,Geography.Regions.Asia.Asia*,221669.0,3942.0,12.0,1905.0
4769,2.0,221669.0,張帝,0.287777841091156,Q8273109,History_and_Society.Society,221669.0,3942.0,12.0,1905.0
4770,9.0,222673.0,梁小冰,0.9966334104537964,Q7047069,Culture.Biography.Biography*,222673.0,16463.09060816136,7.0,2442.0
4771,9.0,222673.0,梁小冰,0.4610267877578736,Q7047069,Culture.Biography.Women,222673.0,16463.09060816136,7.0,2442.0
4772,9.0,222673.0,梁小冰,0.4231518378257752,Q7047069,Geography.Regions.Asia.Asia*,222673.0,16463.09060816136,7.0,2442.0
4773,9.0,222673.0,梁小冰,0.3893042674064636,Q7047069,Geography.Regions.Asia.East_Asia,222673.0,16463.09060816136,7.0,2442.0
4774,9.0,222673.0,梁小冰,0.11597072333097458,Q7047069,Culture.Visual_arts.Fashion,222673.0,16463.09060816136,7.0,2442.0
4775,29.0,223256.0,黑超特警組,0.997120440006256,Q51416,Culture.Media.Media*,223256.0,35424.13093729291,6.0,3187.0
4776,29.0,223256.0,黑超特警組,0.9964163899421692,Q51416,Culture.Media.Films,223256.0,35424.13093729291,6.0,3187.0
4777,29.0,223256.0,黑超特警組,0.6076731681823729,Q51416,Culture.Media.Entertainment,223256.0,35424.13093729291,6.0,3187.0
4778,29.0,223256.0,黑超特警組,0.275139719247818,Q51416,Culture.Literature,223256.0,35424.13093729291,6.0,3187.0
4779,29.0,223256.0,黑超特警組,0.2509227991104126,Q51416,Culture.Visual_arts.Comics_and_Anime,223256.0,35424.13093729291,6.0,3187.0
4780,29.0,223256.0,黑超特警組,0.1520422399044037,Q51416,Culture.Visual_arts.Visual_arts*,223256.0,35424.13093729291,6.0,3187.0
4781,29.0,223256.0,黑超特警組,0.0,Q51416,Geography.Regions.Americas.North_America,223256.0,35424.13093729291,6.0,3187.0
4782,1.0,223333.0,1906年舊金山大地震,0.9924327731132508,Q211386,STEM.Earth_and_environment,223333.0,0.0,10.0,1133.0
4783,1.0,223333.0,1906年舊金山大地震,0.9790457487106324,Q211386,STEM.STEM*,223333.0,0.0,10.0,1133.0
4784,1.0,223333.0,1906年舊金山大地震,0.7490972280502319,Q211386,History_and_Society.Politics_and_government,223333.0,0.0,10.0,1133.0
4785,1.0,223333.0,1906年舊金山大地震,0.07650540971755981,Q211386,Geography.Regions.Americas.North_America,223333.0,0.0,10.0,1133.0
4786,12.0,224435.0,屈臣氏集團,0.59267657995224,Q4647401,History_and_Society.Business_and_economics,224435.0,36040.43634929283,3.0,2943.0
4787,12.0,224435.0,屈臣氏集團,0.14323513412475586,Q4647401,Geography.Regions.Asia.Asia*,224435.0,36040.43634929283,3.0,2943.0
4788,12.0,224435.0,屈臣氏集團,0.11280541121959685,Q4647401,STEM.STEM*,224435.0,36040.43634929283,3.0,2943.0
4789,12.0,224435.0,屈臣氏集團,0.1097157895565033,Q4647401,Culture.Visual_arts.Visual_arts*,224435.0,36040.43634929283,3.0,2943.0
4790,12.0,224435.0,屈臣氏集團,0.0991983880996704,Q4647401,Geography.Regions.Asia.East_Asia,224435.0,36040.43634929283,3.0,2943.0
4791,12.0,224435.0,屈臣氏集團,0.0,Q4647401,Geography.Regions.Europe.Europe*,224435.0,36040.43634929283,3.0,2943.0
4792,12.0,224435.0,屈臣氏集團,0.0,Q4647401,Geography.Regions.Europe.Northern_Europe,224435.0,36040.43634929283,3.0,2943.0
4793,12.0,224435.0,屈臣氏集團,0.0,Q4647401,Geography.Regions.Americas.North_America,224435.0,36040.43634929283,3.0,2943.0
4794,8.0,225286.0,白韻琹,0.99219411611557,Q7129235,Culture.Biography.Biography*,225286.0,9358.36244550786,12.0,2553.0
4795,8.0,225286.0,白韻琹,0.4532718360424042,Q7129235,Culture.Biography.Women,225286.0,9358.36244550786,12.0,2553.0
4796,8.0,225286.0,白韻琹,0.022430347442626952,Q7129235,Geography.Regions.Asia.East_Asia,225286.0,9358.36244550786,12.0,2553.0
4797,8.0,225286.0,白韻琹,0.0,Q7129235,Geography.Regions.Asia.Asia*,225286.0,9358.36244550786,12.0,2553.0
4798,2.0,225501.0,和宮親子內親王,0.9836069941520692,Q907048,Culture.Biography.Biography*,225501.0,53.45224243229677,13.0,1414.0
4799,2.0,225501.0,和宮親子內親王,0.8221991658210754,Q907048,Culture.Biography.Women,225501.0,53.45224243229677,13.0,1414.0
4800,2.0,225501.0,和宮親子內親王,0.4820951094627381,Q907048,Geography.Regions.Asia.Asia*,225501.0,53.45224243229677,13.0,1414.0
4801,2.0,225501.0,和宮親子內親王,0.4820951094627381,Q907048,Geography.Regions.Asia.East_Asia,225501.0,53.45224243229677,13.0,1414.0
4802,2.0,225501.0,和宮親子內親王,0.275139719247818,Q907048,History_and_Society.History,225501.0,53.45224243229677,13.0,1414.0
4803,10.0,225701.0,康康,0.9996179938316344,Q8980070,Culture.Biography.Biography*,225701.0,22620.27222471232,4.0,2354.0
4804,10.0,225701.0,康康,0.7186043858528137,Q8980070,History_and_Society.Society,225701.0,22620.27222471232,4.0,2354.0
4805,10.0,225701.0,康康,0.4767238368988037,Q8980070,Geography.Regions.Asia.East_Asia,225701.0,22620.27222471232,4.0,2354.0
4806,10.0,225701.0,康康,0.4738311638832092,Q8980070,Geography.Regions.Asia.Asia*,225701.0,22620.27222471232,4.0,2354.0
4807,10.0,225701.0,康康,0.15611489117145538,Q8980070,Culture.Media.Music,225701.0,22620.27222471232,4.0,2354.0
4808,10.0,225701.0,康康,0.10088862478733064,Q8980070,Culture.Media.Media*,225701.0,22620.27222471232,4.0,2354.0
4809,4.0,225909.0,褒揚令,1.0,Q15895202,Compilation.List_Disambig,225909.0,3162.259511343317,2.0,2545.0
4810,4.0,225909.0,褒揚令,0.2227101624011993,Q15895202,STEM.STEM*,225909.0,3162.259511343317,2.0,2545.0
4811,4.0,225909.0,褒揚令,0.1259327530860901,Q15895202,Culture.Media.Media*,225909.0,3162.259511343317,2.0,2545.0
4812,4.0,225909.0,褒揚令,0.10088862478733064,Q15895202,Culture.Sports,225909.0,3162.259511343317,2.0,2545.0
4813,4.0,225909.0,褒揚令,0.0,Q15895202,Geography.Regions.Americas.North_America,225909.0,3162.259511343317,2.0,2545.0
4814,4.0,225909.0,褒揚令,0.0,Q15895202,Geography.Regions.Europe.Europe*,225909.0,3162.259511343317,2.0,2545.0
4815,4.0,225909.0,褒揚令,0.0,Q15895202,Geography.Regions.Asia.Asia*,225909.0,3162.259511343317,2.0,2545.0
4816,1.0,226177.0,午夜凶鈴,0.9964163899421692,Q531328,Culture.Media.Films,226177.0,0.0,6.0,3442.0
4817,1.0,226177.0,午夜凶鈴,0.9942797422409058,Q531328,Culture.Media.Media*,226177.0,0.0,6.0,3442.0
4818,1.0,226177.0,午夜凶鈴,0.19165198707580566,Q531328,Geography.Regions.Asia.East_Asia,226177.0,0.0,6.0,3442.0
4819,1.0,226177.0,午夜凶鈴,0.10375863313674928,Q531328,Culture.Literature,226177.0,0.0,6.0,3442.0
4820,1.0,226177.0,午夜凶鈴,0.0991983880996704,Q531328,Geography.Regions.Asia.Asia*,226177.0,0.0,6.0,3442.0
4821,4.0,227501.0,圣路易斯 (密苏里州),0.946606695652008,Q38022,Geography.Geographical,227501.0,5892.368178646932,17.0,1887.0
4822,4.0,227501.0,圣路易斯 (密苏里州),0.7122421860694885,Q38022,Geography.Regions.Americas.North_America,227501.0,5892.368178646932,17.0,1887.0
4823,6.0,227881.0,呂夷簡,0.4815675487518311,Q10919892,Geography.Regions.Asia.Asia*,227881.0,9357.076071738562,15.0,8270.0
4824,6.0,227881.0,呂夷簡,0.4792908897399902,Q10919892,Geography.Regions.Asia.East_Asia,227881.0,9357.076071738562,15.0,8270.0
4825,6.0,227881.0,呂夷簡,0.2227101624011993,Q10919892,Culture.Biography.Biography*,227881.0,9357.076071738562,15.0,8270.0
4826,6.0,227881.0,呂夷簡,0.13661839067935946,Q10919892,History_and_Society.History,227881.0,9357.076071738562,15.0,8270.0
4827,5.0,227926.0,危害人类罪,0.9947898983955384,Q173462,History_and_Society.Society,227926.0,6771.689447090826,10.0,3185.0
4828,5.0,227926.0,危害人类罪,0.9073222279548644,Q173462,History_and_Society.Politics_and_government,227926.0,6771.689447090826,10.0,3185.0
4829,5.0,227926.0,危害人类罪,0.3629792034626007,Q173462,STEM.STEM*,227926.0,6771.689447090826,10.0,3185.0
4830,5.0,227926.0,危害人类罪,0.2568419873714447,Q173462,History_and_Society.Business_and_economics,227926.0,6771.689447090826,10.0,3185.0
4831,5.0,227926.0,危害人类罪,0.21734751760959625,Q173462,STEM.Medicine_&_Health,227926.0,6771.689447090826,10.0,3185.0
4832,5.0,227926.0,危害人类罪,0.19194278120994568,Q173462,Culture.Philosophy_and_religion,227926.0,6771.689447090826,10.0,3185.0
4833,5.0,227926.0,危害人类罪,0.16452647745609286,Q173462,History_and_Society.History,227926.0,6771.689447090826,10.0,3185.0
4834,5.0,227926.0,危害人类罪,0.14805719256401062,Q173462,STEM.Earth_and_environment,227926.0,6771.689447090826,10.0,3185.0
4835,5.0,227926.0,危害人类罪,0.1294127255678177,Q173462,STEM.Biology,227926.0,6771.689447090826,10.0,3185.0
4836,5.0,227926.0,危害人类罪,0.1067005917429924,Q173462,STEM.Technology,227926.0,6771.689447090826,10.0,3185.0
4837,5.0,227926.0,危害人类罪,0.0,Q173462,Geography.Regions.Europe.Europe*,227926.0,6771.689447090826,10.0,3185.0
4838,3.0,227950.0,行天宮,0.9995517134666444,Q712387,Geography.Regions.Asia.East_Asia,227950.0,8950.318114466383,4.0,2504.0
4839,3.0,227950.0,行天宮,0.9939124584197998,Q712387,Geography.Regions.Asia.Asia*,227950.0,8950.318114466383,4.0,2504.0
4840,3.0,227950.0,行天宮,0.9905974268913268,Q712387,History_and_Society.Society,227950.0,8950.318114466383,4.0,2504.0
4841,3.0,227950.0,行天宮,0.9899964332580566,Q712387,Culture.Biography.Biography*,227950.0,8950.318114466383,4.0,2504.0
4842,3.0,227950.0,行天宮,0.4688006341457367,Q712387,Culture.Visual_arts.Visual_arts*,227950.0,8950.318114466383,4.0,2504.0
4843,3.0,227950.0,行天宮,0.4378334879875183,Q712387,Culture.Visual_arts.Architecture,227950.0,8950.318114466383,4.0,2504.0
4844,3.0,227950.0,行天宮,0.40734341740608215,Q712387,STEM.STEM*,227950.0,8950.318114466383,4.0,2504.0
4845,3.0,227950.0,行天宮,0.2069040536880493,Q712387,STEM.Earth_and_environment,227950.0,8950.318114466383,4.0,2504.0
4846,3.0,227950.0,行天宮,0.16027602553367615,Q712387,History_and_Society.Politics_and_government,227950.0,8950.318114466383,4.0,2504.0
4847,3.0,227950.0,行天宮,0.14805719256401062,Q712387,History_and_Society.Business_and_economics,227950.0,8950.318114466383,4.0,2504.0
4848,3.0,227950.0,行天宮,0.1259327530860901,Q712387,History_and_Society.Education,227950.0,8950.318114466383,4.0,2504.0
4849,16.0,227963.0,杨洁篪,0.9970290064811708,Q58211,Culture.Biography.Biography*,227963.0,45507.04315812456,3.0,3291.0
4850,16.0,227963.0,杨洁篪,0.4163126816749573,Q58211,Geography.Regions.Asia.Asia*,227963.0,45507.04315812456,3.0,3291.0
4851,16.0,227963.0,杨洁篪,0.4089169969558716,Q58211,Geography.Regions.Asia.East_Asia,227963.0,45507.04315812456,3.0,3291.0
4852,16.0,227963.0,杨洁篪,0.3276783227920532,Q58211,History_and_Society.Politics_and_government,227963.0,45507.04315812456,3.0,3291.0
4853,1.0,228006.0,陳廷敬,0.9566442370414734,Q15921676,Culture.Biography.Biography*,228006.0,0.0,2.0,2215.0
4854,1.0,228006.0,陳廷敬,0.24217800998687744,Q15921676,Geography.Regions.Asia.Asia*,228006.0,0.0,2.0,2215.0
4855,1.0,228006.0,陳廷敬,0.1713417043685913,Q15921676,Geography.Regions.Asia.East_Asia,228006.0,0.0,2.0,2215.0
4856,6.0,228566.0,森美移動,0.2942249774932861,Q11117218,STEM.STEM*,228566.0,79.42495305632595,12.0,5968.0
4857,6.0,228566.0,森美移動,0.0,Q11117218,Geography.Regions.Asia.Asia*,228566.0,79.42495305632595,12.0,5968.0
4858,6.0,228566.0,森美移動,0.0,Q11117218,Geography.Regions.Americas.North_America,228566.0,79.42495305632595,12.0,5968.0
4859,6.0,228566.0,森美移動,0.0,Q11117218,Geography.Regions.Europe.Europe*,228566.0,79.42495305632595,12.0,5968.0
4860,11.0,228682.0,詹志文,0.9958112239837646,Q7210734,Culture.Biography.Biography*,228682.0,3510.47474130833,12.0,2109.0
4861,11.0,228682.0,詹志文,0.0,Q7210734,Geography.Regions.Asia.East_Asia,228682.0,3510.47474130833,12.0,2109.0
4862,11.0,228682.0,詹志文,0.0,Q7210734,Geography.Regions.Asia.Asia*,228682.0,3510.47474130833,12.0,2109.0
4863,10.0,229430.0,潘基文,0.99745911359787,Q1253,Culture.Biography.Biography*,229430.0,13968.625122034187,5.0,2245.0
4864,10.0,229430.0,潘基文,0.538993239402771,Q1253,History_and_Society.Politics_and_government,229430.0,13968.625122034187,5.0,2245.0
4865,10.0,229430.0,潘基文,0.2120788097381592,Q1253,History_and_Society.Society,229430.0,13968.625122034187,5.0,2245.0
4866,10.0,229430.0,潘基文,0.11921291798353195,Q1253,Culture.Biography.Women,229430.0,13968.625122034187,5.0,2245.0
4867,10.0,229430.0,潘基文,0.11409788036346435,Q1253,Geography.Regions.Asia.Asia*,229430.0,13968.625122034187,5.0,2245.0
4868,10.0,229430.0,潘基文,0.11280541121959685,Q1253,History_and_Society.Military_and_warfare,229430.0,13968.625122034187,5.0,2245.0
4869,10.0,229430.0,潘基文,0.0,Q1253,Geography.Regions.Asia.East_Asia,229430.0,13968.625122034187,5.0,2245.0
4870,10.0,229430.0,潘基文,0.0,Q1253,Geography.Regions.Europe.Europe*,229430.0,13968.625122034187,5.0,2245.0
4871,10.0,229430.0,潘基文,0.0,Q1253,Geography.Regions.Americas.North_America,229430.0,13968.625122034187,5.0,2245.0
4872,8.0,229605.0,品冠,0.9591643214225768,Q717855,Culture.Biography.Biography*,229605.0,13593.626176012605,12.0,4956.0
4873,8.0,229605.0,品冠,0.2069040536880493,Q717855,Culture.Media.Media*,229605.0,13593.626176012605,12.0,4956.0
4874,8.0,229605.0,品冠,0.18714269995689392,Q717855,Culture.Media.Music,229605.0,13593.626176012605,12.0,4956.0
4875,8.0,229605.0,品冠,0.022430347442626952,Q717855,Geography.Regions.Asia.Asia*,229605.0,13593.626176012605,12.0,4956.0
4876,8.0,229605.0,品冠,0.0,Q717855,Geography.Regions.Asia.Southeast_Asia,229605.0,13593.626176012605,12.0,4956.0
4877,8.0,230241.0,黃嘉千,1.0000100135803225,Q8971931,Culture.Biography.Biography*,230241.0,14148.937368298015,4.0,2120.0
4878,8.0,230241.0,黃嘉千,0.7371681928634644,Q8971931,History_and_Society.Society,230241.0,14148.937368298015,4.0,2120.0
4879,8.0,230241.0,黃嘉千,0.6001983880996704,Q8971931,Culture.Biography.Women,230241.0,14148.937368298015,4.0,2120.0
4880,8.0,230241.0,黃嘉千,0.4714247455596924,Q8971931,Geography.Regions.Asia.East_Asia,230241.0,14148.937368298015,4.0,2120.0
4881,8.0,230241.0,黃嘉千,0.40366052293777466,Q8971931,Geography.Regions.Asia.Asia*,230241.0,14148.937368298015,4.0,2120.0
4882,8.0,230241.0,黃嘉千,0.20182321965694427,Q8971931,Culture.Media.Media*,230241.0,14148.937368298015,4.0,2120.0
4883,8.0,230241.0,黃嘉千,0.16886694729328156,Q8971931,Culture.Media.Music,230241.0,14148.937368298015,4.0,2120.0
4884,2.0,230438.0,沙丘 (电影),0.993317186832428,Q114819,Culture.Media.Media*,230438.0,0.0,6.0,2785.0
4885,2.0,230438.0,沙丘 (电影),0.9914325475692748,Q114819,Culture.Media.Films,230438.0,0.0,6.0,2785.0
4886,2.0,230438.0,沙丘 (电影),0.3775506913661957,Q114819,Culture.Media.Entertainment,230438.0,0.0,6.0,2785.0
4887,2.0,230438.0,沙丘 (电影),0.1294127255678177,Q114819,Culture.Literature,230438.0,0.0,6.0,2785.0
4888,2.0,230438.0,沙丘 (电影),0.0,Q114819,Geography.Regions.Americas.North_America,230438.0,0.0,6.0,2785.0
4889,2.0,231033.0,悲慘世界 (音樂劇),0.9972950220108032,Q830581,Culture.Performing_arts,231033.0,2741.180880580272,8.0,3103.0
4890,2.0,231033.0,悲慘世界 (音樂劇),0.9481645226478576,Q830581,Culture.Media.Music,231033.0,2741.180880580272,8.0,3103.0
4891,2.0,231033.0,悲慘世界 (音樂劇),0.9073222279548644,Q830581,Culture.Media.Media*,231033.0,2741.180880580272,8.0,3103.0
4892,2.0,231621.0,蘇澤光,0.9790457487106324,Q6115252,Culture.Biography.Biography*,231621.0,2547.581554265118,3.0,692.0
4893,2.0,231621.0,蘇澤光,0.4857871999740601,Q6115252,Geography.Regions.Asia.East_Asia,231621.0,2547.581554265118,3.0,692.0
4894,2.0,231621.0,蘇澤光,0.4605437984466553,Q6115252,Geography.Regions.Asia.Asia*,231621.0,2547.581554265118,3.0,692.0
4895,8.0,232824.0,陳潔如,0.9859463572502136,Q699378,Culture.Biography.Biography*,232824.0,7284.222452647172,5.0,1959.0
4896,8.0,232824.0,陳潔如,0.6654205918312073,Q699378,Culture.Biography.Women,232824.0,7284.222452647172,5.0,1959.0
4897,8.0,232824.0,陳潔如,0.4990100135803223,Q699378,Geography.Regions.Asia.East_Asia,232824.0,7284.222452647172,5.0,1959.0
4898,8.0,232824.0,陳潔如,0.4946784844398498,Q699378,Geography.Regions.Asia.Asia*,232824.0,7284.222452647172,5.0,1959.0
4899,8.0,232824.0,陳潔如,0.12253321707248688,Q699378,Culture.Literature,232824.0,7284.222452647172,5.0,1959.0
4900,3.0,233014.0,林建岳,0.9836069941520692,Q7175338,Culture.Biography.Biography*,233014.0,900.1976453158403,3.0,2459.0
4901,3.0,233014.0,林建岳,0.0,Q7175338,Geography.Regions.Asia.Asia*,233014.0,900.1976453158403,3.0,2459.0
4902,3.0,233014.0,林建岳,0.0,Q7175338,Geography.Regions.Asia.East_Asia,233014.0,900.1976453158403,3.0,2459.0
4903,1.0,233252.0,包皮環切術,0.9219318628311156,Q83345,History_and_Society.Society,233252.0,0.0,4.0,6770.0
4904,1.0,233252.0,包皮環切術,0.6992644667625427,Q83345,STEM.STEM*,233252.0,0.0,4.0,6770.0
4905,1.0,233252.0,包皮環切術,0.6370407938957214,Q83345,Culture.Philosophy_and_religion,233252.0,0.0,4.0,6770.0
4906,1.0,233252.0,包皮環切術,0.5775054097175598,Q83345,STEM.Medicine_&_Health,233252.0,0.0,4.0,6770.0
4907,1.0,233252.0,包皮環切術,0.275139719247818,Q83345,STEM.Biology,233252.0,0.0,4.0,6770.0
4908,1.0,233252.0,包皮環切術,0.22816647589206696,Q83345,History_and_Society.History,233252.0,0.0,4.0,6770.0
4909,1.0,233252.0,包皮環切術,0.18714269995689392,Q83345,History_and_Society.Politics_and_government,233252.0,0.0,4.0,6770.0
4910,5.0,233428.0,潘迎紫,0.998803436756134,Q4762529,Culture.Biography.Biography*,233428.0,10852.637130166591,4.0,2529.0
4911,5.0,233428.0,潘迎紫,0.8267217874526978,Q4762529,Culture.Biography.Women,233428.0,10852.637130166591,4.0,2529.0
4912,5.0,233428.0,潘迎紫,0.4616831412315369,Q4762529,Geography.Regions.Asia.East_Asia,233428.0,10852.637130166591,4.0,2529.0
4913,5.0,233428.0,潘迎紫,0.4440047016143799,Q4762529,Geography.Regions.Asia.Asia*,233428.0,10852.637130166591,4.0,2529.0
4914,19.0,233699.0,華信航空,1.0000100135803225,Q1150302,Culture.Biography.Biography*,233699.0,10645.835806417268,10.0,3266.0
4915,19.0,233699.0,華信航空,0.999506652355194,Q1150302,History_and_Society.Society,233699.0,10645.835806417268,10.0,3266.0
4916,19.0,233699.0,華信航空,0.9820237755775452,Q1150302,STEM.STEM*,233699.0,10645.835806417268,10.0,3266.0
4917,19.0,233699.0,華信航空,0.9777238368988036,Q1150302,STEM.Engineering,233699.0,10645.835806417268,10.0,3266.0
4918,19.0,233699.0,華信航空,0.9732507467269896,Q1150302,History_and_Society.Transportation,233699.0,10645.835806417268,10.0,3266.0
4919,19.0,233699.0,華信航空,0.4977257122993469,Q1150302,Geography.Regions.Asia.East_Asia,233699.0,10645.835806417268,10.0,3266.0
4920,19.0,233699.0,華信航空,0.4845064153671265,Q1150302,Geography.Regions.Asia.Asia*,233699.0,10645.835806417268,10.0,3266.0
4921,19.0,233699.0,華信航空,0.3702353835105896,Q1150302,History_and_Society.Business_and_economics,233699.0,10645.835806417268,10.0,3266.0
4922,11.0,235081.0,航空母艦戰鬥群,0.9814634323120116,Q1434110,History_and_Society.Military_and_warfare,235081.0,20465.753291221805,5.0,4840.0
4923,14.0,235403.0,海南航空,0.9553291201591492,Q292428,STEM.Engineering,235403.0,10608.008195288372,10.0,2591.0
4924,14.0,235403.0,海南航空,0.9481645226478576,Q292428,History_and_Society.Transportation,235403.0,10608.008195288372,10.0,2591.0
4925,14.0,235403.0,海南航空,0.8479777574539185,Q292428,STEM.STEM*,235403.0,10608.008195288372,10.0,2591.0
4926,14.0,235403.0,海南航空,0.754925012588501,Q292428,History_and_Society.Business_and_economics,235403.0,10608.008195288372,10.0,2591.0
4927,14.0,235403.0,海南航空,0.23616819286346435,Q292428,Geography.Regions.Asia.Asia*,235403.0,10608.008195288372,10.0,2591.0
4928,14.0,235403.0,海南航空,0.21760438585281366,Q292428,Geography.Regions.Asia.East_Asia,235403.0,10608.008195288372,10.0,2591.0
4929,14.0,235403.0,海南航空,0.0,Q292428,Geography.Regions.Europe.Europe*,235403.0,10608.008195288372,10.0,2591.0
4930,2.0,236637.0,天生一对 (1998年电影),0.996185541152954,Q729782,Culture.Media.Films,236637.0,3942.0,6.0,3493.0
4931,2.0,236637.0,天生一对 (1998年电影),0.99219411611557,Q729782,Culture.Media.Media*,236637.0,3942.0,6.0,3493.0
4932,2.0,236637.0,天生一对 (1998年电影),0.16886694729328156,Q729782,Culture.Media.Entertainment,236637.0,3942.0,6.0,3493.0
4933,2.0,236637.0,天生一对 (1998年电影),0.0,Q729782,Geography.Regions.Americas.North_America,236637.0,3942.0,6.0,3493.0
4934,3.0,237613.0,文頌嫻,0.9942797422409058,Q4769377,Culture.Biography.Biography*,237613.0,3614.258966226673,12.0,7229.0
4935,3.0,237613.0,文頌嫻,0.13661839067935946,Q4769377,Culture.Biography.Women,237613.0,3614.258966226673,12.0,7229.0
4936,3.0,237613.0,文頌嫻,0.10667316818237303,Q4769377,Geography.Regions.Asia.Asia*,237613.0,3614.258966226673,12.0,7229.0
4937,3.0,237613.0,文頌嫻,0.0,Q4769377,Geography.Regions.Asia.East_Asia,237613.0,3614.258966226673,12.0,7229.0
4938,1.0,239021.0,木戶孝允,0.9883227348327636,Q696402,Culture.Biography.Biography*,239021.0,0.0,3.0,2011.0
4939,1.0,239021.0,木戶孝允,0.4569222798347473,Q696402,Geography.Regions.Asia.East_Asia,239021.0,0.0,3.0,2011.0
4940,1.0,239021.0,木戶孝允,0.4114462008476257,Q696402,Geography.Regions.Asia.Asia*,239021.0,0.0,3.0,2011.0
4941,4.0,239058.0,海上自衛隊,0.8221991658210754,Q731647,History_and_Society.Military_and_warfare,239058.0,3705.271788741689,5.0,2922.0
4942,4.0,239058.0,海上自衛隊,0.0991983880996704,Q731647,Geography.Regions.Asia.Asia*,239058.0,3705.271788741689,5.0,2922.0
4943,4.0,239058.0,海上自衛隊,0.0,Q731647,Geography.Regions.Asia.East_Asia,239058.0,3705.271788741689,5.0,2922.0
4944,1.0,239077.0,阿斯馬拉,0.94500470161438,Q3642,Geography.Geographical,239077.0,0.0,13.0,2347.0
4945,1.0,239077.0,阿斯馬拉,0.4843900501728058,Q3642,Geography.Regions.Africa.Africa*,239077.0,0.0,13.0,2347.0
4946,10.0,240866.0,麗素·慧絲,0.9970290064811708,Q134077,Culture.Biography.Biography*,240866.0,39523.578116849305,6.0,3279.0
4947,10.0,240866.0,麗素·慧絲,0.9825675487518309,Q134077,Culture.Biography.Women,240866.0,39523.578116849305,6.0,3279.0
4948,10.0,240866.0,麗素·慧絲,0.2227101624011993,Q134077,Culture.Media.Media*,240866.0,39523.578116849305,6.0,3279.0
4949,10.0,240866.0,麗素·慧絲,0.15611489117145538,Q134077,History_and_Society.Society,240866.0,39523.578116849305,6.0,3279.0
4950,10.0,240866.0,麗素·慧絲,0.13297423720359802,Q134077,Culture.Literature,240866.0,39523.578116849305,6.0,3279.0
4951,10.0,240866.0,麗素·慧絲,0.0,Q134077,Geography.Regions.Europe.Europe*,240866.0,39523.578116849305,6.0,3279.0
4952,10.0,240866.0,麗素·慧絲,0.0,Q134077,Geography.Regions.Americas.North_America,240866.0,39523.578116849305,6.0,3279.0
4953,10.0,240866.0,麗素·慧絲,0.0,Q134077,Geography.Regions.Europe.Northern_Europe,240866.0,39523.578116849305,6.0,3279.0
4954,2.0,242045.0,钱壮飞,0.9836069941520692,Q8289081,Culture.Biography.Biography*,242045.0,0.0,1.0,1588.0
4955,2.0,242045.0,钱壮飞,0.037993239402771,Q8289081,Geography.Regions.Asia.Asia*,242045.0,0.0,1.0,1588.0
4956,2.0,242045.0,钱壮飞,0.0,Q8289081,Geography.Regions.Asia.East_Asia,242045.0,0.0,1.0,1588.0
4957,1.0,242051.0,香港政府憲報,0.4301573634147644,Q5894660,Culture.Media.Media*,242051.0,0.0,3.0,1232.0
4958,1.0,242051.0,香港政府憲報,0.13297423720359802,Q5894660,Culture.Literature,242051.0,0.0,3.0,1232.0
4959,1.0,242051.0,香港政府憲報,0.10088862478733064,Q5894660,Culture.Media.Entertainment,242051.0,0.0,3.0,1232.0
4960,1.0,242051.0,香港政府憲報,0.0,Q5894660,Geography.Regions.Europe.Europe*,242051.0,0.0,3.0,1232.0
4961,1.0,242051.0,香港政府憲報,0.0,Q5894660,Geography.Regions.Americas.North_America,242051.0,0.0,3.0,1232.0
4962,1.0,242051.0,香港政府憲報,0.0,Q5894660,Geography.Regions.Asia.Asia*,242051.0,0.0,3.0,1232.0
4963,1.0,242051.0,香港政府憲報,0.0,Q5894660,Geography.Regions.Europe.Northern_Europe,242051.0,0.0,3.0,1232.0
4964,2.0,242538.0,天主教會大分裂,0.7186043858528137,Q26189,Culture.Philosophy_and_religion,242538.0,4920.858242608343,11.0,875.0
4965,2.0,242538.0,天主教會大分裂,0.5156299471855164,Q26189,History_and_Society.History,242538.0,4920.858242608343,11.0,875.0
4966,2.0,242538.0,天主教會大分裂,0.3862146010398865,Q26189,Geography.Regions.Europe.Europe*,242538.0,4920.858242608343,11.0,875.0
4967,2.0,242538.0,天主教會大分裂,0.3557848632335663,Q26189,History_and_Society.Politics_and_government,242538.0,4920.858242608343,11.0,875.0
4968,2.0,242538.0,天主教會大分裂,0.2120788097381592,Q26189,History_and_Society.Society,242538.0,4920.858242608343,11.0,875.0
4969,2.0,242538.0,天主教會大分裂,0.0,Q26189,Geography.Regions.Europe.Western_Europe,242538.0,4920.858242608343,11.0,875.0
4970,2.0,242538.0,天主教會大分裂,0.0,Q26189,Geography.Regions.Europe.Southern_Europe,242538.0,4920.858242608343,11.0,875.0
4971,1.0,242649.0,澄清湖,1.0000100135803225,Q57333,Culture.Biography.Biography*,242649.0,0.0,16.0,1313.0
4972,1.0,242649.0,澄清湖,0.9987257122993468,Q57333,History_and_Society.Society,242649.0,0.0,16.0,1313.0
4973,1.0,242649.0,澄清湖,0.997894287109375,Q57333,Geography.Regions.Asia.East_Asia,242649.0,0.0,16.0,1313.0
4974,1.0,242649.0,澄清湖,0.996185541152954,Q57333,Geography.Regions.Asia.Asia*,242649.0,0.0,16.0,1313.0
4975,1.0,242649.0,澄清湖,0.8080772161483765,Q57333,Geography.Geographical,242649.0,0.0,16.0,1313.0
4976,1.0,242649.0,澄清湖,0.15611489117145538,Q57333,STEM.STEM*,242649.0,0.0,16.0,1313.0
4977,76.0,243462.0,普通话,0.9996055364608764,Q24841726,Culture.Linguistics,243462.0,824679.9357532194,7.0,3218.0
4978,76.0,243462.0,普通话,0.4986055364608765,Q24841726,Geography.Regions.Asia.East_Asia,243462.0,824679.9357532194,7.0,3218.0
4979,76.0,243462.0,普通话,0.4977651705741882,Q24841726,Geography.Regions.Asia.Asia*,243462.0,824679.9357532194,7.0,3218.0
4980,76.0,243462.0,普通话,0.1732981950044632,Q24841726,History_and_Society.Society,243462.0,824679.9357532194,7.0,3218.0
4981,3.0,243608.0,香港公共屋邨,0.4986640086174011,Q14454091,Geography.Regions.Asia.East_Asia,243608.0,822.8671482389873,12.0,2864.0
4982,3.0,243608.0,香港公共屋邨,0.4936250915527344,Q14454091,Geography.Regions.Asia.Asia*,243608.0,822.8671482389873,12.0,2864.0
4983,7.0,244063.0,肖恩·康纳利,0.9983093142509459,Q4573,Culture.Biography.Biography*,244063.0,20702.63004186001,6.0,4529.0
4984,7.0,244063.0,肖恩·康纳利,0.26285186409950256,Q4573,Culture.Media.Media*,244063.0,20702.63004186001,6.0,4529.0
4985,7.0,244063.0,肖恩·康纳利,0.10088862478733064,Q4573,Culture.Performing_arts,244063.0,20702.63004186001,6.0,4529.0
4986,7.0,244063.0,肖恩·康纳利,0.0991983880996704,Q4573,Geography.Regions.Europe.Europe*,244063.0,20702.63004186001,6.0,4529.0
4987,7.0,244063.0,肖恩·康纳利,0.0,Q4573,Geography.Regions.Europe.Northern_Europe,244063.0,20702.63004186001,6.0,4529.0
4988,7.0,244063.0,肖恩·康纳利,0.0,Q4573,Geography.Regions.Americas.North_America,244063.0,20702.63004186001,6.0,4529.0
4989,2.0,244481.0,1989年拉萨骚乱,0.7371681928634644,Q843513,History_and_Society.Military_and_warfare,244481.0,0.0,3.0,2086.0
4990,2.0,244481.0,1989年拉萨骚乱,0.14034625887870789,Q843513,History_and_Society.History,244481.0,0.0,3.0,2086.0
4991,2.0,244481.0,1989年拉萨骚乱,0.07650540971755981,Q843513,Geography.Regions.Europe.Europe*,244481.0,0.0,3.0,2086.0
4992,2.0,244481.0,1989年拉萨骚乱,0.0,Q843513,Geography.Regions.Asia.Asia*,244481.0,0.0,3.0,2086.0
4993,2.0,244481.0,1989年拉萨骚乱,0.0,Q843513,Geography.Regions.Asia.East_Asia,244481.0,0.0,3.0,2086.0
4994,2.0,244481.0,1989年拉萨骚乱,0.0,Q843513,Geography.Regions.Europe.Southern_Europe,244481.0,0.0,3.0,2086.0
4995,2.0,244481.0,1989年拉萨骚乱,0.0,Q843513,Geography.Regions.Europe.Eastern_Europe,244481.0,0.0,3.0,2086.0
4996,2.0,244481.0,1989年拉萨骚乱,0.0,Q843513,Geography.Regions.Europe.Northern_Europe,244481.0,0.0,3.0,2086.0
4997,2.0,244754.0,鄧慧詩,0.9931061863899232,Q15933599,Culture.Biography.Biography*,244754.0,0.0,4.0,1101.0
4998,2.0,244754.0,鄧慧詩,0.338743971824646,Q15933599,Geography.Regions.Asia.Asia*,244754.0,0.0,4.0,1101.0
4999,2.0,244754.0,鄧慧詩,0.25392501258850103,Q15933599,Geography.Regions.Asia.East_Asia,244754.0,0.0,4.0,1101.0
5000,2.0,244754.0,鄧慧詩,0.2393593490123749,Q15933599,Culture.Visual_arts.Fashion,244754.0,0.0,4.0,1101.0
5001,2.0,244754.0,鄧慧詩,0.14805719256401062,Q15933599,History_and_Society.Politics_and_government,244754.0,0.0,4.0,1101.0
5002,2.0,244754.0,鄧慧詩,0.1294127255678177,Q15933599,Culture.Sports,244754.0,0.0,4.0,1101.0
5003,5.0,247182.0,朱術桂,0.996837317943573,Q8071150,Culture.Biography.Biography*,247182.0,644.1169505212576,5.0,1406.0
5004,5.0,247182.0,朱術桂,0.43892334604263306,Q8071150,Geography.Regions.Asia.Asia*,247182.0,644.1169505212576,5.0,1406.0
5005,5.0,247182.0,朱術桂,0.4294682612419128,Q8071150,Geography.Regions.Asia.East_Asia,247182.0,644.1169505212576,5.0,1406.0
5006,5.0,247182.0,朱術桂,0.13661839067935946,Q8071150,History_and_Society.History,247182.0,644.1169505212576,5.0,1406.0
5007,15.0,247749.0,中兴通讯,0.9263137578964232,Q136484,History_and_Society.Business_and_economics,247749.0,101125.54720628195,10.0,3166.0
5008,15.0,247749.0,中兴通讯,0.6001983880996704,Q136484,STEM.Technology,247749.0,101125.54720628195,10.0,3166.0
5009,15.0,247749.0,中兴通讯,0.6001983880996704,Q136484,STEM.STEM*,247749.0,101125.54720628195,10.0,3166.0
5010,15.0,247749.0,中兴通讯,0.275139719247818,Q136484,STEM.Computing,247749.0,101125.54720628195,10.0,3166.0
5011,15.0,247749.0,中兴通讯,0.21124218606948847,Q136484,Geography.Regions.Asia.Asia*,247749.0,101125.54720628195,10.0,3166.0
5012,15.0,247749.0,中兴通讯,0.18495945835113525,Q136484,Geography.Regions.Asia.East_Asia,247749.0,101125.54720628195,10.0,3166.0
5013,13.0,247801.0,網路迷因,0.4610267877578736,Q2927074,STEM.STEM*,247801.0,37379.62082288972,8.0,1084.0
5014,13.0,247801.0,網路迷因,0.3998216390609741,Q2927074,Culture.Internet_culture,247801.0,37379.62082288972,8.0,1084.0
5015,13.0,247801.0,網路迷因,0.3073680400848389,Q2927074,STEM.Technology,247801.0,37379.62082288972,8.0,1084.0
5016,13.0,247801.0,網路迷因,0.19194278120994568,Q2927074,Culture.Media.Media*,247801.0,37379.62082288972,8.0,1084.0
5017,13.0,247801.0,網路迷因,0.11280541121959685,Q2927074,History_and_Society.Politics_and_government,247801.0,37379.62082288972,8.0,1084.0
5018,13.0,247801.0,網路迷因,0.1067005917429924,Q2927074,Culture.Media.Software,247801.0,37379.62082288972,8.0,1084.0
5019,13.0,247801.0,網路迷因,0.10375863313674928,Q2927074,Culture.Media.Entertainment,247801.0,37379.62082288972,8.0,1084.0
5020,12.0,248089.0,白曉燕命案,1.0000100135803225,Q6938010,Culture.Biography.Biography*,248089.0,18131.687437881767,4.0,89947.0
5021,12.0,248089.0,白曉燕命案,0.9989450573921204,Q6938010,History_and_Society.Society,248089.0,18131.687437881767,4.0,89947.0
5022,12.0,248089.0,白曉燕命案,0.6584275364875793,Q6938010,Culture.Biography.Women,248089.0,18131.687437881767,4.0,89947.0
5023,12.0,248089.0,白曉燕命案,0.478677677154541,Q6938010,Geography.Regions.Asia.East_Asia,248089.0,18131.687437881767,4.0,89947.0
5024,12.0,248089.0,白曉燕命案,0.4765896201133728,Q6938010,History_and_Society.Politics_and_government,248089.0,18131.687437881767,4.0,89947.0
5025,12.0,248089.0,白曉燕命案,0.4669093360900879,Q6938010,Geography.Regions.Asia.Asia*,248089.0,18131.687437881767,4.0,89947.0
5026,12.0,248089.0,白曉燕命案,0.2814156115055084,Q6938010,History_and_Society.History,248089.0,18131.687437881767,4.0,89947.0
5027,2.0,248097.0,告别回憶系列,1.0000100135803225,Q843681,Culture.Media.Media*,248097.0,3942.0,16.0,2438.0
5028,2.0,248097.0,告别回憶系列,1.0000100135803225,Q843681,Culture.Internet_culture,248097.0,3942.0,16.0,2438.0
5029,2.0,248097.0,告别回憶系列,1.0000100135803225,Q843681,Culture.Media.Video_games,248097.0,3942.0,16.0,2438.0
5030,4.0,248173.0,那霸市,0.9926641583442688,Q181966,Geography.Regions.Asia.East_Asia,248173.0,7204.210678583861,10.0,3246.0
5031,4.0,248173.0,那霸市,0.9648651480674744,Q181966,Geography.Regions.Asia.Asia*,248173.0,7204.210678583861,10.0,3246.0
5032,4.0,248173.0,那霸市,0.7931159734725952,Q181966,Geography.Geographical,248173.0,7204.210678583861,10.0,3246.0
5033,15.0,248204.0,股份有限公司,0.5775054097175598,Q134161,History_and_Society.Business_and_economics,248204.0,46021.052409995995,3.0,2793.0
5034,15.0,248204.0,股份有限公司,0.5078218579292297,Q134161,History_and_Society.Politics_and_government,248204.0,46021.052409995995,3.0,2793.0
5035,15.0,248204.0,股份有限公司,0.15611489117145538,Q134161,STEM.STEM*,248204.0,46021.052409995995,3.0,2793.0
5036,2.0,248275.0,岡田有希子,0.9871888160705566,Q254611,Culture.Biography.Biography*,248275.0,7482.97569417354,13.0,1826.0
5037,2.0,248275.0,岡田有希子,0.6584275364875793,Q254611,Culture.Biography.Women,248275.0,7482.97569417354,13.0,1826.0
5038,2.0,248275.0,岡田有希子,0.3629792034626007,Q254611,Culture.Media.Music,248275.0,7482.97569417354,13.0,1826.0
5039,2.0,248275.0,岡田有希子,0.33459946513175964,Q254611,Culture.Media.Media*,248275.0,7482.97569417354,13.0,1826.0
5040,2.0,248275.0,岡田有希子,0.2596606483459473,Q254611,Geography.Regions.Asia.Asia*,248275.0,7482.97569417354,13.0,1826.0
5041,2.0,248275.0,岡田有希子,0.23616819286346435,Q254611,Geography.Regions.Asia.East_Asia,248275.0,7482.97569417354,13.0,1826.0
5042,1.0,250067.0,陳秋霞,0.9980832934379578,Q712699,Culture.Biography.Biography*,250067.0,0.0,12.0,3741.0
5043,1.0,250067.0,陳秋霞,0.6654205918312073,Q712699,Culture.Media.Music,250067.0,0.0,12.0,3741.0
5044,1.0,250067.0,陳秋霞,0.4765896201133728,Q712699,Culture.Biography.Women,250067.0,0.0,12.0,3741.0
5045,1.0,250067.0,陳秋霞,0.3998216390609741,Q712699,Culture.Media.Media*,250067.0,0.0,12.0,3741.0
5046,1.0,250067.0,陳秋霞,0.3548611869812012,Q712699,Geography.Regions.Asia.Asia*,250067.0,0.0,12.0,3741.0
5047,1.0,250067.0,陳秋霞,0.3165845146179199,Q712699,Geography.Regions.Asia.East_Asia,250067.0,0.0,12.0,3741.0
5048,1.0,250812.0,陳凱欣,0.974052667617798,Q8942683,Culture.Biography.Biography*,250812.0,0.0,3.0,2822.0
5049,1.0,250812.0,陳凱欣,0.4845064153671265,Q8942683,Geography.Regions.Asia.East_Asia,250812.0,0.0,3.0,2822.0
5050,1.0,250812.0,陳凱欣,0.4678661694526672,Q8942683,Geography.Regions.Asia.Asia*,250812.0,0.0,3.0,2822.0
5051,30.0,250956.0,最终幻想XII,1.0000100135803225,Q327594,Culture.Media.Video_games,250956.0,35476.98611134861,14.0,3193.0
5052,30.0,250956.0,最终幻想XII,1.0000100135803225,Q327594,Culture.Internet_culture,250956.0,35476.98611134861,14.0,3193.0
5053,30.0,250956.0,最终幻想XII,0.9985549449920654,Q327594,Culture.Media.Media*,250956.0,35476.98611134861,14.0,3193.0
5054,3.0,251195.0,王家禧,0.992888569831848,Q700142,Culture.Biography.Biography*,251195.0,0.0,3.0,2672.0
5055,3.0,251195.0,王家禧,0.7773098945617676,Q700142,Culture.Visual_arts.Visual_arts*,251195.0,0.0,3.0,2672.0
5056,3.0,251195.0,王家禧,0.7663036584854126,Q700142,Culture.Visual_arts.Comics_and_Anime,251195.0,0.0,3.0,2672.0
5057,3.0,251195.0,王家禧,0.6654205918312073,Q700142,Culture.Literature,251195.0,0.0,3.0,2672.0
5058,3.0,251195.0,王家禧,0.11597072333097458,Q700142,History_and_Society.Society,251195.0,0.0,3.0,2672.0
5059,3.0,251195.0,王家禧,0.0,Q700142,Geography.Regions.Asia.Asia*,251195.0,0.0,3.0,2672.0
5060,3.0,251195.0,王家禧,0.0,Q700142,Geography.Regions.Asia.East_Asia,251195.0,0.0,3.0,2672.0
5061,28.0,252254.0,蘇永康,0.994455099105835,Q4020157,Culture.Biography.Biography*,252254.0,79468.3135367553,12.0,3035.0
5062,28.0,252254.0,蘇永康,0.4301573634147644,Q4020157,Culture.Media.Music,252254.0,79468.3135367553,12.0,3035.0
5063,28.0,252254.0,蘇永康,0.348655104637146,Q4020157,Culture.Media.Media*,252254.0,79468.3135367553,12.0,3035.0
5064,28.0,252254.0,蘇永康,0.3301530351638794,Q4020157,Geography.Regions.Asia.Asia*,252254.0,79468.3135367553,12.0,3035.0
5065,28.0,252254.0,蘇永康,0.2596606483459473,Q4020157,Geography.Regions.Asia.East_Asia,252254.0,79468.3135367553,12.0,3035.0
5066,15.0,252620.0,黑社會以和為貴,0.9046605229377748,Q2255525,Culture.Media.Films,252620.0,19664.992394217526,12.0,2943.0
5067,15.0,252620.0,黑社會以和為貴,0.8962613940238953,Q2255525,Culture.Media.Media*,252620.0,19664.992394217526,12.0,2943.0
5068,15.0,252620.0,黑社會以和為貴,0.3952613940238953,Q2255525,Geography.Regions.Asia.East_Asia,252620.0,19664.992394217526,12.0,2943.0
5069,15.0,252620.0,黑社會以和為貴,0.38304929637908935,Q2255525,Geography.Regions.Asia.Asia*,252620.0,19664.992394217526,12.0,2943.0
5070,8.0,252819.0,國家航空公司,1.0,Q721639,Compilation.List_Disambig,252819.0,2264.674934361077,10.0,1783.0
5071,8.0,252819.0,國家航空公司,0.9688661694526672,Q721639,STEM.STEM*,252819.0,2264.674934361077,10.0,1783.0
5072,8.0,252819.0,國家航空公司,0.9626831412315368,Q721639,STEM.Engineering,252819.0,2264.674934361077,10.0,1783.0
5073,8.0,252819.0,國家航空公司,0.9304682612419128,Q721639,History_and_Society.Transportation,252819.0,2264.674934361077,10.0,1783.0
5074,8.0,252819.0,國家航空公司,0.18714269995689392,Q721639,History_and_Society.Business_and_economics,252819.0,2264.674934361077,10.0,1783.0
5075,8.0,252819.0,國家航空公司,0.0,Q721639,Geography.Regions.Asia.Asia*,252819.0,2264.674934361077,10.0,1783.0
5076,8.0,252819.0,國家航空公司,0.0,Q721639,Geography.Regions.Europe.Europe*,252819.0,2264.674934361077,10.0,1783.0
5077,3.0,253617.0,井口真理子命案,1.0000100135803225,Q10882430,History_and_Society.Society,253617.0,896.102562100745,4.0,1933.0
5078,3.0,253617.0,井口真理子命案,1.0000100135803225,Q10882430,Culture.Biography.Biography*,253617.0,896.102562100745,4.0,1933.0
5079,3.0,253617.0,井口真理子命案,0.8706072568893433,Q10882430,History_and_Society.Politics_and_government,253617.0,896.102562100745,4.0,1933.0
5080,3.0,253617.0,井口真理子命案,0.4990100135803223,Q10882430,Geography.Regions.Asia.East_Asia,253617.0,896.102562100745,4.0,1933.0
5081,3.0,253617.0,井口真理子命案,0.4990100135803223,Q10882430,Geography.Regions.Asia.Asia*,253617.0,896.102562100745,4.0,1933.0
5082,1.0,254107.0,西貢公路,0.4974121918678284,Q12060169,Geography.Regions.Asia.East_Asia,254107.0,0.0,3.0,1809.0
5083,1.0,254107.0,西貢公路,0.4857871999740601,Q12060169,Geography.Regions.Asia.Asia*,254107.0,0.0,3.0,1809.0
5084,1.0,254238.0,矽藻土,0.9859463572502136,Q193414,STEM.STEM*,254238.0,0.0,14.0,2960.0
5085,1.0,254238.0,矽藻土,0.7186043858528137,Q193414,STEM.Earth_and_environment,254238.0,0.0,14.0,2960.0
5086,1.0,254238.0,矽藻土,0.13297423720359802,Q193414,History_and_Society.Society,254238.0,0.0,14.0,2960.0
5087,1.0,254238.0,矽藻土,0.10375863313674928,Q193414,STEM.Chemistry,254238.0,0.0,14.0,2960.0
5088,5.0,254631.0,刘亚洲,0.9979592561721802,Q5948643,Culture.Biography.Biography*,254631.0,14235.041081976346,7.0,1322.0
5089,5.0,254631.0,刘亚洲,0.4114462008476257,Q5948643,Geography.Regions.Asia.East_Asia,254631.0,14235.041081976346,7.0,1322.0
5090,5.0,254631.0,刘亚洲,0.3862146010398865,Q5948643,Geography.Regions.Asia.Asia*,254631.0,14235.041081976346,7.0,1322.0
5091,5.0,254631.0,刘亚洲,0.2227101624011993,Q5948643,History_and_Society.Military_and_warfare,254631.0,14235.041081976346,7.0,1322.0
5092,6.0,254804.0,羅本立,0.9966334104537964,Q8275479,Culture.Biography.Biography*,254804.0,14021.639277362707,2.0,2444.0
5093,6.0,254804.0,羅本立,0.4843900501728058,Q8275479,History_and_Society.Society,254804.0,14021.639277362707,2.0,2444.0
5094,6.0,254804.0,羅本立,0.38304929637908935,Q8275479,Geography.Regions.Asia.East_Asia,254804.0,14021.639277362707,2.0,2444.0
5095,6.0,254804.0,羅本立,0.3429050912857056,Q8275479,Geography.Regions.Asia.Asia*,254804.0,14021.639277362707,2.0,2444.0
5096,6.0,254804.0,羅本立,0.14415885508060455,Q8275479,History_and_Society.Military_and_warfare,254804.0,14021.639277362707,2.0,2444.0
5097,1.0,254987.0,有線電視新聞網國際新聞網絡,0.6076731681823729,Q1282786,Culture.Media.Media*,254987.0,0.0,6.0,1288.0
5098,1.0,254987.0,有線電視新聞網國際新聞網絡,0.5698626637458801,Q1282786,Culture.Media.Television,254987.0,0.0,6.0,1288.0
5099,1.0,254987.0,有線電視新聞網國際新聞網絡,0.0,Q1282786,Geography.Regions.Americas.North_America,254987.0,0.0,6.0,1288.0
5100,1.0,254987.0,有線電視新聞網國際新聞網絡,0.0,Q1282786,Geography.Regions.Asia.Asia*,254987.0,0.0,6.0,1288.0
5101,8.0,255066.0,法利赛人,0.9790457487106324,Q26403,Culture.Philosophy_and_religion,255066.0,1760.2498564786508,11.0,1891.0
5102,8.0,255066.0,法利赛人,0.5234303474426271,Q26403,Culture.Literature,255066.0,1760.2498564786508,11.0,1891.0
5103,8.0,255066.0,法利赛人,0.4301573634147644,Q26403,History_and_Society.History,255066.0,1760.2498564786508,11.0,1891.0
5104,8.0,255066.0,法利赛人,0.3140605390071869,Q26403,History_and_Society.Society,255066.0,1760.2498564786508,11.0,1891.0
5105,8.0,255066.0,法利赛人,0.13661839067935946,Q26403,History_and_Society.Politics_and_government,255066.0,1760.2498564786508,11.0,1891.0
5106,8.0,255066.0,法利赛人,0.11280541121959685,Q26403,STEM.STEM*,255066.0,1760.2498564786508,11.0,1891.0
5107,8.0,255066.0,法利赛人,0.0,Q26403,Geography.Regions.Europe.Europe*,255066.0,1760.2498564786508,11.0,1891.0
5108,8.0,255066.0,法利赛人,0.0,Q26403,Geography.Regions.Asia.West_Asia,255066.0,1760.2498564786508,11.0,1891.0
5109,8.0,255066.0,法利赛人,0.0,Q26403,Geography.Geographical,255066.0,1760.2498564786508,11.0,1891.0
5110,8.0,255066.0,法利赛人,0.0,Q26403,Geography.Regions.Asia.Asia*,255066.0,1760.2498564786508,11.0,1891.0
5111,4.0,255147.0,刘震云,0.9871888160705566,Q706370,Culture.Biography.Biography*,255147.0,15759.0,2.0,1623.0
5112,4.0,255147.0,刘震云,0.311877357006073,Q706370,Geography.Regions.Asia.Asia*,255147.0,15759.0,2.0,1623.0
5113,4.0,255147.0,刘震云,0.23371636867523196,Q706370,Culture.Media.Media*,255147.0,15759.0,2.0,1623.0
5114,4.0,255147.0,刘震云,0.20182321965694427,Q706370,Culture.Literature,255147.0,15759.0,2.0,1623.0
5115,4.0,255147.0,刘震云,0.19165198707580566,Q706370,Geography.Regions.Asia.East_Asia,255147.0,15759.0,2.0,1623.0
5116,1.0,255259.0,严凤英,0.9908843636512756,Q10871551,Culture.Biography.Biography*,255259.0,0.0,15.0,2033.0
5117,1.0,255259.0,严凤英,0.6076731681823729,Q10871551,History_and_Society.History,255259.0,0.0,15.0,2033.0
5118,1.0,255259.0,严凤英,0.59267657995224,Q10871551,Culture.Biography.Women,255259.0,0.0,15.0,2033.0
5119,1.0,255259.0,严凤英,0.5544804334640503,Q10871551,Culture.Performing_arts,255259.0,0.0,15.0,2033.0
5120,1.0,255259.0,严凤英,0.5234303474426271,Q10871551,Culture.Media.Media*,255259.0,0.0,15.0,2033.0
5121,1.0,255259.0,严凤英,0.4765896201133728,Q10871551,Culture.Media.Music,255259.0,0.0,15.0,2033.0
5122,1.0,255259.0,严凤英,0.23616819286346435,Q10871551,Geography.Regions.Asia.East_Asia,255259.0,0.0,15.0,2033.0
5123,1.0,255259.0,严凤英,0.11409788036346435,Q10871551,Geography.Regions.Asia.Asia*,255259.0,0.0,15.0,2033.0
5124,1.0,255259.0,严凤英,0.0,Q10871551,Geography.Regions.Europe.Europe*,255259.0,0.0,15.0,2033.0
5125,1.0,255259.0,严凤英,0.0,Q10871551,Geography.Regions.Americas.North_America,255259.0,0.0,15.0,2033.0
5126,1.0,255259.0,严凤英,0.0,Q10871551,Geography.Regions.Europe.Eastern_Europe,255259.0,0.0,15.0,2033.0
5127,1.0,255259.0,严凤英,0.0,Q10871551,Geography.Regions.Oceania,255259.0,0.0,15.0,2033.0
5128,9.0,256619.0,唐劍康,0.9939124584197998,Q9049623,Culture.Biography.Biography*,256619.0,9702.112140601226,12.0,3569.0
5129,9.0,256619.0,唐劍康,0.16027602553367615,Q9049623,Culture.Media.Media*,256619.0,9702.112140601226,12.0,3569.0
5130,9.0,256619.0,唐劍康,0.13297423720359802,Q9049623,Culture.Media.Music,256619.0,9702.112140601226,12.0,3569.0
5131,9.0,256619.0,唐劍康,0.0,Q9049623,Geography.Regions.Asia.Asia*,256619.0,9702.112140601226,12.0,3569.0
5132,9.0,256619.0,唐劍康,0.0,Q9049623,Geography.Regions.Asia.East_Asia,256619.0,9702.112140601226,12.0,3569.0
5133,9.0,256619.0,唐劍康,0.0,Q9049623,Geography.Regions.Americas.North_America,256619.0,9702.112140601226,12.0,3569.0
5134,20.0,256663.0,劉偉強,0.9993221759796144,Q715330,Culture.Biography.Biography*,256663.0,58717.794734922325,12.0,2161.0
5135,20.0,256663.0,劉偉強,0.4231518378257752,Q715330,Geography.Regions.Asia.East_Asia,256663.0,58717.794734922325,12.0,2161.0
5136,20.0,256663.0,劉偉強,0.3429050912857056,Q715330,Geography.Regions.Asia.Asia*,256663.0,58717.794734922325,12.0,2161.0
5137,2.0,257441.0,莫妮卡·莱温斯基,0.9987257122993468,Q212659,Culture.Biography.Biography*,257441.0,1854.6345661244159,3.0,2437.0
5138,2.0,257441.0,莫妮卡·莱温斯基,0.8267217874526978,Q212659,Culture.Biography.Women,257441.0,1854.6345661244159,3.0,2437.0
5139,2.0,257441.0,莫妮卡·莱温斯基,0.2942249774932861,Q212659,History_and_Society.Business_and_economics,257441.0,1854.6345661244159,3.0,2437.0
5140,2.0,257441.0,莫妮卡·莱温斯基,0.23006861114501956,Q212659,Geography.Regions.Americas.North_America,257441.0,1854.6345661244159,3.0,2437.0
5141,2.0,257441.0,莫妮卡·莱温斯基,0.22816647589206696,Q212659,Culture.Media.Media*,257441.0,1854.6345661244159,3.0,2437.0
5142,2.0,257441.0,莫妮卡·莱温斯基,0.16452647745609286,Q212659,History_and_Society.Society,257441.0,1854.6345661244159,3.0,2437.0
5143,2.0,257441.0,莫妮卡·莱温斯基,0.1520422399044037,Q212659,STEM.STEM*,257441.0,1854.6345661244159,3.0,2437.0
5144,2.0,257441.0,莫妮卡·莱温斯基,0.10375863313674928,Q212659,Culture.Visual_arts.Visual_arts*,257441.0,1854.6345661244159,3.0,2437.0
5145,1.0,257690.0,馬克白 (歌劇),0.998599648475647,Q320363,Culture.Performing_arts,257690.0,0.0,12.0,938.0
5146,1.0,257690.0,馬克白 (歌劇),0.9755869507789612,Q320363,Culture.Media.Music,257690.0,0.0,12.0,938.0
5147,1.0,257690.0,馬克白 (歌劇),0.9591643214225768,Q320363,Culture.Media.Media*,257690.0,0.0,12.0,938.0
5148,1.0,257690.0,馬克白 (歌劇),0.23371636867523196,Q320363,Culture.Literature,257690.0,0.0,12.0,938.0
5149,4.0,257760.0,馬克白,0.9648651480674744,Q130283,Culture.Performing_arts,257760.0,9132.329958588198,12.0,3802.0
5150,4.0,257760.0,馬克白,0.8872146010398865,Q130283,Culture.Literature,257760.0,9132.329958588198,12.0,3802.0
5151,4.0,257760.0,馬克白,0.6150978803634644,Q130283,Culture.Media.Media*,257760.0,9132.329958588198,12.0,3802.0
5152,4.0,257760.0,馬克白,0.2814156115055084,Q130283,Culture.Media.Entertainment,257760.0,9132.329958588198,12.0,3802.0
5153,4.0,257760.0,馬克白,0.16027602553367615,Q130283,Culture.Media.Music,257760.0,9132.329958588198,12.0,3802.0
5154,4.0,257760.0,馬克白,0.13661839067935946,Q130283,History_and_Society.History,257760.0,9132.329958588198,12.0,3802.0
5155,4.0,257760.0,馬克白,0.12253321707248688,Q130283,Culture.Media.Books,257760.0,9132.329958588198,12.0,3802.0
5156,4.0,257760.0,馬克白,0.0,Q130283,Geography.Regions.Europe.Europe*,257760.0,9132.329958588198,12.0,3802.0
5157,4.0,257760.0,馬克白,0.0,Q130283,Geography.Regions.Europe.Western_Europe,257760.0,9132.329958588198,12.0,3802.0
5158,4.0,257760.0,馬克白,0.0,Q130283,Geography.Regions.Europe.Northern_Europe,257760.0,9132.329958588198,12.0,3802.0
5159,2.0,258569.0,古馳,0.9871888160705566,Q178516,Culture.Visual_arts.Fashion,258569.0,187.54428094576173,11.0,3024.0
5160,2.0,258569.0,古馳,0.9344051480293274,Q178516,Culture.Visual_arts.Visual_arts*,258569.0,187.54428094576173,11.0,3024.0
5161,2.0,258569.0,古馳,0.9173126816749572,Q178516,History_and_Society.Business_and_economics,258569.0,187.54428094576173,11.0,3024.0
5162,2.0,258569.0,古馳,0.2653036584854126,Q178516,Geography.Regions.Europe.Europe*,258569.0,187.54428094576173,11.0,3024.0
5163,2.0,258569.0,古馳,0.0,Q178516,Geography.Regions.Europe.Southern_Europe,258569.0,187.54428094576173,11.0,3024.0
5164,8.0,259352.0,劉和謙,0.998142421245575,Q8274535,Culture.Biography.Biography*,259352.0,14726.514794074272,5.0,2122.0
5165,8.0,259352.0,劉和謙,0.8080772161483765,Q8274535,History_and_Society.Military_and_warfare,259352.0,14726.514794074272,5.0,2122.0
5166,8.0,259352.0,劉和謙,0.5775054097175598,Q8274535,History_and_Society.Society,259352.0,14726.514794074272,5.0,2122.0
5167,8.0,259352.0,劉和謙,0.43713401460647583,Q8274535,Geography.Regions.Asia.East_Asia,259352.0,14726.514794074272,5.0,2122.0
5168,8.0,259352.0,劉和謙,0.3981314172744751,Q8274535,Geography.Regions.Asia.Asia*,259352.0,14726.514794074272,5.0,2122.0
5169,21.0,259656.0,成功級巡防艦,0.8670457601547241,Q1186236,History_and_Society.Transportation,259656.0,11632.904843308344,5.0,3554.0
5170,21.0,259656.0,成功級巡防艦,0.7057950496673584,Q1186236,History_and_Society.Military_and_warfare,259656.0,11632.904843308344,5.0,3554.0
5171,21.0,259656.0,成功級巡防艦,0.0,Q1186236,Geography.Regions.Asia.Asia*,259656.0,11632.904843308344,5.0,3554.0
5172,10.0,259666.0,濟陽級巡防艦,0.275139719247818,Q15908040,STEM.STEM*,259666.0,509.71054672320304,5.0,2069.0
5173,10.0,259666.0,濟陽級巡防艦,0.16452647745609286,Q15908040,History_and_Society.Transportation,259666.0,509.71054672320304,5.0,2069.0
5174,10.0,259666.0,濟陽級巡防艦,0.0,Q15908040,Geography.Regions.Asia.Asia*,259666.0,509.71054672320304,5.0,2069.0
5175,10.0,259666.0,濟陽級巡防艦,0.0,Q15908040,Geography.Regions.Europe.Europe*,259666.0,509.71054672320304,5.0,2069.0
5176,17.0,259668.0,康定級巡防艦,0.9883227348327636,Q3478082,History_and_Society.Transportation,259668.0,22425.40921888352,5.0,2827.0
5177,17.0,259668.0,康定級巡防艦,0.9770326614379884,Q3478082,History_and_Society.Military_and_warfare,259668.0,22425.40921888352,5.0,2827.0
5178,17.0,259668.0,康定級巡防艦,0.0,Q3478082,Geography.Regions.Europe.Europe*,259668.0,22425.40921888352,5.0,2827.0
5179,17.0,259668.0,康定級巡防艦,0.0,Q3478082,Geography.Regions.Asia.Asia*,259668.0,22425.40921888352,5.0,2827.0
5180,17.0,259668.0,康定級巡防艦,0.0,Q3478082,Geography.Regions.Europe.Western_Europe,259668.0,22425.40921888352,5.0,2827.0
5181,6.0,259736.0,喬拉可爾·密佛格,1.0000100135803225,Q2640110,Culture.Visual_arts.Comics_and_Anime,259736.0,12553.281294902918,14.0,3000.0
5182,6.0,259736.0,喬拉可爾·密佛格,1.0000100135803225,Q2640110,Culture.Literature,259736.0,12553.281294902918,14.0,3000.0
5183,6.0,259736.0,喬拉可爾·密佛格,0.9996179938316344,Q2640110,Culture.Visual_arts.Visual_arts*,259736.0,12553.281294902918,14.0,3000.0
5184,6.0,259736.0,喬拉可爾·密佛格,0.7606606483459473,Q2640110,Culture.Media.Video_games,259736.0,12553.281294902918,14.0,3000.0
5185,6.0,259736.0,喬拉可爾·密佛格,0.7490972280502319,Q2640110,Culture.Internet_culture,259736.0,12553.281294902918,14.0,3000.0
5186,2.0,259880.0,关颖珊,1.0000100135803225,Q235254,Culture.Biography.Biography*,259880.0,6559.38077880316,7.0,1315.0
5187,2.0,259880.0,关颖珊,0.9952548146247864,Q235254,Culture.Sports,259880.0,6559.38077880316,7.0,1315.0
5188,2.0,259880.0,关颖珊,0.9263137578964232,Q235254,Culture.Biography.Women,259880.0,6559.38077880316,7.0,1315.0
5189,2.0,259880.0,关颖珊,0.10667316818237303,Q235254,Geography.Regions.Americas.North_America,259880.0,6559.38077880316,7.0,1315.0
5190,4.0,261214.0,列格尼卡战役,0.984585464000702,Q159512,History_and_Society.Military_and_warfare,261214.0,138.15756799763324,11.0,769.0
5191,4.0,261214.0,列格尼卡战役,0.9820237755775452,Q159512,Geography.Regions.Asia.East_Asia,261214.0,138.15756799763324,11.0,769.0
5192,4.0,261214.0,列格尼卡战役,0.9241518378257751,Q159512,History_and_Society.History,261214.0,138.15756799763324,11.0,769.0
5193,4.0,261214.0,列格尼卡战役,0.8840492963790894,Q159512,Geography.Regions.Asia.Asia*,261214.0,138.15756799763324,11.0,769.0
5194,4.0,261214.0,列格尼卡战役,0.8175845146179199,Q159512,Geography.Regions.Europe.Eastern_Europe,261214.0,138.15756799763324,11.0,769.0
5195,4.0,261214.0,列格尼卡战役,0.6001983880996704,Q159512,Geography.Regions.Europe.Europe*,261214.0,138.15756799763324,11.0,769.0
5196,4.0,261214.0,列格尼卡战役,0.2120788097381592,Q159512,Geography.Regions.Europe.Western_Europe,261214.0,138.15756799763324,11.0,769.0
5197,4.0,261214.0,列格尼卡战役,0.1824355274438858,Q159512,Culture.Philosophy_and_religion,261214.0,138.15756799763324,11.0,769.0
5198,28.0,261455.0,英国内阁,0.9783946871757508,Q112014,History_and_Society.Politics_and_government,261455.0,5775.710507495714,1.0,1805.0
5199,28.0,261455.0,英国内阁,0.2509227991104126,Q112014,STEM.STEM*,261455.0,5775.710507495714,1.0,1805.0
5200,28.0,261455.0,英国内阁,0.23371636867523196,Q112014,History_and_Society.History,261455.0,5775.710507495714,1.0,1805.0
5201,28.0,261455.0,英国内阁,0.1732981950044632,Q112014,History_and_Society.Military_and_warfare,261455.0,5775.710507495714,1.0,1805.0
5202,28.0,261455.0,英国内阁,0.12253321707248688,Q112014,STEM.Earth_and_environment,261455.0,5775.710507495714,1.0,1805.0
5203,28.0,261455.0,英国内阁,0.11597072333097458,Q112014,History_and_Society.Business_and_economics,261455.0,5775.710507495714,1.0,1805.0
5204,28.0,261455.0,英国内阁,0.1097157895565033,Q112014,Culture.Food_and_drink,261455.0,5775.710507495714,1.0,1805.0
5205,28.0,261455.0,英国内阁,0.0,Q112014,Geography.Regions.Europe.Northern_Europe,261455.0,5775.710507495714,1.0,1805.0
5206,28.0,261455.0,英国内阁,0.0,Q112014,Geography.Regions.Europe.Europe*,261455.0,5775.710507495714,1.0,1805.0
5207,6.0,261509.0,開普敦,0.9433575868606568,Q5465,Geography.Geographical,261509.0,13933.880886185732,13.0,1996.0
5208,6.0,261509.0,開普敦,0.8670457601547241,Q5465,Geography.Regions.Africa.Africa*,261509.0,13933.880886185732,13.0,1996.0
5209,6.0,261509.0,開普敦,0.3629792034626007,Q5465,Geography.Regions.Africa.Southern_Africa,261509.0,13933.880886185732,13.0,1996.0
5210,6.0,261509.0,開普敦,0.1259327530860901,Q5465,History_and_Society.History,261509.0,13933.880886185732,13.0,1996.0
5211,7.0,263037.0,彭淮南,1.0000100135803225,Q374271,Culture.Biography.Biography*,263037.0,36585.08943151177,5.0,6918.0
5212,7.0,263037.0,彭淮南,0.9995927214622498,Q374271,History_and_Society.Society,263037.0,36585.08943151177,5.0,6918.0
5213,7.0,263037.0,彭淮南,0.4990100135803223,Q374271,Geography.Regions.Asia.East_Asia,263037.0,36585.08943151177,5.0,6918.0
5214,7.0,263037.0,彭淮南,0.4984572401046753,Q374271,Geography.Regions.Asia.Asia*,263037.0,36585.08943151177,5.0,6918.0
5215,1.0,263484.0,湯德章,1.0000100135803225,Q7221533,Culture.Biography.Biography*,263484.0,0.0,5.0,2452.0
5216,1.0,263484.0,湯德章,0.4760326614379883,Q7221533,Geography.Regions.Asia.East_Asia,263484.0,0.0,5.0,2452.0
5217,1.0,263484.0,湯德章,0.4688006341457367,Q7221533,History_and_Society.Society,263484.0,0.0,5.0,2452.0
5218,1.0,263484.0,湯德章,0.4423575868606568,Q7221533,Geography.Regions.Asia.Asia*,263484.0,0.0,5.0,2452.0
5219,1.0,265047.0,哈雷摩托車,0.839743971824646,Q192814,History_and_Society.Business_and_economics,265047.0,0.0,10.0,1810.0
5220,1.0,265047.0,哈雷摩托車,0.270853506565094,Q192814,Geography.Regions.Americas.North_America,265047.0,0.0,10.0,1810.0
5221,1.0,265047.0,哈雷摩托車,0.16452647745609286,Q192814,STEM.STEM*,265047.0,0.0,10.0,1810.0
5222,11.0,265097.0,復興航空,0.967909336090088,Q383707,STEM.Engineering,265097.0,2742.8977315167663,10.0,2532.0
5223,11.0,265097.0,復興航空,0.966924011707306,Q383707,STEM.STEM*,265097.0,2742.8977315167663,10.0,2532.0
5224,11.0,265097.0,復興航空,0.9433575868606568,Q383707,History_and_Society.Transportation,265097.0,2742.8977315167663,10.0,2532.0
5225,11.0,265097.0,復興航空,0.8670457601547241,Q383707,History_and_Society.Society,265097.0,2742.8977315167663,10.0,2532.0
5226,11.0,265097.0,復興航空,0.8519628047943115,Q383707,Culture.Biography.Biography*,265097.0,2742.8977315167663,10.0,2532.0
5227,11.0,265097.0,復興航空,0.6791887283325195,Q383707,History_and_Society.Business_and_economics,265097.0,2742.8977315167663,10.0,2532.0
5228,11.0,265097.0,復興航空,0.4231518378257752,Q383707,Geography.Regions.Asia.East_Asia,265097.0,2742.8977315167663,10.0,2532.0
5229,11.0,265097.0,復興航空,0.41865252161026,Q383707,Geography.Regions.Asia.Asia*,265097.0,2742.8977315167663,10.0,2532.0
5230,1.0,265366.0,军事修会,0.7718535065650941,Q474717,Culture.Philosophy_and_religion,265366.0,0.0,11.0,548.0
5231,1.0,265366.0,军事修会,0.3629792034626007,Q474717,History_and_Society.History,265366.0,0.0,11.0,548.0
5232,1.0,265366.0,军事修会,0.0,Q474717,Geography.Regions.Europe.Europe*,265366.0,0.0,11.0,548.0
5233,6.0,265489.0,伍思凱,0.9993836879730223,Q9061796,Culture.Biography.Biography*,265489.0,11703.322287674759,12.0,2369.0
5234,6.0,265489.0,伍思凱,0.5156299471855164,Q9061796,Culture.Media.Music,265489.0,11703.322287674759,12.0,2369.0
5235,6.0,265489.0,伍思凱,0.4921981394290924,Q9061796,Culture.Media.Media*,265489.0,11703.322287674759,12.0,2369.0
5236,6.0,265489.0,伍思凱,0.26285186409950256,Q9061796,History_and_Society.Society,265489.0,11703.322287674759,12.0,2369.0
5237,6.0,265489.0,伍思凱,0.14323513412475586,Q9061796,Geography.Regions.Asia.Asia*,265489.0,11703.322287674759,12.0,2369.0
5238,6.0,265489.0,伍思凱,0.014629947185516357,Q9061796,Geography.Regions.Asia.East_Asia,265489.0,11703.322287674759,12.0,2369.0
5239,1.0,265743.0,LG集团,0.9539760947227478,Q136778,History_and_Society.Business_and_economics,265743.0,0.0,13.0,2035.0
5240,1.0,265743.0,LG集团,0.3257217874526977,Q136778,Geography.Regions.Asia.Asia*,265743.0,0.0,13.0,2035.0
5241,1.0,265743.0,LG集团,0.3257217874526977,Q136778,Geography.Regions.Asia.East_Asia,265743.0,0.0,13.0,2035.0
5242,1.0,265743.0,LG集团,0.2814156115055084,Q136778,STEM.STEM*,265743.0,0.0,13.0,2035.0
5243,1.0,265743.0,LG集团,0.21734751760959625,Q136778,STEM.Technology,265743.0,0.0,13.0,2035.0
5244,1.0,265743.0,LG集团,0.0,Q136778,Geography.Regions.Americas.North_America,265743.0,0.0,13.0,2035.0
5245,8.0,265746.0,東周刊,0.880807101726532,Q2611541,Culture.Media.Media*,265746.0,12783.769673068557,3.0,1260.0
5246,8.0,265746.0,東周刊,0.5312193632125854,Q2611541,Culture.Media.Entertainment,265746.0,12783.769673068557,3.0,1260.0
5247,8.0,265746.0,東周刊,0.3509628047943115,Q2611541,Geography.Regions.Asia.East_Asia,265746.0,12783.769673068557,3.0,1260.0
5248,8.0,265746.0,東周刊,0.2816725244522095,Q2611541,Geography.Regions.Asia.Asia*,265746.0,12783.769673068557,3.0,1260.0
5249,8.0,265746.0,東周刊,0.1732981950044632,Q2611541,Culture.Literature,265746.0,12783.769673068557,3.0,1260.0
5250,17.0,266166.0,中央人民政府駐香港特別行政區聯絡辦公室,0.21124218606948847,Q845081,Geography.Regions.Asia.Asia*,266166.0,24551.205381655695,3.0,3653.0
5251,17.0,266166.0,中央人民政府駐香港特別行政區聯絡辦公室,0.1520422399044037,Q845081,STEM.STEM*,266166.0,24551.205381655695,3.0,3653.0
5252,17.0,266166.0,中央人民政府駐香港特別行政區聯絡辦公室,0.06886266374588013,Q845081,Geography.Regions.Asia.East_Asia,266166.0,24551.205381655695,3.0,3653.0
5253,17.0,266338.0,台灣正名運動,0.2942249774932861,Q699854,STEM.STEM*,266338.0,14356.843016175933,5.0,1363.0
5254,17.0,266338.0,台灣正名運動,0.0,Q699854,Geography.Regions.Asia.Asia*,266338.0,14356.843016175933,5.0,1363.0
5255,17.0,266338.0,台灣正名運動,0.0,Q699854,Geography.Regions.Americas.North_America,266338.0,14356.843016175933,5.0,1363.0
5256,17.0,266338.0,台灣正名運動,0.0,Q699854,Geography.Regions.Europe.Europe*,266338.0,14356.843016175933,5.0,1363.0
5257,5.0,266780.0,企業號航空母艦 (CV-6),0.9814634323120116,Q369987,History_and_Society.Transportation,266780.0,1034.0332025847251,5.0,2905.0
5258,5.0,266780.0,企業號航空母艦 (CV-6),0.951152205467224,Q369987,History_and_Society.Military_and_warfare,266780.0,1034.0332025847251,5.0,2905.0
5259,5.0,266780.0,企業號航空母艦 (CV-6),0.16452647745609286,Q369987,Geography.Regions.Americas.North_America,266780.0,1034.0332025847251,5.0,2905.0
5260,5.0,266780.0,企業號航空母艦 (CV-6),0.10088862478733064,Q369987,Geography.Regions.Asia.Asia*,266780.0,1034.0332025847251,5.0,2905.0
5261,4.0,267163.0,蘇建和案,0.2942249774932861,Q15896599,STEM.STEM*,267163.0,18.65788880623453,2.0,2967.0
5262,4.0,267163.0,蘇建和案,0.0,Q15896599,Geography.Regions.Asia.Asia*,267163.0,18.65788880623453,2.0,2967.0
5263,4.0,267163.0,蘇建和案,0.0,Q15896599,Geography.Regions.Americas.North_America,267163.0,18.65788880623453,2.0,2967.0
5264,4.0,267163.0,蘇建和案,0.0,Q15896599,Geography.Regions.Europe.Europe*,267163.0,18.65788880623453,2.0,2967.0
5265,5.0,267429.0,嘉湖山莊,0.9972950220108032,Q6413791,Geography.Regions.Asia.East_Asia,267429.0,2327.5952797715067,3.0,1882.0
5266,5.0,267429.0,嘉湖山莊,0.98678719997406,Q6413791,Geography.Regions.Asia.Asia*,267429.0,2327.5952797715067,3.0,1882.0
5267,5.0,267429.0,嘉湖山莊,0.13661839067935946,Q6413791,Culture.Visual_arts.Visual_arts*,267429.0,2327.5952797715067,3.0,1882.0
5268,5.0,267429.0,嘉湖山莊,0.10088862478733064,Q6413791,Culture.Visual_arts.Architecture,267429.0,2327.5952797715067,3.0,1882.0
5269,1.0,267615.0,曹長青,0.996185541152954,Q8938175,Culture.Biography.Biography*,267615.0,0.0,2.0,2942.0
5270,1.0,267615.0,曹長青,0.0,Q8938175,Geography.Regions.Asia.Asia*,267615.0,0.0,2.0,2942.0
5271,1.0,267615.0,曹長青,0.0,Q8938175,Geography.Regions.Asia.East_Asia,267615.0,0.0,2.0,2942.0
5272,1.0,267914.0,一角鲸,0.9919480085372924,Q159426,STEM.Biology,267914.0,0.0,16.0,1718.0
5273,1.0,267914.0,一角鲸,0.98678719997406,Q159426,STEM.STEM*,267914.0,0.0,16.0,1718.0
5274,1.0,267914.0,一角鲸,0.16027602553367615,Q159426,History_and_Society.Society,267914.0,0.0,16.0,1718.0
5275,1.0,267914.0,一角鲸,0.0,Q159426,Geography.Regions.Asia.Asia*,267914.0,0.0,16.0,1718.0
5276,1.0,267914.0,一角鲸,0.0,Q159426,Geography.Regions.Africa.Africa*,267914.0,0.0,16.0,1718.0
5277,5.0,268371.0,迪肯贝·穆托姆博,0.997120440006256,Q313481,Culture.Biography.Biography*,268371.0,2112.753315138669,17.0,4311.0
5278,5.0,268371.0,迪肯贝·穆托姆博,0.9886782765388488,Q313481,Culture.Sports,268371.0,2112.753315138669,17.0,4311.0
5279,5.0,268371.0,迪肯贝·穆托姆博,0.12146936559677125,Q313481,Geography.Regions.Americas.North_America,268371.0,2112.753315138669,17.0,4311.0
5280,5.0,268371.0,迪肯贝·穆托姆博,0.0,Q313481,Geography.Regions.Africa.Africa*,268371.0,2112.753315138669,17.0,4311.0
5281,1.0,268984.0,海底電纜,0.9344051480293274,Q506572,STEM.STEM*,268984.0,0.0,5.0,9417.0
5282,1.0,268984.0,海底電纜,0.8774868249893188,Q506572,STEM.Technology,268984.0,0.0,5.0,9417.0
5283,1.0,268984.0,海底電纜,0.22816647589206696,Q506572,STEM.Engineering,268984.0,0.0,5.0,9417.0
5284,1.0,268984.0,海底電纜,0.13661839067935946,Q506572,STEM.Physics,268984.0,0.0,5.0,9417.0
5285,1.0,268984.0,海底電纜,0.11280541121959685,Q506572,STEM.Medicine_&_Health,268984.0,0.0,5.0,9417.0
5286,2.0,269513.0,本·华莱士,0.9989450573921204,Q295364,Culture.Biography.Biography*,269513.0,993.1781780411012,17.0,2049.0
5287,2.0,269513.0,本·华莱士,0.9924327731132508,Q295364,Culture.Sports,269513.0,993.1781780411012,17.0,2049.0
5288,2.0,269513.0,本·华莱士,0.4921061863899231,Q295364,Geography.Regions.Americas.North_America,269513.0,993.1781780411012,17.0,2049.0
5289,2.0,270895.0,林清玄,1.0000100135803225,Q8998156,Culture.Biography.Biography*,270895.0,1096.2125053528607,2.0,1477.0
5290,2.0,270895.0,林清玄,0.974052667617798,Q8998156,History_and_Society.Society,270895.0,1096.2125053528607,2.0,1477.0
5291,2.0,270895.0,林清玄,0.4927201142311096,Q8998156,Geography.Regions.Asia.East_Asia,270895.0,1096.2125053528607,2.0,1477.0
5292,2.0,270895.0,林清玄,0.4853731861114502,Q8998156,Geography.Regions.Asia.Asia*,270895.0,1096.2125053528607,2.0,1477.0
5293,2.0,270895.0,林清玄,0.4225146472454071,Q8998156,Culture.Literature,270895.0,1096.2125053528607,2.0,1477.0
5294,2.0,270895.0,林清玄,0.3557848632335663,Q8998156,Culture.Media.Media*,270895.0,1096.2125053528607,2.0,1477.0
5295,1.0,271605.0,门萨国际,0.5156299471855164,Q184194,History_and_Society.Education,271605.0,0.0,13.0,2228.0
5296,1.0,271605.0,门萨国际,0.3998216390609741,Q184194,History_and_Society.Business_and_economics,271605.0,0.0,13.0,2228.0
5297,1.0,271605.0,门萨国际,0.19194278120994568,Q184194,STEM.STEM*,271605.0,0.0,13.0,2228.0
5298,1.0,271605.0,门萨国际,0.16452647745609286,Q184194,History_and_Society.Politics_and_government,271605.0,0.0,13.0,2228.0
5299,1.0,271605.0,门萨国际,0.11597072333097458,Q184194,Culture.Philosophy_and_religion,271605.0,0.0,13.0,2228.0
5300,1.0,271605.0,门萨国际,0.10375863313674928,Q184194,History_and_Society.Society,271605.0,0.0,13.0,2228.0
5301,1.0,271605.0,门萨国际,0.0,Q184194,Geography.Regions.Europe.Europe*,271605.0,0.0,13.0,2228.0
5302,1.0,271605.0,门萨国际,0.0,Q184194,Geography.Regions.Asia.Asia*,271605.0,0.0,13.0,2228.0
5303,12.0,271770.0,佛誕,0.9783946871757508,Q5348941,Culture.Philosophy_and_religion,271770.0,16885.398796194222,11.0,2910.0
5304,12.0,271770.0,佛誕,0.9399233460426332,Q5348941,Culture.Biography.Biography*,271770.0,16885.398796194222,11.0,2910.0
5305,12.0,271770.0,佛誕,0.7371681928634644,Q5348941,History_and_Society.Society,271770.0,16885.398796194222,11.0,2910.0
5306,12.0,271770.0,佛誕,0.4914327731132507,Q5348941,Geography.Regions.Asia.Asia*,271770.0,16885.398796194222,11.0,2910.0
5307,12.0,271770.0,佛誕,0.0,Q5348941,Geography.Regions.Asia.East_Asia,271770.0,16885.398796194222,11.0,2910.0
5308,2.0,271996.0,何清涟,0.9883227348327636,Q279839,Culture.Biography.Biography*,271996.0,3942.0,2.0,2411.0
5309,2.0,271996.0,何清涟,0.40093068981170654,Q279839,Geography.Regions.Asia.East_Asia,271996.0,3942.0,2.0,2411.0
5310,2.0,271996.0,何清涟,0.38492217659950256,Q279839,Culture.Biography.Women,271996.0,3942.0,2.0,2411.0
5311,2.0,271996.0,何清涟,0.3730872144699097,Q279839,Geography.Regions.Asia.Asia*,271996.0,3942.0,2.0,2411.0
5312,2.0,271996.0,何清涟,0.348655104637146,Q279839,History_and_Society.Business_and_economics,271996.0,3942.0,2.0,2411.0
5313,2.0,271996.0,何清涟,0.10375863313674928,Q279839,STEM.STEM*,271996.0,3942.0,2.0,2411.0
5314,8.0,273006.0,櫻井翔,0.99593985080719,Q449924,Culture.Biography.Biography*,273006.0,4440.475422207189,13.0,3136.0
5315,8.0,273006.0,櫻井翔,0.3344935646057129,Q449924,Geography.Regions.Asia.East_Asia,273006.0,4440.475422207189,13.0,3136.0
5316,8.0,273006.0,櫻井翔,0.270853506565094,Q449924,Geography.Regions.Asia.Asia*,273006.0,4440.475422207189,13.0,3136.0
5317,8.0,273006.0,櫻井翔,0.2227101624011993,Q449924,Culture.Media.Music,273006.0,4440.475422207189,13.0,3136.0
5318,8.0,273006.0,櫻井翔,0.16452647745609286,Q449924,Culture.Media.Media*,273006.0,4440.475422207189,13.0,3136.0
5319,8.0,273006.0,櫻井翔,0.11921291798353195,Q449924,Culture.Visual_arts.Comics_and_Anime,273006.0,4440.475422207189,13.0,3136.0
5320,8.0,273006.0,櫻井翔,0.11921291798353195,Q449924,Culture.Literature,273006.0,4440.475422207189,13.0,3136.0
5321,7.0,273611.0,富弼,0.5234303474426271,Q10954250,Culture.Biography.Biography*,273611.0,17066.13176268225,15.0,2259.0
5322,7.0,273611.0,富弼,0.4705740084648132,Q10954250,Geography.Regions.Asia.Asia*,273611.0,17066.13176268225,15.0,2259.0
5323,7.0,273611.0,富弼,0.4556442370414734,Q10954250,Geography.Regions.Asia.East_Asia,273611.0,17066.13176268225,15.0,2259.0
5324,1.0,273907.0,訊連科技,0.9830951094627379,Q707730,Culture.Biography.Biography*,273907.0,0.0,10.0,1527.0
5325,1.0,273907.0,訊連科技,0.9732507467269896,Q707730,History_and_Society.Society,273907.0,0.0,10.0,1527.0
5326,1.0,273907.0,訊連科技,0.9324633479118348,Q707730,History_and_Society.Business_and_economics,273907.0,0.0,10.0,1527.0
5327,1.0,273907.0,訊連科技,0.4688006341457367,Q707730,STEM.STEM*,273907.0,0.0,10.0,1527.0
5328,1.0,273907.0,訊連科技,0.4274188151359558,Q707730,Geography.Regions.Asia.Asia*,273907.0,0.0,10.0,1527.0
5329,1.0,273907.0,訊連科技,0.41865252161026,Q707730,Geography.Regions.Asia.East_Asia,273907.0,0.0,10.0,1527.0
5330,1.0,273907.0,訊連科技,0.24509501457214355,Q707730,Culture.Media.Media*,273907.0,0.0,10.0,1527.0
5331,1.0,273907.0,訊連科技,0.2393593490123749,Q707730,STEM.Technology,273907.0,0.0,10.0,1527.0
5332,1.0,273907.0,訊連科技,0.21734751760959625,Q707730,STEM.Computing,273907.0,0.0,10.0,1527.0
5333,2.0,274382.0,天后寶誕,0.8872146010398865,Q2184821,Culture.Philosophy_and_religion,274382.0,0.0,4.0,2538.0
5334,2.0,274382.0,天后寶誕,0.6992644667625427,Q2184821,Culture.Literature,274382.0,0.0,4.0,2538.0
5335,2.0,274382.0,天后寶誕,0.10088862478733064,Q2184821,History_and_Society.History,274382.0,0.0,4.0,2538.0
5336,2.0,274382.0,天后寶誕,0.0,Q2184821,Geography.Regions.Oceania,274382.0,0.0,4.0,2538.0
5337,2.0,274382.0,天后寶誕,0.0,Q2184821,Geography.Regions.Asia.Asia*,274382.0,0.0,4.0,2538.0
5338,2.0,274382.0,天后寶誕,0.0,Q2184821,Geography.Regions.Europe.Europe*,274382.0,0.0,4.0,2538.0
5339,2.0,274382.0,天后寶誕,0.0,Q2184821,Geography.Regions.Asia.East_Asia,274382.0,0.0,4.0,2538.0
5340,2.0,274382.0,天后寶誕,0.0,Q2184821,Geography.Regions.Europe.Northern_Europe,274382.0,0.0,4.0,2538.0
5341,2.0,274382.0,天后寶誕,0.0,Q2184821,Geography.Regions.Americas.Central_America,274382.0,0.0,4.0,2538.0
5342,3.0,274921.0,富豪刑事,1.0000100135803225,Q8189725,Culture.Literature,274921.0,874.8639547426039,13.0,30475.0
5343,3.0,274921.0,富豪刑事,0.9946250915527344,Q8189725,Culture.Media.Media*,274921.0,874.8639547426039,13.0,30475.0
5344,3.0,274921.0,富豪刑事,0.9796776771545409,Q8189725,Culture.Media.Books,274921.0,874.8639547426039,13.0,30475.0
5345,3.0,274921.0,富豪刑事,0.0,Q8189725,Geography.Regions.Asia.East_Asia,274921.0,874.8639547426039,13.0,30475.0
5346,7.0,274999.0,錦戶亮,0.997120440006256,Q1154184,Culture.Biography.Biography*,274999.0,25455.82879758217,13.0,2625.0
5347,7.0,274999.0,錦戶亮,0.6224693655967712,Q1154184,Culture.Media.Music,274999.0,25455.82879758217,13.0,2625.0
5348,7.0,274999.0,錦戶亮,0.5698626637458801,Q1154184,Culture.Media.Media*,274999.0,25455.82879758217,13.0,2625.0
5349,7.0,274999.0,錦戶亮,0.24809722805023196,Q1154184,Geography.Regions.Asia.East_Asia,274999.0,25455.82879758217,13.0,2625.0
5350,7.0,274999.0,錦戶亮,0.2047950496673584,Q1154184,Geography.Regions.Asia.Asia*,274999.0,25455.82879758217,13.0,2625.0
5351,4.0,275306.0,保罗·加索尔,0.9983093142509459,Q193052,Culture.Biography.Biography*,275306.0,1.8190476190476188,17.0,2328.0
5352,4.0,275306.0,保罗·加索尔,0.99567848443985,Q193052,Culture.Sports,275306.0,1.8190476190476188,17.0,2328.0
5353,4.0,275306.0,保罗·加索尔,0.2653036584854126,Q193052,Geography.Regions.Europe.Europe*,275306.0,1.8190476190476188,17.0,2328.0
5354,4.0,275306.0,保罗·加索尔,0.24217800998687744,Q193052,Geography.Regions.Europe.Southern_Europe,275306.0,1.8190476190476188,17.0,2328.0
5355,4.0,275306.0,保罗·加索尔,0.0,Q193052,Geography.Regions.Americas.North_America,275306.0,1.8190476190476188,17.0,2328.0
5356,11.0,275741.0,抹大拉的馬利亞,0.946606695652008,Q63070,Culture.Biography.Biography*,275741.0,14925.780240201353,11.0,3086.0
5357,11.0,275741.0,抹大拉的馬利亞,0.8175845146179199,Q63070,History_and_Society.History,275741.0,14925.780240201353,11.0,3086.0
5358,11.0,275741.0,抹大拉的馬利亞,0.6926519870758057,Q63070,Culture.Philosophy_and_religion,275741.0,14925.780240201353,11.0,3086.0
5359,11.0,275741.0,抹大拉的馬利亞,0.6150978803634644,Q63070,Culture.Biography.Women,275741.0,14925.780240201353,11.0,3086.0
5360,11.0,275741.0,抹大拉的馬利亞,0.4378334879875183,Q63070,Culture.Literature,275741.0,14925.780240201353,11.0,3086.0
5361,11.0,275741.0,抹大拉的馬利亞,0.0,Q63070,Geography.Regions.Europe.Europe*,275741.0,14925.780240201353,11.0,3086.0
5362,10.0,275990.0,社會民主主義,0.7981967926025391,Q121254,History_and_Society.Politics_and_government,275990.0,8993.349412034435,0.0,5254.0
5363,10.0,275990.0,社會民主主義,0.2393593490123749,Q121254,History_and_Society.Society,275990.0,8993.349412034435,0.0,5254.0
5364,10.0,275990.0,社會民主主義,0.14415885508060455,Q121254,History_and_Society.History,275990.0,8993.349412034435,0.0,5254.0
5365,10.0,275990.0,社會民主主義,0.13297423720359802,Q121254,Culture.Philosophy_and_religion,275990.0,8993.349412034435,0.0,5254.0
5366,10.0,275990.0,社會民主主義,0.0,Q121254,Geography.Regions.Europe.Europe*,275990.0,8993.349412034435,0.0,5254.0
5367,10.0,275990.0,社會民主主義,0.0,Q121254,Geography.Regions.Asia.Asia*,275990.0,8993.349412034435,0.0,5254.0
5368,1.0,275994.0,丛飞,0.9790457487106324,Q10869349,Culture.Biography.Biography*,275994.0,0.0,13.0,1205.0
5369,1.0,275994.0,丛飞,0.1968362182378769,Q10869349,Culture.Media.Music,275994.0,0.0,13.0,1205.0
5370,1.0,275994.0,丛飞,0.1294127255678177,Q10869349,Culture.Media.Media*,275994.0,0.0,13.0,1205.0
5371,1.0,275994.0,丛飞,0.08411114120483397,Q10869349,Geography.Regions.Asia.Asia*,275994.0,0.0,13.0,1205.0
5372,1.0,275994.0,丛飞,0.0,Q10869349,Geography.Regions.Asia.East_Asia,275994.0,0.0,13.0,1205.0
5373,1.0,276166.0,李德立,0.9591643214225768,Q11096460,Culture.Biography.Biography*,276166.0,0.0,5.0,1149.0
5374,1.0,276166.0,李德立,0.4843900501728058,Q11096460,Culture.Philosophy_and_religion,276166.0,0.0,5.0,1149.0
5375,1.0,276166.0,李德立,0.04574816131591797,Q11096460,Geography.Regions.Asia.Asia*,276166.0,0.0,5.0,1149.0
5376,1.0,276166.0,李德立,0.0,Q11096460,Geography.Regions.Asia.East_Asia,276166.0,0.0,5.0,1149.0
5377,4.0,276904.0,錫安主義,0.9241518378257751,Q42388,Culture.Philosophy_and_religion,276904.0,8651.59041294284,11.0,2199.0
5378,4.0,276904.0,錫安主義,0.6224693655967712,Q42388,History_and_Society.History,276904.0,8651.59041294284,11.0,2199.0
5379,4.0,276904.0,錫安主義,0.5000100135803223,Q42388,History_and_Society.Society,276904.0,8651.59041294284,11.0,2199.0
5380,4.0,276904.0,錫安主義,0.3415925204753876,Q42388,History_and_Society.Politics_and_government,276904.0,8651.59041294284,11.0,2199.0
5381,4.0,276904.0,錫安主義,0.10088862478733064,Q42388,History_and_Society.Business_and_economics,276904.0,8651.59041294284,11.0,2199.0
5382,4.0,276904.0,錫安主義,0.0,Q42388,Geography.Regions.Asia.Asia*,276904.0,8651.59041294284,11.0,2199.0
5383,4.0,276904.0,錫安主義,0.0,Q42388,Geography.Regions.Europe.Europe*,276904.0,8651.59041294284,11.0,2199.0
5384,4.0,276904.0,錫安主義,0.0,Q42388,Geography.Regions.Asia.West_Asia,276904.0,8651.59041294284,11.0,2199.0
5385,17.0,277991.0,中華民國外交史,1.0000100135803225,Q10876363,History_and_Society.Society,277991.0,35166.972446188236,5.0,2851.0
5386,17.0,277991.0,中華民國外交史,1.0000100135803225,Q10876363,Culture.Biography.Biography*,277991.0,35166.972446188236,5.0,2851.0
5387,17.0,277991.0,中華民國外交史,0.4973615279197693,Q10876363,Geography.Regions.Asia.East_Asia,277991.0,35166.972446188236,5.0,2851.0
5388,17.0,277991.0,中華民國外交史,0.4893015494346618,Q10876363,Geography.Regions.Asia.Asia*,277991.0,35166.972446188236,5.0,2851.0
5389,17.0,277991.0,中華民國外交史,0.348655104637146,Q10876363,STEM.STEM*,277991.0,35166.972446188236,5.0,2851.0
5390,17.0,277991.0,中華民國外交史,0.1824355274438858,Q10876363,History_and_Society.History,277991.0,35166.972446188236,5.0,2851.0
5391,17.0,277991.0,中華民國外交史,0.1097157895565033,Q10876363,Culture.Philosophy_and_religion,277991.0,35166.972446188236,5.0,2851.0
5392,17.0,277991.0,中華民國外交史,0.10088862478733064,Q10876363,History_and_Society.Politics_and_government,277991.0,35166.972446188236,5.0,2851.0
5393,20.0,278099.0,國防大學 (中華民國),0.9965265989303588,Q10927356,Culture.Biography.Biography*,278099.0,36011.14330938037,5.0,3248.0
5394,20.0,278099.0,國防大學 (中華民國),0.9802908897399902,Q10927356,History_and_Society.Society,278099.0,36011.14330938037,5.0,3248.0
5395,20.0,278099.0,國防大學 (中華民國),0.9802908897399902,Q10927356,Geography.Regions.Asia.East_Asia,278099.0,36011.14330938037,5.0,3248.0
5396,20.0,278099.0,國防大學 (中華民國),0.9755869507789612,Q10927356,Geography.Regions.Asia.Asia*,278099.0,36011.14330938037,5.0,3248.0
5397,20.0,278099.0,國防大學 (中華民國),0.9732507467269896,Q10927356,History_and_Society.Education,278099.0,36011.14330938037,5.0,3248.0
5398,2.0,278653.0,烏腳病,0.2942249774932861,Q15904535,STEM.STEM*,278653.0,7920.178645244681,2.0,2902.0
5399,2.0,278653.0,烏腳病,0.0,Q15904535,Geography.Regions.Asia.Asia*,278653.0,7920.178645244681,2.0,2902.0
5400,2.0,278653.0,烏腳病,0.0,Q15904535,Geography.Regions.Americas.North_America,278653.0,7920.178645244681,2.0,2902.0
5401,2.0,278653.0,烏腳病,0.0,Q15904535,Geography.Regions.Europe.Europe*,278653.0,7920.178645244681,2.0,2902.0
5402,6.0,278824.0,最後武士,0.99745911359787,Q207130,Culture.Media.Films,278824.0,54822.182826966084,11.0,2844.0
5403,6.0,278824.0,最後武士,0.9926641583442688,Q207130,Culture.Media.Media*,278824.0,54822.182826966084,11.0,2844.0
5404,6.0,278824.0,最後武士,0.14805719256401062,Q207130,History_and_Society.Military_and_warfare,278824.0,54822.182826966084,11.0,2844.0
5405,6.0,278824.0,最後武士,0.0,Q207130,Geography.Regions.Americas.North_America,278824.0,54822.182826966084,11.0,2844.0
5406,6.0,278824.0,最後武士,0.0,Q207130,Geography.Regions.Asia.Asia*,278824.0,54822.182826966084,11.0,2844.0
5407,9.0,278961.0,社会自由主义,0.6513648629188538,Q201712,History_and_Society.Politics_and_government,278961.0,7849.230520812272,0.0,4282.0
5408,9.0,278961.0,社会自由主义,0.20182321965694427,Q201712,Culture.Philosophy_and_religion,278961.0,7849.230520812272,0.0,4282.0
5409,9.0,278961.0,社会自由主义,0.0,Q201712,Geography.Regions.Asia.Asia*,278961.0,7849.230520812272,0.0,4282.0
5410,9.0,278961.0,社会自由主义,0.0,Q201712,Geography.Regions.Europe.Europe*,278961.0,7849.230520812272,0.0,4282.0
5411,9.0,278961.0,社会自由主义,0.0,Q201712,Geography.Regions.Asia.East_Asia,278961.0,7849.230520812272,0.0,4282.0
5412,5.0,278983.0,格罗·哈莱姆·布伦特兰,0.9989450573921204,Q133009,Culture.Biography.Biography*,278983.0,2831.789717053191,5.0,2311.0
5413,5.0,278983.0,格罗·哈莱姆·布伦特兰,0.7248802781105042,Q133009,Culture.Biography.Women,278983.0,2831.789717053191,5.0,2311.0
5414,5.0,278983.0,格罗·哈莱姆·布伦特兰,0.4486793746948242,Q133009,Geography.Regions.Europe.Europe*,278983.0,2831.789717053191,5.0,2311.0
5415,5.0,278983.0,格罗·哈莱姆·布伦特兰,0.4163126816749573,Q133009,Geography.Regions.Europe.Northern_Europe,278983.0,2831.789717053191,5.0,2311.0
5416,5.0,278983.0,格罗·哈莱姆·布伦特兰,0.2227101624011993,Q133009,History_and_Society.Politics_and_government,278983.0,2831.789717053191,5.0,2311.0
5417,5.0,278983.0,格罗·哈莱姆·布伦特兰,0.11597072333097458,Q133009,History_and_Society.History,278983.0,2831.789717053191,5.0,2311.0
5418,8.0,279155.0,安東尼·艾登,0.998142421245575,Q128995,Culture.Biography.Biography*,279155.0,3898.965357393172,1.0,1753.0
5419,8.0,279155.0,安東尼·艾登,0.9399233460426332,Q128995,History_and_Society.Politics_and_government,279155.0,3898.965357393172,1.0,1753.0
5420,8.0,279155.0,安東尼·艾登,0.6370407938957214,Q128995,History_and_Society.Military_and_warfare,279155.0,3898.965357393172,1.0,1753.0
5421,8.0,279155.0,安東尼·艾登,0.4843900501728058,Q128995,History_and_Society.Education,279155.0,3898.965357393172,1.0,1753.0
5422,8.0,279155.0,安東尼·艾登,0.14034625887870789,Q128995,History_and_Society.History,279155.0,3898.965357393172,1.0,1753.0
5423,8.0,279155.0,安東尼·艾登,0.0,Q128995,Geography.Regions.Europe.Europe*,279155.0,3898.965357393172,1.0,1753.0
5424,8.0,279155.0,安東尼·艾登,0.0,Q128995,Geography.Regions.Europe.Northern_Europe,279155.0,3898.965357393172,1.0,1753.0
5425,9.0,280996.0,自由意志主義,0.9777238368988036,Q178598,History_and_Society.Society,280996.0,6323.869603910291,0.0,3632.0
5426,9.0,280996.0,自由意志主義,0.880807101726532,Q178598,Culture.Philosophy_and_religion,280996.0,6323.869603910291,0.0,3632.0
5427,9.0,280996.0,自由意志主義,0.40734341740608215,Q178598,History_and_Society.Politics_and_government,280996.0,6323.869603910291,0.0,3632.0
5428,9.0,280996.0,自由意志主義,0.2942249774932861,Q178598,History_and_Society.History,280996.0,6323.869603910291,0.0,3632.0
5429,9.0,280996.0,自由意志主義,0.1067005917429924,Q178598,STEM.STEM*,280996.0,6323.869603910291,0.0,3632.0
5430,9.0,280996.0,自由意志主義,0.0,Q178598,Geography.Regions.Americas.North_America,280996.0,6323.869603910291,0.0,3632.0
5431,1.0,281363.0,烏得勒支和約,0.3415925204753876,Q154674,History_and_Society.Politics_and_government,281363.0,0.0,5.0,875.0
5432,1.0,281363.0,烏得勒支和約,0.16452647745609286,Q154674,History_and_Society.History,281363.0,0.0,5.0,875.0
5433,1.0,281363.0,烏得勒支和約,0.1259327530860901,Q154674,History_and_Society.Military_and_warfare,281363.0,0.0,5.0,875.0
5434,1.0,281363.0,烏得勒支和約,0.03021936321258545,Q154674,Geography.Regions.Europe.Europe*,281363.0,0.0,5.0,875.0
5435,1.0,281363.0,烏得勒支和約,0.0,Q154674,Geography.Regions.Europe.Western_Europe,281363.0,0.0,5.0,875.0
5436,2.0,281454.0,約櫃,0.9304682612419128,Q131316,Culture.Philosophy_and_religion,281454.0,224.08396043880225,11.0,2543.0
5437,2.0,281454.0,約櫃,0.6654205918312073,Q131316,Culture.Literature,281454.0,224.08396043880225,11.0,2543.0
5438,2.0,281454.0,約櫃,0.5234303474426271,Q131316,History_and_Society.History,281454.0,224.08396043880225,11.0,2543.0
5439,2.0,281454.0,約櫃,0.2393593490123749,Q131316,History_and_Society.Society,281454.0,224.08396043880225,11.0,2543.0
5440,2.0,281454.0,約櫃,0.1824355274438858,Q131316,History_and_Society.Politics_and_government,281454.0,224.08396043880225,11.0,2543.0
5441,2.0,281454.0,約櫃,0.1732981950044632,Q131316,Culture.Biography.Biography*,281454.0,224.08396043880225,11.0,2543.0
5442,2.0,281454.0,約櫃,0.0,Q131316,Geography.Regions.Europe.Europe*,281454.0,224.08396043880225,11.0,2543.0
5443,2.0,281454.0,約櫃,0.0,Q131316,Geography.Regions.Asia.West_Asia,281454.0,224.08396043880225,11.0,2543.0
5444,2.0,281454.0,約櫃,0.0,Q131316,Geography.Regions.Europe.Southern_Europe,281454.0,224.08396043880225,11.0,2543.0
5445,1.0,282117.0,香港氣候,0.8774868249893188,Q5133552,Geography.Regions.Asia.Asia*,282117.0,0.0,11.0,3025.0
5446,1.0,282117.0,香港氣候,0.812877357006073,Q5133552,Geography.Regions.Asia.East_Asia,282117.0,0.0,11.0,3025.0
5447,1.0,282117.0,香港氣候,0.7310686111450195,Q5133552,STEM.Earth_and_environment,282117.0,0.0,11.0,3025.0
5448,1.0,282117.0,香港氣候,0.4765896201133728,Q5133552,STEM.STEM*,282117.0,0.0,11.0,3025.0
5449,15.0,282773.0,達文西密碼 (電影),0.996185541152954,Q160560,Culture.Media.Media*,282773.0,29482.466829749068,6.0,2623.0
5450,15.0,282773.0,達文西密碼 (電影),0.99567848443985,Q160560,Culture.Media.Films,282773.0,29482.466829749068,6.0,2623.0
5451,15.0,282773.0,達文西密碼 (電影),0.1520422399044037,Q160560,Culture.Media.Entertainment,282773.0,29482.466829749068,6.0,2623.0
5452,15.0,282773.0,達文西密碼 (電影),0.0,Q160560,Geography.Regions.Americas.North_America,282773.0,29482.466829749068,6.0,2623.0
5453,15.0,282773.0,達文西密碼 (電影),0.0,Q160560,Geography.Regions.Europe.Europe*,282773.0,29482.466829749068,6.0,2623.0
5454,4.0,282980.0,苦苓,1.0000100135803225,Q8980235,Culture.Biography.Biography*,282980.0,22270.63043540629,4.0,3146.0
5455,4.0,282980.0,苦苓,0.9890230894088744,Q8980235,History_and_Society.Society,282980.0,22270.63043540629,4.0,3146.0
5456,4.0,282980.0,苦苓,0.4543291201591492,Q8980235,Geography.Regions.Asia.East_Asia,282980.0,22270.63043540629,4.0,3146.0
5457,4.0,282980.0,苦苓,0.4440047016143799,Q8980235,Geography.Regions.Asia.Asia*,282980.0,22270.63043540629,4.0,3146.0
5458,4.0,282980.0,苦苓,0.2509227991104126,Q8980235,Culture.Media.Media*,282980.0,22270.63043540629,4.0,3146.0
5459,4.0,283048.0,捷安特,0.9688661694526672,Q703557,Culture.Biography.Biography*,283048.0,929.947534330592,3.0,3150.0
5460,4.0,283048.0,捷安特,0.9173126816749572,Q703557,History_and_Society.Society,283048.0,929.947534330592,3.0,3150.0
5461,4.0,283048.0,捷安特,0.7931159734725952,Q703557,History_and_Society.Business_and_economics,283048.0,929.947534330592,3.0,3150.0
5462,4.0,283048.0,捷安特,0.6992644667625427,Q703557,Culture.Sports,283048.0,929.947534330592,3.0,3150.0
5463,4.0,283048.0,捷安特,0.38304929637908935,Q703557,Geography.Regions.Asia.East_Asia,283048.0,929.947534330592,3.0,3150.0
5464,4.0,283048.0,捷安特,0.37980710172653204,Q703557,Geography.Regions.Asia.Asia*,283048.0,929.947534330592,3.0,3150.0
5465,4.0,283071.0,血壓,0.9963027834892272,Q82642,STEM.STEM*,283071.0,8081.6386416532,10.0,2686.0
5466,4.0,283071.0,血壓,0.991162657737732,Q82642,STEM.Medicine_&_Health,283071.0,8081.6386416532,10.0,2686.0
5467,4.0,283071.0,血壓,0.26285186409950256,Q82642,STEM.Biology,283071.0,8081.6386416532,10.0,2686.0
5468,7.0,283464.0,大內密探零零發,0.974052667617798,Q846563,Culture.Media.Media*,283464.0,2295.2695218992794,12.0,2645.0
5469,7.0,283464.0,大內密探零零發,0.9697954058647156,Q846563,Culture.Media.Films,283464.0,2295.2695218992794,12.0,2645.0
5470,7.0,283464.0,大內密探零零發,0.493455099105835,Q846563,Geography.Regions.Asia.East_Asia,283464.0,2295.2695218992794,12.0,2645.0
5471,7.0,283464.0,大內密探零零發,0.4696977605819702,Q846563,Geography.Regions.Asia.Asia*,283464.0,2295.2695218992794,12.0,2645.0
5472,7.0,283464.0,大內密探零零發,0.13297423720359802,Q846563,Culture.Sports,283464.0,2295.2695218992794,12.0,2645.0
5473,2.0,283723.0,甄珍,1.0000100135803225,Q9087527,Culture.Biography.Biography*,283723.0,792.6588780395253,2.0,2507.0
5474,2.0,283723.0,甄珍,0.8670457601547241,Q9087527,History_and_Society.Society,283723.0,792.6588780395253,2.0,2507.0
5475,2.0,283723.0,甄珍,0.7310686111450195,Q9087527,Culture.Biography.Women,283723.0,792.6588780395253,2.0,2507.0
5476,2.0,283723.0,甄珍,0.4929124584197998,Q9087527,Geography.Regions.Asia.East_Asia,283723.0,792.6588780395253,2.0,2507.0
5477,2.0,283723.0,甄珍,0.4780457487106323,Q9087527,Geography.Regions.Asia.Asia*,283723.0,792.6588780395253,2.0,2507.0
5478,9.0,283959.0,張雅琴,1.0000100135803225,Q9093658,Culture.Biography.Biography*,283959.0,35627.19569321122,2.0,73898.0
5479,9.0,283959.0,張雅琴,0.9893575310707092,Q9093658,History_and_Society.Society,283959.0,35627.19569321122,2.0,73898.0
5480,9.0,283959.0,張雅琴,0.754925012588501,Q9093658,Culture.Biography.Women,283959.0,35627.19569321122,2.0,73898.0
5481,9.0,283959.0,張雅琴,0.22388027811050412,Q9093658,Geography.Regions.Asia.East_Asia,283959.0,35627.19569321122,2.0,73898.0
5482,9.0,283959.0,張雅琴,0.2227101624011993,Q9093658,Culture.Media.Media*,283959.0,35627.19569321122,2.0,73898.0
5483,9.0,283959.0,張雅琴,0.21760438585281366,Q9093658,Geography.Regions.Asia.Asia*,283959.0,35627.19569321122,2.0,73898.0
5484,8.0,284952.0,鄭文雅,0.9949496984481812,Q7088042,Culture.Biography.Biography*,284952.0,22044.00743078711,7.0,2001.0
5485,8.0,284952.0,鄭文雅,0.6859594583511353,Q7088042,Culture.Biography.Women,284952.0,22044.00743078711,7.0,2001.0
5486,8.0,284952.0,鄭文雅,0.12878464365005493,Q7088042,Geography.Regions.Asia.Asia*,284952.0,22044.00743078711,7.0,2001.0
5487,8.0,284952.0,鄭文雅,0.0,Q7088042,Geography.Regions.Asia.East_Asia,284952.0,22044.00743078711,7.0,2001.0
5488,7.0,285056.0,戴高樂號航空母艦,0.9883227348327636,Q461375,History_and_Society.Transportation,285056.0,2130.0324282055435,5.0,4625.0
5489,7.0,285056.0,戴高樂號航空母艦,0.9871888160705566,Q461375,History_and_Society.Military_and_warfare,285056.0,2130.0324282055435,5.0,4625.0
5490,7.0,285056.0,戴高樂號航空母艦,0.3469777574539185,Q461375,Geography.Regions.Europe.Western_Europe,285056.0,2130.0324282055435,5.0,4625.0
5491,7.0,285056.0,戴高樂號航空母艦,0.30218379402160644,Q461375,Geography.Regions.Europe.Europe*,285056.0,2130.0324282055435,5.0,4625.0
5492,3.0,285528.0,台灣性產業,1.0000100135803225,Q5476398,STEM.Biology,285528.0,2273.146483554133,2.0,2602.0
5493,3.0,285528.0,台灣性產業,1.0000100135803225,Q5476398,STEM.STEM*,285528.0,2273.146483554133,2.0,2602.0
5494,3.0,285528.0,台灣性產業,1.0000100135803225,Q5476398,History_and_Society.Society,285528.0,2273.146483554133,2.0,2602.0
5495,3.0,285528.0,台灣性產業,0.493455099105835,Q5476398,Geography.Regions.Asia.Asia*,285528.0,2273.146483554133,2.0,2602.0
5496,3.0,285528.0,台灣性產業,0.0,Q5476398,Geography.Regions.Asia.West_Asia,285528.0,2273.146483554133,2.0,2602.0
5497,3.0,285528.0,台灣性產業,0.0,Q5476398,Geography.Regions.Asia.South_Asia,285528.0,2273.146483554133,2.0,2602.0
5498,3.0,285528.0,台灣性產業,0.0,Q5476398,Geography.Regions.Asia.Southeast_Asia,285528.0,2273.146483554133,2.0,2602.0
5499,3.0,285528.0,台灣性產業,0.0,Q5476398,Geography.Regions.Asia.Central_Asia,285528.0,2273.146483554133,2.0,2602.0
5500,7.0,286442.0,追魂交易 (香港電視劇),0.9951046109199524,Q13652571,Culture.Media.Media*,286442.0,8281.787189337709,12.0,2653.0
5501,7.0,286442.0,追魂交易 (香港電視劇),0.9836069941520692,Q13652571,Culture.Media.Television,286442.0,8281.787189337709,12.0,2653.0
5502,7.0,286442.0,追魂交易 (香港電視劇),0.1713417043685913,Q13652571,Geography.Regions.Asia.East_Asia,286442.0,8281.787189337709,12.0,2653.0
5503,7.0,286442.0,追魂交易 (香港電視劇),0.15742753648757934,Q13652571,Geography.Regions.Asia.Asia*,286442.0,8281.787189337709,12.0,2653.0
5504,25.0,288608.0,最终幻想VII补完计划,0.967909336090088,Q952649,Culture.Media.Video_games,288608.0,750.2261815664142,14.0,5833.0
5505,25.0,288608.0,最终幻想VII补完计划,0.9659096002578736,Q952649,Culture.Internet_culture,288608.0,750.2261815664142,14.0,5833.0
5506,25.0,288608.0,最终幻想VII补完计划,0.9344051480293274,Q952649,Culture.Media.Media*,288608.0,750.2261815664142,14.0,5833.0
5507,25.0,288608.0,最终幻想VII补完计划,0.348655104637146,Q952649,Culture.Literature,288608.0,750.2261815664142,14.0,5833.0
5508,25.0,288608.0,最终幻想VII补完计划,0.1778208613395691,Q952649,Culture.Visual_arts.Visual_arts*,288608.0,750.2261815664142,14.0,5833.0
5509,25.0,288608.0,最终幻想VII补完计划,0.1294127255678177,Q952649,Culture.Visual_arts.Comics_and_Anime,288608.0,750.2261815664142,14.0,5833.0
5510,5.0,288899.0,林健鋒,0.9924327731132508,Q6176119,Culture.Biography.Biography*,288899.0,1766.2475854557879,3.0,1257.0
5511,5.0,288899.0,林健鋒,0.4904325475692749,Q6176119,Geography.Regions.Asia.East_Asia,288899.0,1766.2475854557879,3.0,1257.0
5512,5.0,288899.0,林健鋒,0.4687954058647156,Q6176119,Geography.Regions.Asia.Asia*,288899.0,1766.2475854557879,3.0,1257.0
5513,5.0,288941.0,赌侠2之上海滩赌圣,0.9046605229377748,Q4088982,Culture.Media.Media*,288941.0,2754.7224817074743,12.0,2677.0
5514,5.0,288941.0,赌侠2之上海滩赌圣,0.6654205918312073,Q4088982,Culture.Media.Films,288941.0,2754.7224817074743,12.0,2677.0
5515,5.0,288941.0,赌侠2之上海滩赌圣,0.4792908897399902,Q4088982,Geography.Regions.Asia.East_Asia,288941.0,2754.7224817074743,12.0,2677.0
5516,5.0,288941.0,赌侠2之上海滩赌圣,0.4696977605819702,Q4088982,Geography.Regions.Asia.Asia*,288941.0,2754.7224817074743,12.0,2677.0
5517,3.0,289367.0,卡廷大屠殺,0.8933194279670715,Q134301,History_and_Society.Society,289367.0,2447.127190049018,3.0,4218.0
5518,3.0,289367.0,卡廷大屠殺,0.6297846436500549,Q134301,History_and_Society.Military_and_warfare,289367.0,2447.127190049018,3.0,4218.0
5519,3.0,289367.0,卡廷大屠殺,0.6150978803634644,Q134301,Geography.Regions.Europe.Europe*,289367.0,2447.127190049018,3.0,4218.0
5520,3.0,289367.0,卡廷大屠殺,0.3629792034626007,Q134301,Geography.Regions.Europe.Eastern_Europe,289367.0,2447.127190049018,3.0,4218.0
5521,3.0,289367.0,卡廷大屠殺,0.26285186409950256,Q134301,Geography.Regions.Asia.Asia*,289367.0,2447.127190049018,3.0,4218.0
5522,3.0,289367.0,卡廷大屠殺,0.2568419873714447,Q134301,History_and_Society.Politics_and_government,289367.0,2447.127190049018,3.0,4218.0
5523,3.0,289367.0,卡廷大屠殺,0.2069040536880493,Q134301,Geography.Regions.Europe.Western_Europe,289367.0,2447.127190049018,3.0,4218.0
5524,3.0,289367.0,卡廷大屠殺,0.20182321965694427,Q134301,Geography.Regions.Americas.North_America,289367.0,2447.127190049018,3.0,4218.0
5525,3.0,289367.0,卡廷大屠殺,0.1778208613395691,Q134301,History_and_Society.History,289367.0,2447.127190049018,3.0,4218.0
5526,3.0,289367.0,卡廷大屠殺,0.1520422399044037,Q134301,Geography.Regions.Asia.North_Asia,289367.0,2447.127190049018,3.0,4218.0
5527,3.0,289367.0,卡廷大屠殺,0.11921291798353195,Q134301,Geography.Regions.Europe.Southern_Europe,289367.0,2447.127190049018,3.0,4218.0
5528,3.0,289367.0,卡廷大屠殺,0.10088862478733064,Q134301,Culture.Biography.Biography*,289367.0,2447.127190049018,3.0,4218.0
5529,9.0,289470.0,东欧剧变,0.6926519870758057,Q382861,History_and_Society.Politics_and_government,289470.0,13400.093166074796,1.0,2866.0
5530,9.0,289470.0,东欧剧变,0.4990100135803223,Q382861,Geography.Regions.Europe.Eastern_Europe,289470.0,13400.093166074796,1.0,2866.0
5531,9.0,289470.0,东欧剧变,0.4983221759796143,Q382861,Geography.Regions.Europe.Europe*,289470.0,13400.093166074796,1.0,2866.0
5532,9.0,289470.0,东欧剧变,0.320831298828125,Q382861,History_and_Society.Military_and_warfare,289470.0,13400.093166074796,1.0,2866.0
5533,9.0,289470.0,东欧剧变,0.10088862478733064,Q382861,Culture.Sports,289470.0,13400.093166074796,1.0,2866.0
5534,4.0,289795.0,泰雅·賓絲,0.9993221759796144,Q172303,Culture.Biography.Biography*,289795.0,8901.372369601726,17.0,2975.0
5535,4.0,289795.0,泰雅·賓絲,0.546748161315918,Q172303,Culture.Biography.Women,289795.0,8901.372369601726,17.0,2975.0
5536,4.0,289795.0,泰雅·賓絲,0.03021936321258545,Q172303,Geography.Regions.Americas.North_America,289795.0,8901.372369601726,17.0,2975.0
5537,4.0,290358.0,張靈甫,0.9850529432296752,Q701463,Culture.Biography.Biography*,290358.0,4154.4546232988205,5.0,2900.0
5538,4.0,290358.0,張靈甫,0.4581643214225769,Q701463,Geography.Regions.Asia.East_Asia,290358.0,4154.4546232988205,5.0,2900.0
5539,4.0,290358.0,張靈甫,0.4231518378257752,Q701463,Geography.Regions.Asia.Asia*,290358.0,4154.4546232988205,5.0,2900.0
5540,4.0,290358.0,張靈甫,0.40734341740608215,Q701463,History_and_Society.Military_and_warfare,290358.0,4154.4546232988205,5.0,2900.0
5541,8.0,290622.0,香港洲際酒店,0.9615437984466552,Q11287466,Geography.Regions.Asia.East_Asia,290622.0,10026.229121973874,10.0,16395.0
5542,8.0,290622.0,香港洲際酒店,0.9362950325012208,Q11287466,Geography.Regions.Asia.Asia*,290622.0,10026.229121973874,10.0,16395.0
5543,8.0,290622.0,香港洲際酒店,0.585111141204834,Q11287466,Culture.Visual_arts.Architecture,290622.0,10026.229121973874,10.0,16395.0
5544,8.0,290622.0,香港洲際酒店,0.546748161315918,Q11287466,Culture.Visual_arts.Visual_arts*,290622.0,10026.229121973874,10.0,16395.0
5545,2.0,291618.0,加利福尼亞州州長,0.4231518378257752,Q887010,Geography.Regions.Americas.North_America,291618.0,1207.8902976007,5.0,1988.0
5546,2.0,291618.0,加利福尼亞州州長,0.320831298828125,Q887010,History_and_Society.Politics_and_government,291618.0,1207.8902976007,5.0,1988.0
5547,7.0,291928.0,2006年超级女声,0.4990100135803223,Q10844670,Geography.Regions.Asia.East_Asia,291928.0,6717.872949068402,12.0,3675.0
5548,7.0,291928.0,2006年超级女声,0.49675815010070795,Q10844670,Geography.Regions.Asia.Asia*,291928.0,6717.872949068402,12.0,3675.0
5549,23.0,292374.0,外交及聯邦事務大臣,0.9648651480674744,Q1371091,History_and_Society.Politics_and_government,292374.0,2055.949355306379,1.0,3007.0
5550,6.0,293943.0,许飞,0.9579222798347472,Q6701420,Culture.Biography.Biography*,293943.0,6241.5009960617135,12.0,2129.0
5551,6.0,293943.0,许飞,0.6723417043685913,Q6701420,Culture.Biography.Women,293943.0,6241.5009960617135,12.0,2129.0
5552,6.0,293943.0,许飞,0.59267657995224,Q6701420,Culture.Media.Music,293943.0,6241.5009960617135,12.0,2129.0
5553,6.0,293943.0,许飞,0.4765896201133728,Q6701420,Culture.Media.Media*,293943.0,6241.5009960617135,12.0,2129.0
5554,6.0,293943.0,许飞,0.21124218606948847,Q6701420,Geography.Regions.Asia.Asia*,293943.0,6241.5009960617135,12.0,2129.0
5555,6.0,293943.0,许飞,0.0991983880996704,Q6701420,Geography.Regions.Asia.East_Asia,293943.0,6241.5009960617135,12.0,2129.0
5556,5.0,294333.0,一騎當千,1.0000100135803225,Q1191681,Culture.Visual_arts.Visual_arts*,294333.0,25880.017717535262,14.0,2337.0
5557,5.0,294333.0,一騎當千,1.0000100135803225,Q1191681,Culture.Visual_arts.Comics_and_Anime,294333.0,25880.017717535262,14.0,2337.0
5558,5.0,294333.0,一騎當千,1.0000100135803225,Q1191681,Culture.Literature,294333.0,25880.017717535262,14.0,2337.0
5559,5.0,294333.0,一騎當千,0.546748161315918,Q1191681,Culture.Internet_culture,294333.0,25880.017717535262,14.0,2337.0
5560,5.0,294333.0,一騎當千,0.538993239402771,Q1191681,Culture.Media.Video_games,294333.0,25880.017717535262,14.0,2337.0
5561,5.0,294333.0,一騎當千,0.13297423720359802,Q1191681,Culture.Media.Media*,294333.0,25880.017717535262,14.0,2337.0
5562,5.0,294333.0,一騎當千,0.1097157895565033,Q1191681,History_and_Society.Society,294333.0,25880.017717535262,14.0,2337.0
5563,1.0,295189.0,潛龍諜影3 食蛇者,1.0000100135803225,Q247935,Culture.Internet_culture,295189.0,0.0,14.0,1277.0
5564,1.0,295189.0,潛龍諜影3 食蛇者,1.0000100135803225,Q247935,Culture.Media.Video_games,295189.0,0.0,14.0,1277.0
5565,1.0,295189.0,潛龍諜影3 食蛇者,0.9995221495628356,Q247935,Culture.Media.Media*,295189.0,0.0,14.0,1277.0
5566,1.0,295189.0,潛龍諜影3 食蛇者,0.14034625887870789,Q247935,Culture.Media.Entertainment,295189.0,0.0,14.0,1277.0
5567,1.0,297217.0,英格兰银行,0.7826725244522095,Q183231,History_and_Society.Business_and_economics,297217.0,0.0,5.0,1254.0
5568,1.0,297217.0,英格兰银行,0.1520422399044037,Q183231,STEM.STEM*,297217.0,0.0,5.0,1254.0
5569,1.0,297217.0,英格兰银行,0.1294127255678177,Q183231,History_and_Society.Politics_and_government,297217.0,0.0,5.0,1254.0
5570,1.0,297217.0,英格兰银行,0.10375863313674928,Q183231,History_and_Society.Education,297217.0,0.0,5.0,1254.0
5571,1.0,297217.0,英格兰银行,0.0,Q183231,Geography.Regions.Europe.Europe*,297217.0,0.0,5.0,1254.0
5572,1.0,297217.0,英格兰银行,0.0,Q183231,Geography.Regions.Europe.Northern_Europe,297217.0,0.0,5.0,1254.0
5573,4.0,297740.0,蜜桃成熟時 (1993年),0.9850529432296752,Q5183200,Culture.Media.Films,297740.0,1507.022367128929,12.0,2680.0
5574,4.0,297740.0,蜜桃成熟時 (1993年),0.9763205647468568,Q5183200,Culture.Media.Media*,297740.0,1507.022367128929,12.0,2680.0
5575,4.0,297740.0,蜜桃成熟時 (1993年),0.4659240117073059,Q5183200,Geography.Regions.Asia.Asia*,297740.0,1507.022367128929,12.0,2680.0
5576,4.0,297740.0,蜜桃成熟時 (1993年),0.4543291201591492,Q5183200,Geography.Regions.Asia.East_Asia,297740.0,1507.022367128929,12.0,2680.0
5577,4.0,297740.0,蜜桃成熟時 (1993年),0.275139719247818,Q5183200,History_and_Society.Society,297740.0,1507.022367128929,12.0,2680.0
5578,4.0,298155.0,约翰·威尔克斯·布斯,0.9886782765388488,Q180914,Culture.Biography.Biography*,298155.0,3646.5387626618653,5.0,1979.0
5579,4.0,298155.0,约翰·威尔克斯·布斯,0.14034625887870789,Q180914,History_and_Society.History,298155.0,3646.5387626618653,5.0,1979.0
5580,4.0,298155.0,约翰·威尔克斯·布斯,0.12253321707248688,Q180914,Culture.Literature,298155.0,3646.5387626618653,5.0,1979.0
5581,4.0,298155.0,约翰·威尔克斯·布斯,0.10667316818237303,Q180914,Geography.Regions.Americas.North_America,298155.0,3646.5387626618653,5.0,1979.0
5582,3.0,300641.0,同治陕甘回变,0.59267657995224,Q889879,Geography.Regions.Asia.Asia*,300641.0,3161.07925906549,13.0,2979.0
5583,3.0,300641.0,同治陕甘回变,0.5621865391731262,Q889879,Geography.Regions.Asia.East_Asia,300641.0,3161.07925906549,13.0,2979.0
5584,3.0,300641.0,同治陕甘回变,0.275139719247818,Q889879,Culture.Visual_arts.Visual_arts*,300641.0,3161.07925906549,13.0,2979.0
5585,3.0,300641.0,同治陕甘回变,0.2120788097381592,Q889879,History_and_Society.Politics_and_government,300641.0,3161.07925906549,13.0,2979.0
5586,3.0,300641.0,同治陕甘回变,0.19194278120994568,Q889879,Culture.Visual_arts.Architecture,300641.0,3161.07925906549,13.0,2979.0
5587,3.0,300641.0,同治陕甘回变,0.16027602553367615,Q889879,History_and_Society.Military_and_warfare,300641.0,3161.07925906549,13.0,2979.0
5588,3.0,300641.0,同治陕甘回变,0.15611489117145538,Q889879,History_and_Society.History,300641.0,3161.07925906549,13.0,2979.0
5589,4.0,303041.0,水星计划7人,1.0,Q597154,Compilation.List_Disambig,303041.0,0.0,10.0,633.0
5590,4.0,303041.0,水星计划7人,0.3140605390071869,Q597154,History_and_Society.History,303041.0,0.0,10.0,633.0
5591,4.0,303041.0,水星计划7人,0.2689514458179474,Q597154,History_and_Society.Military_and_warfare,303041.0,0.0,10.0,633.0
5592,4.0,303041.0,水星计划7人,0.2568419873714447,Q597154,STEM.STEM*,303041.0,0.0,10.0,633.0
5593,4.0,303041.0,水星计划7人,0.2568419873714447,Q597154,Culture.Media.Media*,303041.0,0.0,10.0,633.0
5594,4.0,303041.0,水星计划7人,0.2568419873714447,Q597154,History_and_Society.Politics_and_government,303041.0,0.0,10.0,633.0
5595,4.0,303041.0,水星计划7人,0.24509501457214355,Q597154,History_and_Society.Transportation,303041.0,0.0,10.0,633.0
5596,4.0,303041.0,水星计划7人,0.2227101624011993,Q597154,Culture.Biography.Biography*,303041.0,0.0,10.0,633.0
5597,4.0,303041.0,水星计划7人,0.2069040536880493,Q597154,STEM.Space,303041.0,0.0,10.0,633.0
5598,4.0,303041.0,水星计划7人,0.1824355274438858,Q597154,STEM.Technology,303041.0,0.0,10.0,633.0
5599,4.0,303041.0,水星计划7人,0.1824355274438858,Q597154,Culture.Sports,303041.0,0.0,10.0,633.0
5600,4.0,303041.0,水星计划7人,0.1732981950044632,Q597154,Culture.Philosophy_and_religion,303041.0,0.0,10.0,633.0
5601,4.0,303041.0,水星计划7人,0.14805719256401062,Q597154,Culture.Media.Music,303041.0,0.0,10.0,633.0
5602,4.0,303041.0,水星计划7人,0.1259327530860901,Q597154,Culture.Visual_arts.Visual_arts*,303041.0,0.0,10.0,633.0
5603,4.0,303041.0,水星计划7人,0.11921291798353195,Q597154,History_and_Society.Society,303041.0,0.0,10.0,633.0
5604,4.0,303041.0,水星计划7人,0.1097157895565033,Q597154,Culture.Media.Television,303041.0,0.0,10.0,633.0
5605,4.0,303041.0,水星计划7人,0.04574816131591797,Q597154,Geography.Regions.Americas.North_America,303041.0,0.0,10.0,633.0
5606,4.0,303041.0,水星计划7人,0.0,Q597154,Geography.Regions.Europe.Europe*,303041.0,0.0,10.0,633.0
5607,4.0,303041.0,水星计划7人,0.0,Q597154,Geography.Regions.Asia.Asia*,303041.0,0.0,10.0,633.0
5608,4.0,303041.0,水星计划7人,0.0,Q597154,Geography.Regions.Europe.Western_Europe,303041.0,0.0,10.0,633.0
5609,4.0,303041.0,水星计划7人,0.0,Q597154,Geography.Regions.Europe.Southern_Europe,303041.0,0.0,10.0,633.0
5610,4.0,303041.0,水星计划7人,0.0,Q597154,Geography.Regions.Europe.Northern_Europe,303041.0,0.0,10.0,633.0
5611,4.0,303041.0,水星计划7人,0.0,Q597154,Geography.Regions.Asia.East_Asia,303041.0,0.0,10.0,633.0
5612,4.0,303041.0,水星计划7人,0.0,Q597154,Geography.Regions.Asia.Southeast_Asia,303041.0,0.0,10.0,633.0
5613,4.0,303041.0,水星计划7人,0.0,Q597154,Geography.Regions.Europe.Eastern_Europe,303041.0,0.0,10.0,633.0
5614,3.0,304846.0,命運之矛,0.8740872144699097,Q478195,Culture.Philosophy_and_religion,304846.0,0.0,11.0,2172.0
5615,3.0,304846.0,命運之矛,0.4378334879875183,Q478195,History_and_Society.History,304846.0,0.0,11.0,2172.0
5616,3.0,304846.0,命運之矛,0.13297423720359802,Q478195,Culture.Literature,304846.0,0.0,11.0,2172.0
5617,3.0,304846.0,命運之矛,0.1097157895565033,Q478195,Culture.Biography.Biography*,304846.0,0.0,11.0,2172.0
5618,3.0,304846.0,命運之矛,0.10375863313674928,Q478195,Culture.Visual_arts.Visual_arts*,304846.0,0.0,11.0,2172.0
5619,2.0,305084.0,高瑜,0.9946250915527344,Q2234845,Culture.Biography.Biography*,305084.0,6803.720444001429,4.0,2086.0
5620,2.0,305084.0,高瑜,0.7122421860694885,Q2234845,Culture.Biography.Women,305084.0,6803.720444001429,4.0,2086.0
5621,2.0,305084.0,高瑜,0.6513648629188538,Q2234845,Culture.Media.Media*,305084.0,6803.720444001429,4.0,2086.0
5622,2.0,305084.0,高瑜,0.4314633479118347,Q2234845,Geography.Regions.Asia.Asia*,305084.0,6803.720444001429,4.0,2086.0
5623,2.0,305084.0,高瑜,0.3301530351638794,Q2234845,Geography.Regions.Asia.East_Asia,305084.0,6803.720444001429,4.0,2086.0
5624,2.0,305084.0,高瑜,0.24509501457214355,Q2234845,Culture.Literature,305084.0,6803.720444001429,4.0,2086.0
5625,2.0,305084.0,高瑜,0.24509501457214355,Q2234845,History_and_Society.Society,305084.0,6803.720444001429,4.0,2086.0
5626,7.0,305336.0,勇敢的心,0.974052667617798,Q162729,Culture.Media.Media*,305336.0,4992.228595804556,6.0,2948.0
5627,7.0,305336.0,勇敢的心,0.952584147453308,Q162729,Culture.Media.Films,305336.0,4992.228595804556,6.0,2948.0
5628,7.0,305336.0,勇敢的心,0.14805719256401062,Q162729,History_and_Society.Military_and_warfare,305336.0,4992.228595804556,6.0,2948.0
5629,7.0,305336.0,勇敢的心,0.0,Q162729,Geography.Regions.Americas.North_America,305336.0,4992.228595804556,6.0,2948.0
5630,7.0,305336.0,勇敢的心,0.0,Q162729,Geography.Regions.Europe.Europe*,305336.0,4992.228595804556,6.0,2948.0
5631,7.0,305336.0,勇敢的心,0.0,Q162729,Geography.Regions.Europe.Northern_Europe,305336.0,4992.228595804556,6.0,2948.0
5632,2.0,305506.0,十诫 (1956年电影),0.9886782765388488,Q746733,Culture.Media.Films,305506.0,908.747453946124,11.0,1291.0
5633,2.0,305506.0,十诫 (1956年电影),0.9841036200523376,Q746733,Culture.Media.Media*,305506.0,908.747453946124,11.0,1291.0
5634,2.0,305506.0,十诫 (1956年电影),0.0,Q746733,Geography.Regions.Americas.North_America,305506.0,908.747453946124,11.0,1291.0
5635,5.0,306069.0,歼-11,0.9825675487518309,Q1153272,STEM.Engineering,306069.0,1755.9764058531912,5.0,3736.0
5636,5.0,306069.0,歼-11,0.9825675487518309,Q1153272,History_and_Society.Military_and_warfare,306069.0,1755.9764058531912,5.0,3736.0
5637,5.0,306069.0,歼-11,0.9802908897399902,Q1153272,STEM.STEM*,306069.0,1755.9764058531912,5.0,3736.0
5638,5.0,306069.0,歼-11,0.9626831412315368,Q1153272,History_and_Society.Transportation,306069.0,1755.9764058531912,5.0,3736.0
5639,5.0,306069.0,歼-11,0.38304929637908935,Q1153272,Geography.Regions.Asia.East_Asia,306069.0,1755.9764058531912,5.0,3736.0
5640,5.0,306069.0,歼-11,0.30218379402160644,Q1153272,Geography.Regions.Asia.Asia*,306069.0,1755.9764058531912,5.0,3736.0
5641,5.0,306069.0,歼-11,0.1294127255678177,Q1153272,History_and_Society.History,306069.0,1755.9764058531912,5.0,3736.0
5642,2.0,306395.0,正街,0.9946250915527344,Q5062317,Geography.Regions.Asia.East_Asia,306395.0,11820.0,3.0,1211.0
5643,2.0,306395.0,正街,0.9850529432296752,Q5062317,Geography.Regions.Asia.Asia*,306395.0,11820.0,3.0,1211.0
5644,28.0,306494.0,最终幻想XIII,1.0000100135803225,Q390595,Culture.Internet_culture,306494.0,1259.4810857796049,14.0,5742.0
5645,28.0,306494.0,最终幻想XIII,1.0000100135803225,Q390595,Culture.Media.Video_games,306494.0,1259.4810857796049,14.0,5742.0
5646,28.0,306494.0,最终幻想XIII,0.9990989565849304,Q390595,Culture.Media.Media*,306494.0,1259.4810857796049,14.0,5742.0
5647,2.0,306532.0,中華民國國璽,0.275139719247818,Q9384596,STEM.STEM*,306532.0,1445.6034540288324,2.0,1030.0
5648,2.0,306532.0,中華民國國璽,0.16452647745609286,Q9384596,History_and_Society.Transportation,306532.0,1445.6034540288324,2.0,1030.0
5649,2.0,306532.0,中華民國國璽,0.0,Q9384596,Geography.Regions.Asia.Asia*,306532.0,1445.6034540288324,2.0,1030.0
5650,2.0,306532.0,中華民國國璽,0.0,Q9384596,Geography.Regions.Europe.Europe*,306532.0,1445.6034540288324,2.0,1030.0
5651,10.0,306789.0,鈴村健一,0.9978272914886476,Q563425,Culture.Biography.Biography*,306789.0,27267.246960023247,14.0,3515.0
5652,10.0,306789.0,鈴村健一,0.9905974268913268,Q563425,Culture.Visual_arts.Comics_and_Anime,306789.0,27267.246960023247,14.0,3515.0
5653,10.0,306789.0,鈴村健一,0.9825675487518309,Q563425,Culture.Visual_arts.Visual_arts*,306789.0,27267.246960023247,14.0,3515.0
5654,10.0,306789.0,鈴村健一,0.9659096002578736,Q563425,Culture.Literature,306789.0,27267.246960023247,14.0,3515.0
5655,10.0,306789.0,鈴村健一,0.22816647589206696,Q563425,Culture.Media.Media*,306789.0,27267.246960023247,14.0,3515.0
5656,10.0,306789.0,鈴村健一,0.18495945835113525,Q563425,Geography.Regions.Asia.East_Asia,306789.0,27267.246960023247,14.0,3515.0
5657,10.0,306789.0,鈴村健一,0.12253321707248688,Q563425,Culture.Media.Music,306789.0,27267.246960023247,14.0,3515.0
5658,10.0,306789.0,鈴村健一,0.12146936559677125,Q563425,Geography.Regions.Asia.Asia*,306789.0,27267.246960023247,14.0,3515.0
5659,14.0,306808.0,休·格兰特,0.9990402460098268,Q163286,Culture.Biography.Biography*,306808.0,25875.78459303399,6.0,3493.0
5660,14.0,306808.0,休·格兰特,0.538993239402771,Q163286,Culture.Media.Media*,306808.0,25875.78459303399,6.0,3493.0
5661,14.0,306808.0,休·格兰特,0.37980710172653204,Q163286,Geography.Regions.Europe.Europe*,306808.0,25875.78459303399,6.0,3493.0
5662,14.0,306808.0,休·格兰特,0.29719679260253906,Q163286,Geography.Regions.Europe.Northern_Europe,306808.0,25875.78459303399,6.0,3493.0
5663,14.0,306808.0,休·格兰特,0.1778208613395691,Q163286,Culture.Media.Films,306808.0,25875.78459303399,6.0,3493.0
5664,14.0,306808.0,休·格兰特,0.16886694729328156,Q163286,History_and_Society.Society,306808.0,25875.78459303399,6.0,3493.0
5665,14.0,306808.0,休·格兰特,0.15611489117145538,Q163286,Culture.Media.Entertainment,306808.0,25875.78459303399,6.0,3493.0
5666,14.0,306808.0,休·格兰特,0.0,Q163286,Geography.Regions.Americas.North_America,306808.0,25875.78459303399,6.0,3493.0
5667,1.0,307205.0,亞拉拉特山,0.7490972280502319,Q72303,Geography.Geographical,307205.0,0.0,11.0,2605.0
5668,1.0,307205.0,亞拉拉特山,0.5621865391731262,Q72303,Geography.Regions.Asia.Asia*,307205.0,0.0,11.0,2605.0
5669,1.0,307205.0,亞拉拉特山,0.538993239402771,Q72303,STEM.STEM*,307205.0,0.0,11.0,2605.0
5670,1.0,307205.0,亞拉拉特山,0.19194278120994568,Q72303,STEM.Earth_and_environment,307205.0,0.0,11.0,2605.0
5671,1.0,307205.0,亞拉拉特山,0.16027602553367615,Q72303,Geography.Regions.Europe.Europe*,307205.0,0.0,11.0,2605.0
5672,1.0,307205.0,亞拉拉特山,0.10088862478733064,Q72303,Geography.Regions.Asia.West_Asia,307205.0,0.0,11.0,2605.0
5673,6.0,307506.0,蔡一傑,0.9963027834892272,Q8938694,Culture.Biography.Biography*,307506.0,6828.741819919377,12.0,2424.0
5674,6.0,307506.0,蔡一傑,0.6926519870758057,Q8938694,History_and_Society.Society,307506.0,6828.741819919377,12.0,2424.0
5675,6.0,307506.0,蔡一傑,0.4610267877578736,Q8938694,Culture.Media.Music,307506.0,6828.741819919377,12.0,2424.0
5676,6.0,307506.0,蔡一傑,0.43713401460647583,Q8938694,Geography.Regions.Asia.East_Asia,307506.0,6828.741819919377,12.0,2424.0
5677,6.0,307506.0,蔡一傑,0.4334051480293274,Q8938694,Geography.Regions.Asia.Asia*,307506.0,6828.741819919377,12.0,2424.0
5678,6.0,307506.0,蔡一傑,0.16886694729328156,Q8938694,Culture.Media.Media*,307506.0,6828.741819919377,12.0,2424.0
5679,9.0,307616.0,少爺占,0.9830951094627379,Q7240916,Culture.Biography.Biography*,307616.0,10564.138774145344,12.0,3046.0
5680,9.0,307616.0,少爺占,0.1520422399044037,Q7240916,Culture.Media.Media*,307616.0,10564.138774145344,12.0,3046.0
5681,9.0,307616.0,少爺占,0.1097157895565033,Q7240916,Culture.Media.Music,307616.0,10564.138774145344,12.0,3046.0
5682,9.0,307616.0,少爺占,0.0,Q7240916,Geography.Regions.Asia.Asia*,307616.0,10564.138774145344,12.0,3046.0
5683,9.0,307616.0,少爺占,0.0,Q7240916,Geography.Regions.Asia.East_Asia,307616.0,10564.138774145344,12.0,3046.0
5684,12.0,307793.0,林益世,1.0000100135803225,Q8272755,Culture.Biography.Biography*,307793.0,34746.76321099065,2.0,6478.0
5685,12.0,307793.0,林益世,0.9893575310707092,Q8272755,History_and_Society.Society,307793.0,34746.76321099065,2.0,6478.0
5686,12.0,307793.0,林益世,0.4925217499732971,Q8272755,Geography.Regions.Asia.East_Asia,307793.0,34746.76321099065,2.0,6478.0
5687,12.0,307793.0,林益世,0.4883575310707092,Q8272755,Geography.Regions.Asia.Asia*,307793.0,34746.76321099065,2.0,6478.0
5688,1.0,308041.0,陳玄禮,0.8740872144699097,Q5090950,Culture.Biography.Biography*,308041.0,0.0,2.0,983.0
5689,1.0,308041.0,陳玄禮,0.4532718360424042,Q5090950,History_and_Society.Military_and_warfare,308041.0,0.0,2.0,983.0
5690,1.0,308041.0,陳玄禮,0.19194278120994568,Q5090950,History_and_Society.History,308041.0,0.0,2.0,983.0
5691,1.0,308041.0,陳玄禮,0.16452647745609286,Q5090950,History_and_Society.Society,308041.0,0.0,2.0,983.0
5692,1.0,308041.0,陳玄禮,0.10667316818237303,Q5090950,Geography.Regions.Asia.Asia*,308041.0,0.0,2.0,983.0
5693,1.0,308041.0,陳玄禮,0.0,Q5090950,Geography.Regions.Asia.East_Asia,308041.0,0.0,2.0,983.0
5694,23.0,308637.0,草蜢 (組合),0.9399233460426332,Q2484287,Culture.Biography.Biography*,308637.0,103590.46588078506,12.0,2933.0
5695,23.0,308637.0,草蜢 (組合),0.754925012588501,Q2484287,Culture.Media.Music,308637.0,103590.46588078506,12.0,2933.0
5696,23.0,308637.0,草蜢 (組合),0.6992644667625427,Q2484287,Culture.Media.Media*,308637.0,103590.46588078506,12.0,2933.0
5697,23.0,308637.0,草蜢 (組合),0.3165845146179199,Q2484287,Geography.Regions.Asia.East_Asia,308637.0,103590.46588078506,12.0,2933.0
5698,23.0,308637.0,草蜢 (組合),0.2869412174224853,Q2484287,Geography.Regions.Asia.Asia*,308637.0,103590.46588078506,12.0,2933.0
5699,23.0,308637.0,草蜢 (組合),0.2814156115055084,Q2484287,History_and_Society.Society,308637.0,103590.46588078506,12.0,2933.0
5700,2.0,308754.0,普里皮亚季,0.9970290064811708,Q170456,Geography.Regions.Europe.Eastern_Europe,308754.0,3942.0,10.0,1585.0
5701,2.0,308754.0,普里皮亚季,0.9942797422409058,Q170456,Geography.Regions.Europe.Europe*,308754.0,3942.0,10.0,1585.0
5702,3.0,308937.0,对不起，我爱你 (电视剧),0.8962613940238953,Q495650,Culture.Media.Media*,308937.0,3857.7696404693293,0.0,3723.0
5703,3.0,308937.0,对不起，我爱你 (电视剧),0.7186043858528137,Q495650,Culture.Media.Television,308937.0,3857.7696404693293,0.0,3723.0
5704,3.0,308937.0,对不起，我爱你 (电视剧),0.19826446676254272,Q495650,Geography.Regions.Asia.East_Asia,308937.0,3857.7696404693293,0.0,3723.0
5705,3.0,308937.0,对不起，我爱你 (电视剧),0.11409788036346435,Q495650,Geography.Regions.Asia.Asia*,308937.0,3857.7696404693293,0.0,3723.0
5706,2.0,308940.0,勞思光,0.9899964332580566,Q8460621,Culture.Biography.Biography*,308940.0,1452.814265108005,13.0,924.0
5707,2.0,308940.0,勞思光,0.4225146472454071,Q8460621,Culture.Philosophy_and_religion,308940.0,1452.814265108005,13.0,924.0
5708,2.0,308940.0,勞思光,0.40734341740608215,Q8460621,History_and_Society.Society,308940.0,1452.814265108005,13.0,924.0
5709,2.0,308940.0,勞思光,0.3764868249893189,Q8460621,Geography.Regions.Asia.East_Asia,308940.0,1452.814265108005,13.0,924.0
5710,2.0,308940.0,勞思光,0.311877357006073,Q8460621,Geography.Regions.Asia.Asia*,308940.0,1452.814265108005,13.0,924.0
5711,5.0,309870.0,黃凱芹,0.9790457487106324,Q9067694,Culture.Biography.Biography*,309870.0,1236.7022694908605,12.0,3234.0
5712,5.0,309870.0,黃凱芹,0.1097157895565033,Q9067694,Culture.Media.Music,309870.0,1236.7022694908605,12.0,3234.0
5713,5.0,309870.0,黃凱芹,0.03021936321258545,Q9067694,Geography.Regions.Asia.Asia*,309870.0,1236.7022694908605,12.0,3234.0
5714,5.0,309870.0,黃凱芹,0.006821857929229736,Q9067694,Geography.Regions.Asia.East_Asia,309870.0,1236.7022694908605,12.0,3234.0
5715,3.0,310063.0,長命斜,0.4932797422409058,Q61122,Geography.Regions.Asia.East_Asia,310063.0,7883.0,3.0,7419.0
5716,3.0,310063.0,長命斜,0.4406641592979431,Q61122,Geography.Regions.Asia.Asia*,310063.0,7883.0,3.0,7419.0
5717,3.0,310063.0,長命斜,0.2509227991104126,Q61122,History_and_Society.Transportation,310063.0,7883.0,3.0,7419.0
5718,38.0,310114.0,漫威漫畫,0.8311530351638794,Q173496,Culture.Literature,310114.0,32667.91823676013,6.0,3031.0
5719,38.0,310114.0,漫威漫畫,0.7248802781105042,Q173496,Culture.Visual_arts.Visual_arts*,310114.0,32667.91823676013,6.0,3031.0
5720,38.0,310114.0,漫威漫畫,0.7057950496673584,Q173496,Culture.Visual_arts.Comics_and_Anime,310114.0,32667.91823676013,6.0,3031.0
5721,38.0,310114.0,漫威漫畫,0.6654205918312073,Q173496,Culture.Media.Media*,310114.0,32667.91823676013,6.0,3031.0
5722,38.0,310114.0,漫威漫畫,0.3998216390609741,Q173496,History_and_Society.Business_and_economics,310114.0,32667.91823676013,6.0,3031.0
5723,38.0,310114.0,漫威漫畫,0.1259327530860901,Q173496,Culture.Media.Entertainment,310114.0,32667.91823676013,6.0,3031.0
5724,38.0,310114.0,漫威漫畫,0.0,Q173496,Geography.Regions.Americas.North_America,310114.0,32667.91823676013,6.0,3031.0
5725,4.0,310234.0,鳀科,0.998142421245575,Q192662,STEM.STEM*,310234.0,17163.35192928493,10.0,1518.0
5726,4.0,310234.0,鳀科,0.9979592561721802,Q192662,STEM.Biology,310234.0,17163.35192928493,10.0,1518.0
5727,7.0,310422.0,澤城美雪,0.9993638396263124,Q49552,Culture.Visual_arts.Comics_and_Anime,310422.0,33775.60195831381,14.0,2868.0
5728,7.0,310422.0,澤城美雪,0.9981998205184937,Q49552,Culture.Literature,310422.0,33775.60195831381,14.0,2868.0
5729,7.0,310422.0,澤城美雪,0.9964163899421692,Q49552,Culture.Visual_arts.Visual_arts*,310422.0,33775.60195831381,14.0,2868.0
5730,7.0,310422.0,澤城美雪,0.994455099105835,Q49552,Culture.Biography.Biography*,310422.0,33775.60195831381,14.0,2868.0
5731,7.0,310422.0,澤城美雪,0.6370407938957214,Q49552,Culture.Biography.Women,310422.0,33775.60195831381,14.0,2868.0
5732,7.0,310422.0,澤城美雪,0.4610267877578736,Q49552,Culture.Media.Video_games,310422.0,33775.60195831381,14.0,2868.0
5733,7.0,310422.0,澤城美雪,0.3276783227920532,Q49552,Culture.Internet_culture,310422.0,33775.60195831381,14.0,2868.0
5734,7.0,310422.0,澤城美雪,0.19194278120994568,Q49552,Culture.Media.Media*,310422.0,33775.60195831381,14.0,2868.0
5735,7.0,310422.0,澤城美雪,0.10667316818237303,Q49552,Geography.Regions.Asia.East_Asia,310422.0,33775.60195831381,14.0,2868.0
5736,7.0,310422.0,澤城美雪,0.014629947185516357,Q49552,Geography.Regions.Asia.Asia*,310422.0,33775.60195831381,14.0,2868.0
5737,11.0,311802.0,細So,0.9916942119598388,Q9324512,Culture.Biography.Biography*,311802.0,36833.81510273391,12.0,46229.0
5738,11.0,311802.0,細So,0.2120788097381592,Q9324512,Culture.Media.Music,311802.0,36833.81510273391,12.0,46229.0
5739,11.0,311802.0,細So,0.1520422399044037,Q9324512,Culture.Media.Media*,311802.0,36833.81510273391,12.0,46229.0
5740,11.0,311802.0,細So,0.10667316818237303,Q9324512,Geography.Regions.Asia.Asia*,311802.0,36833.81510273391,12.0,46229.0
5741,11.0,311802.0,細So,0.0,Q9324512,Geography.Regions.Asia.East_Asia,311802.0,36833.81510273391,12.0,46229.0
5742,5.0,312541.0,查尔斯·泰勒 (利比里亚政治人物),0.9986429810523988,Q49090,Culture.Biography.Biography*,312541.0,1096.3806657510806,10.0,579.0
5743,5.0,312541.0,查尔斯·泰勒 (利比里亚政治人物),0.4378334879875183,Q49090,History_and_Society.Military_and_warfare,312541.0,1096.3806657510806,10.0,579.0
5744,5.0,312541.0,查尔斯·泰勒 (利比里亚政治人物),0.2814156115055084,Q49090,History_and_Society.Politics_and_government,312541.0,1096.3806657510806,10.0,579.0
5745,5.0,312541.0,查尔斯·泰勒 (利比里亚政治人物),0.14415885508060455,Q49090,History_and_Society.History,312541.0,1096.3806657510806,10.0,579.0
5746,5.0,312541.0,查尔斯·泰勒 (利比里亚政治人物),0.1067005917429924,Q49090,History_and_Society.Society,312541.0,1096.3806657510806,10.0,579.0
5747,5.0,312541.0,查尔斯·泰勒 (利比里亚政治人物),0.0,Q49090,Geography.Regions.Africa.Africa*,312541.0,1096.3806657510806,10.0,579.0
5748,5.0,312541.0,查尔斯·泰勒 (利比里亚政治人物),0.0,Q49090,Geography.Regions.Americas.North_America,312541.0,1096.3806657510806,10.0,579.0
5749,5.0,312541.0,查尔斯·泰勒 (利比里亚政治人物),0.0,Q49090,Geography.Regions.Europe.Europe*,312541.0,1096.3806657510806,10.0,579.0
5750,3.0,312796.0,張達明 (演員),0.999506652355194,Q5094266,Culture.Biography.Biography*,312796.0,1274.8577227539095,12.0,3362.0
5751,3.0,312796.0,張達明 (演員),0.4893015494346618,Q5094266,Geography.Regions.Asia.East_Asia,312796.0,1274.8577227539095,12.0,3362.0
5752,3.0,312796.0,張達明 (演員),0.4569222798347473,Q5094266,Geography.Regions.Asia.Asia*,312796.0,1274.8577227539095,12.0,3362.0
5753,3.0,313506.0,南臺科技大學,0.9173126816749572,Q7570538,Geography.Regions.Asia.Asia*,313506.0,1200.3936631464205,4.0,2578.0
5754,3.0,313506.0,南臺科技大學,0.8991314172744751,Q7570538,Geography.Regions.Asia.East_Asia,313506.0,1200.3936631464205,4.0,2578.0
5755,3.0,313506.0,南臺科技大學,0.880807101726532,Q7570538,Culture.Biography.Biography*,313506.0,1200.3936631464205,4.0,2578.0
5756,3.0,313506.0,南臺科技大學,0.8706072568893433,Q7570538,History_and_Society.Education,313506.0,1200.3936631464205,4.0,2578.0
5757,3.0,313506.0,南臺科技大學,0.7981967926025391,Q7570538,History_and_Society.Society,313506.0,1200.3936631464205,4.0,2578.0
5758,3.0,313506.0,南臺科技大學,0.3140605390071869,Q7570538,Geography.Regions.Americas.North_America,313506.0,1200.3936631464205,4.0,2578.0
5759,5.0,313798.0,神农架林区,1.0000100135803225,Q1359055,Geography.Regions.Asia.East_Asia,313798.0,22168.148129601093,11.0,2013.0
5760,5.0,313798.0,神农架林区,0.9995517134666444,Q1359055,Geography.Regions.Asia.Asia*,313798.0,22168.148129601093,11.0,2013.0
5761,14.0,313843.0,信 (歌手),1.0000100135803225,Q6127069,Culture.Biography.Biography*,313843.0,50138.82742497024,12.0,3215.0
5762,14.0,313843.0,信 (歌手),0.6297846436500549,Q6127069,History_and_Society.Society,313843.0,50138.82742497024,12.0,3215.0
5763,14.0,313843.0,信 (歌手),0.5621865391731262,Q6127069,Culture.Media.Media*,313843.0,50138.82742497024,12.0,3215.0
5764,14.0,313843.0,信 (歌手),0.5156299471855164,Q6127069,Culture.Media.Music,313843.0,50138.82742497024,12.0,3215.0
5765,14.0,313843.0,信 (歌手),0.4089169969558716,Q6127069,Geography.Regions.Asia.Asia*,313843.0,50138.82742497024,12.0,3215.0
5766,14.0,313843.0,信 (歌手),0.3981314172744751,Q6127069,Geography.Regions.Asia.East_Asia,313843.0,50138.82742497024,12.0,3215.0
5767,4.0,313865.0,罗慕路斯与雷穆斯,0.8840492963790894,Q2197,Culture.Biography.Biography*,313865.0,774.0733749294252,16.0,2721.0
5768,4.0,313865.0,罗慕路斯与雷穆斯,0.8175845146179199,Q2197,History_and_Society.History,313865.0,774.0733749294252,16.0,2721.0
5769,4.0,313865.0,罗慕路斯与雷穆斯,0.6859594583511353,Q2197,Culture.Philosophy_and_religion,313865.0,774.0733749294252,16.0,2721.0
5770,4.0,313865.0,罗慕路斯与雷穆斯,0.5000100135803223,Q2197,Culture.Literature,313865.0,774.0733749294252,16.0,2721.0
5771,4.0,313865.0,罗慕路斯与雷穆斯,0.2689514458179474,Q2197,Culture.Biography.Women,313865.0,774.0733749294252,16.0,2721.0
5772,4.0,313865.0,罗慕路斯与雷穆斯,0.2120788097381592,Q2197,History_and_Society.Military_and_warfare,313865.0,774.0733749294252,16.0,2721.0
5773,4.0,313865.0,罗慕路斯与雷穆斯,0.08411114120483397,Q2197,Geography.Regions.Europe.Europe*,313865.0,774.0733749294252,16.0,2721.0
5774,4.0,313865.0,罗慕路斯与雷穆斯,0.0,Q2197,Geography.Regions.Europe.Southern_Europe,313865.0,774.0733749294252,16.0,2721.0
5775,4.0,313865.0,罗慕路斯与雷穆斯,0.0,Q2197,Geography.Regions.Asia.Asia*,313865.0,774.0733749294252,16.0,2721.0
5776,9.0,314010.0,動力火車,0.6584275364875793,Q709565,Culture.Biography.Biography*,314010.0,49402.34474359837,4.0,7265.0
5777,9.0,314010.0,動力火車,0.3140605390071869,Q709565,Culture.Media.Music,314010.0,49402.34474359837,4.0,7265.0
5778,9.0,314010.0,動力火車,0.2509227991104126,Q709565,Culture.Media.Media*,314010.0,49402.34474359837,4.0,7265.0
5779,9.0,314010.0,動力火車,0.0,Q709565,Geography.Regions.Europe.Europe*,314010.0,49402.34474359837,4.0,7265.0
5780,9.0,314010.0,動力火車,0.0,Q709565,Geography.Regions.Americas.North_America,314010.0,49402.34474359837,4.0,7265.0
5781,9.0,314010.0,動力火車,0.0,Q709565,Geography.Regions.Europe.Northern_Europe,314010.0,49402.34474359837,4.0,7265.0
5782,1.0,315193.0,向日葵 (梵高),0.98678719997406,Q157541,Culture.Visual_arts.Visual_arts*,315193.0,0.0,5.0,3001.0
5783,1.0,315193.0,向日葵 (梵高),0.0,Q157541,Geography.Regions.Europe.Europe*,315193.0,0.0,5.0,3001.0
5784,1.0,315193.0,向日葵 (梵高),0.0,Q157541,Geography.Regions.Europe.Western_Europe,315193.0,0.0,5.0,3001.0
5785,7.0,315877.0,集英社,0.9841036200523376,Q844822,Culture.Visual_arts.Comics_and_Anime,315877.0,8530.019761380163,13.0,3109.0
5786,7.0,315877.0,集英社,0.9697954058647156,Q844822,Culture.Literature,315877.0,8530.019761380163,13.0,3109.0
5787,7.0,315877.0,集英社,0.9688661694526672,Q844822,Culture.Visual_arts.Visual_arts*,315877.0,8530.019761380163,13.0,3109.0
5788,7.0,315877.0,集英社,0.8175845146179199,Q844822,History_and_Society.Business_and_economics,315877.0,8530.019761380163,13.0,3109.0
5789,7.0,315877.0,集英社,0.275139719247818,Q844822,Culture.Media.Media*,315877.0,8530.019761380163,13.0,3109.0
5790,7.0,315877.0,集英社,0.22388027811050412,Q844822,Geography.Regions.Asia.Asia*,315877.0,8530.019761380163,13.0,3109.0
5791,7.0,315877.0,集英社,0.08411114120483397,Q844822,Geography.Regions.Asia.East_Asia,315877.0,8530.019761380163,13.0,3109.0
5792,1.0,316953.0,高幸枝,1.0000100135803225,Q10566762,Culture.Biography.Biography*,316953.0,0.0,11.0,923.0
5793,1.0,316953.0,高幸枝,0.8439050912857056,Q10566762,History_and_Society.Society,316953.0,0.0,11.0,923.0
5794,1.0,316953.0,高幸枝,0.4810237755775452,Q10566762,Geography.Regions.Asia.East_Asia,316953.0,0.0,11.0,923.0
5795,1.0,316953.0,高幸枝,0.4745869507789612,Q10566762,Geography.Regions.Asia.Asia*,316953.0,0.0,11.0,923.0
5796,1.0,316953.0,高幸枝,0.4455395638942719,Q10566762,Culture.Biography.Women,316953.0,0.0,11.0,923.0
5797,1.0,317491.0,陣風戰鬥機,0.998142421245575,Q190973,History_and_Society.Transportation,317491.0,0.0,5.0,2428.0
5798,1.0,317491.0,陣風戰鬥機,0.98678719997406,Q190973,STEM.Engineering,317491.0,0.0,5.0,2428.0
5799,1.0,317491.0,陣風戰鬥機,0.9863731861114502,Q190973,History_and_Society.Military_and_warfare,317491.0,0.0,5.0,2428.0
5800,1.0,317491.0,陣風戰鬥機,0.9777238368988036,Q190973,STEM.STEM*,317491.0,0.0,5.0,2428.0
5801,1.0,317491.0,陣風戰鬥機,0.4659240117073059,Q190973,Geography.Regions.Europe.Western_Europe,317491.0,0.0,5.0,2428.0
5802,1.0,317491.0,陣風戰鬥機,0.43713401460647583,Q190973,Geography.Regions.Europe.Europe*,317491.0,0.0,5.0,2428.0
5803,5.0,317868.0,的士判官,0.9890230894088744,Q15920367,Culture.Media.Films,317868.0,8500.253104884565,12.0,1635.0
5804,5.0,317868.0,的士判官,0.9381340146064758,Q15920367,Culture.Media.Media*,317868.0,8500.253104884565,12.0,1635.0
5805,5.0,317868.0,的士判官,0.3660457601547241,Q15920367,Geography.Regions.Asia.East_Asia,317868.0,8500.253104884565,12.0,1635.0
5806,5.0,317868.0,的士判官,0.2763098945617676,Q15920367,Geography.Regions.Asia.Asia*,317868.0,8500.253104884565,12.0,1635.0
5807,13.0,319913.0,立榮航空,0.9965265989303588,Q701761,STEM.STEM*,319913.0,6613.35701808848,10.0,2665.0
5808,13.0,319913.0,立榮航空,0.9952548146247864,Q701761,STEM.Engineering,319913.0,6613.35701808848,10.0,2665.0
5809,13.0,319913.0,立榮航空,0.989681839942932,Q701761,History_and_Society.Transportation,319913.0,6613.35701808848,10.0,2665.0
5810,13.0,319913.0,立榮航空,0.9886782765388488,Q701761,Culture.Biography.Biography*,319913.0,6613.35701808848,10.0,2665.0
5811,13.0,319913.0,立榮航空,0.9883227348327636,Q701761,History_and_Society.Society,319913.0,6613.35701808848,10.0,2665.0
5812,13.0,319913.0,立榮航空,0.839743971824646,Q701761,History_and_Society.Business_and_economics,319913.0,6613.35701808848,10.0,2665.0
5813,13.0,319913.0,立榮航空,0.49675815010070795,Q701761,Geography.Regions.Asia.East_Asia,319913.0,6613.35701808848,10.0,2665.0
5814,13.0,319913.0,立榮航空,0.4946784844398498,Q701761,Geography.Regions.Asia.Asia*,319913.0,6613.35701808848,10.0,2665.0
5815,20.0,321158.0,曹格,0.9994572401046752,Q712926,Culture.Biography.Biography*,321158.0,95835.7585838268,12.0,2709.0
5816,20.0,321158.0,曹格,0.6297846436500549,Q712926,Culture.Media.Music,321158.0,95835.7585838268,12.0,2709.0
5817,20.0,321158.0,曹格,0.4378334879875183,Q712926,Culture.Media.Media*,321158.0,95835.7585838268,12.0,2709.0
5818,20.0,321158.0,曹格,0.2227101624011993,Q712926,History_and_Society.Society,321158.0,95835.7585838268,12.0,2709.0
5819,20.0,321158.0,曹格,0.022430347442626952,Q712926,Geography.Regions.Asia.Asia*,321158.0,95835.7585838268,12.0,2709.0
5820,20.0,321158.0,曹格,0.0,Q712926,Geography.Regions.Asia.East_Asia,321158.0,95835.7585838268,12.0,2709.0
5821,6.0,321333.0,美國第51州,0.4209318628311157,Q46993,Geography.Regions.Americas.North_America,321333.0,9332.308998614755,5.0,3654.0
5822,6.0,321333.0,美國第51州,0.19194278120994568,Q46993,History_and_Society.Military_and_warfare,321333.0,9332.308998614755,5.0,3654.0
5823,3.0,321910.0,雪風號驅逐艦,0.9993003606796264,Q715894,History_and_Society.Transportation,321910.0,65.68874449511509,5.0,2576.0
5824,3.0,321910.0,雪風號驅逐艦,0.996185541152954,Q715894,History_and_Society.Military_and_warfare,321910.0,65.68874449511509,5.0,2576.0
5825,3.0,321910.0,雪風號驅逐艦,0.5234303474426271,Q715894,History_and_Society.History,321910.0,65.68874449511509,5.0,2576.0
5826,3.0,321910.0,雪風號驅逐艦,0.4853731861114502,Q715894,Geography.Regions.Asia.East_Asia,321910.0,65.68874449511509,5.0,2576.0
5827,3.0,321910.0,雪風號驅逐艦,0.4659240117073059,Q715894,Geography.Regions.Asia.Asia*,321910.0,65.68874449511509,5.0,2576.0
5828,1.0,322474.0,藤井樹,1.0000100135803225,Q15911838,Culture.Biography.Biography*,322474.0,0.0,12.0,3104.0
5829,1.0,322474.0,藤井樹,0.9763205647468568,Q15911838,History_and_Society.Society,322474.0,0.0,12.0,3104.0
5830,1.0,322474.0,藤井樹,0.4687954058647156,Q15911838,Geography.Regions.Asia.East_Asia,322474.0,0.0,12.0,3104.0
5831,1.0,322474.0,藤井樹,0.4556442370414734,Q15911838,Geography.Regions.Asia.Asia*,322474.0,0.0,12.0,3104.0
5832,1.0,323862.0,库藏股,0.8519628047943115,Q1516464,History_and_Society.Business_and_economics,323862.0,0.0,3.0,2687.0
5833,1.0,323862.0,库藏股,0.26285186409950256,Q1516464,STEM.STEM*,323862.0,0.0,3.0,2687.0
5834,1.0,323862.0,库藏股,0.14415885508060455,Q1516464,STEM.Technology,323862.0,0.0,3.0,2687.0
5835,1.0,323862.0,库藏股,0.0,Q1516464,Geography.Regions.Asia.Asia*,323862.0,0.0,3.0,2687.0
5836,1.0,323862.0,库藏股,0.0,Q1516464,Geography.Regions.Americas.North_America,323862.0,0.0,3.0,2687.0
5837,5.0,324070.0,哈里斯堡,0.9850529432296752,Q25280,Geography.Geographical,324070.0,816.0058192969618,17.0,921.0
5838,5.0,324070.0,哈里斯堡,0.9820237755775452,Q25280,Geography.Regions.Americas.North_America,324070.0,816.0058192969618,17.0,921.0
5839,3.0,324412.0,萊赫·卡欽斯基,0.9955416321754456,Q2757,Culture.Biography.Biography*,324412.0,4653.841773480006,5.0,1109.0
5840,3.0,324412.0,萊赫·卡欽斯基,0.4767238368988037,Q2757,Geography.Regions.Europe.Eastern_Europe,324412.0,4653.841773480006,5.0,1109.0
5841,3.0,324412.0,萊赫·卡欽斯基,0.4678661694526672,Q2757,Geography.Regions.Europe.Europe*,324412.0,4653.841773480006,5.0,1109.0
5842,3.0,324412.0,萊赫·卡欽斯基,0.1520422399044037,Q2757,History_and_Society.Politics_and_government,324412.0,4653.841773480006,5.0,1109.0
5843,13.0,325577.0,笑傲江湖II東方不敗,0.9790457487106324,Q280276,Culture.Media.Media*,325577.0,9661.920111958176,12.0,2584.0
5844,13.0,325577.0,笑傲江湖II東方不敗,0.9724247455596924,Q280276,Culture.Media.Films,325577.0,9661.920111958176,12.0,2584.0
5845,13.0,325577.0,笑傲江湖II東方不敗,0.4745869507789612,Q280276,Geography.Regions.Asia.East_Asia,325577.0,9661.920111958176,12.0,2584.0
5846,13.0,325577.0,笑傲江湖II東方不敗,0.43892334604263306,Q280276,Geography.Regions.Asia.Asia*,325577.0,9661.920111958176,12.0,2584.0
5847,13.0,325577.0,笑傲江湖II東方不敗,0.1067005917429924,Q280276,History_and_Society.Society,325577.0,9661.920111958176,12.0,2584.0
5848,13.0,326114.0,加勒比海盗3：世界的尽头,0.9947898983955384,Q54274,Culture.Media.Films,326114.0,158897.30548901402,5.0,2850.0
5849,13.0,326114.0,加勒比海盗3：世界的尽头,0.9905974268913268,Q54274,Culture.Media.Media*,326114.0,158897.30548901402,5.0,2850.0
5850,13.0,326114.0,加勒比海盗3：世界的尽头,0.12253321707248688,Q54274,Culture.Media.Entertainment,326114.0,158897.30548901402,5.0,2850.0
5851,13.0,326114.0,加勒比海盗3：世界的尽头,0.0,Q54274,Geography.Regions.Americas.North_America,326114.0,158897.30548901402,5.0,2850.0
5852,2.0,326477.0,李書福,0.9949496984481812,Q717785,Culture.Biography.Biography*,326477.0,0.0,2.0,2100.0
5853,2.0,326477.0,李書福,0.8933194279670715,Q717785,History_and_Society.Business_and_economics,326477.0,0.0,2.0,2100.0
5854,2.0,326477.0,李書福,0.4659240117073059,Q717785,Geography.Regions.Asia.East_Asia,326477.0,0.0,2.0,2100.0
5855,2.0,326477.0,李書福,0.4063222279548645,Q717785,Geography.Regions.Asia.Asia*,326477.0,0.0,2.0,2100.0
5856,2.0,326477.0,李書福,0.3557848632335663,Q717785,STEM.STEM*,326477.0,0.0,2.0,2100.0
5857,2.0,326477.0,李書福,0.1732981950044632,Q717785,STEM.Technology,326477.0,0.0,2.0,2100.0
5858,7.0,326728.0,漢堡王,0.9820237755775452,Q177054,Culture.Food_and_drink,326728.0,10080.666125514945,3.0,5023.0
5859,7.0,326728.0,漢堡王,0.8519628047943115,Q177054,History_and_Society.Business_and_economics,326728.0,10080.666125514945,3.0,5023.0
5860,7.0,326728.0,漢堡王,0.338743971824646,Q177054,Geography.Regions.Americas.North_America,326728.0,10080.666125514945,3.0,5023.0
5861,6.0,326969.0,三軍總醫院,0.9976868629455566,Q7839744,Culture.Biography.Biography*,326969.0,9374.58202285312,5.0,3372.0
5862,6.0,326969.0,三軍總醫院,0.996837317943573,Q7839744,History_and_Society.Society,326969.0,9374.58202285312,5.0,3372.0
5863,6.0,326969.0,三軍總醫院,0.9019306898117064,Q7839744,STEM.STEM*,326969.0,9374.58202285312,5.0,3372.0
5864,6.0,326969.0,三軍總醫院,0.8031837940216064,Q7839744,STEM.Medicine_&_Health,326969.0,9374.58202285312,5.0,3372.0
5865,6.0,326969.0,三軍總醫院,0.4911941161155701,Q7839744,Geography.Regions.Asia.East_Asia,326969.0,9374.58202285312,5.0,3372.0
5866,6.0,326969.0,三軍總醫院,0.4849463572502136,Q7839744,Geography.Regions.Asia.Asia*,326969.0,9374.58202285312,5.0,3372.0
5867,6.0,326969.0,三軍總醫院,0.1824355274438858,Q7839744,History_and_Society.Education,326969.0,9374.58202285312,5.0,3372.0
5868,6.0,326969.0,三軍總醫院,0.13661839067935946,Q7839744,History_and_Society.Politics_and_government,326969.0,9374.58202285312,5.0,3372.0
5869,6.0,326969.0,三軍總醫院,0.1259327530860901,Q7839744,History_and_Society.Business_and_economics,326969.0,9374.58202285312,5.0,3372.0
5870,4.0,327076.0,范文芳,0.9994029402732848,Q265124,Culture.Biography.Biography*,327076.0,15071.489123259538,4.0,2173.0
5871,4.0,327076.0,范文芳,0.946606695652008,Q265124,Culture.Biography.Women,327076.0,15071.489123259538,4.0,2173.0
5872,4.0,327076.0,范文芳,0.4163126816749573,Q265124,Geography.Regions.Asia.Asia*,327076.0,15071.489123259538,4.0,2173.0
5873,4.0,327076.0,范文芳,0.2227101624011993,Q265124,Culture.Media.Media*,327076.0,15071.489123259538,4.0,2173.0
5874,4.0,327076.0,范文芳,0.1097157895565033,Q265124,Culture.Media.Music,327076.0,15071.489123259538,4.0,2173.0
5875,4.0,327076.0,范文芳,0.09167657995224,Q265124,Geography.Regions.Asia.Southeast_Asia,327076.0,15071.489123259538,4.0,2173.0
5876,4.0,327076.0,范文芳,0.0,Q265124,Geography.Regions.Asia.East_Asia,327076.0,15071.489123259538,4.0,2173.0
5877,10.0,327647.0,唐寧街,0.8706072568893433,Q192687,Geography.Regions.Europe.Europe*,327647.0,57.05425303744403,1.0,1679.0
5878,10.0,327647.0,唐寧街,0.8439050912857056,Q192687,Geography.Regions.Europe.Northern_Europe,327647.0,57.05425303744403,1.0,1679.0
5879,10.0,327647.0,唐寧街,0.15611489117145538,Q192687,History_and_Society.Politics_and_government,327647.0,57.05425303744403,1.0,1679.0
5880,10.0,327647.0,唐寧街,0.11280541121959685,Q192687,Culture.Visual_arts.Visual_arts*,327647.0,57.05425303744403,1.0,1679.0
5881,10.0,327647.0,唐寧街,0.10088862478733064,Q192687,STEM.STEM*,327647.0,57.05425303744403,1.0,1679.0
5882,2.0,327673.0,數碼寶貝列表,1.0,Q2739773,Compilation.List_Disambig,327673.0,725.9360144748108,14.0,2545.0
5883,2.0,327673.0,數碼寶貝列表,0.14415885508060455,Q2739773,STEM.STEM*,327673.0,725.9360144748108,14.0,2545.0
5884,2.0,327673.0,數碼寶貝列表,0.10088862478733064,Q2739773,Culture.Media.Media*,327673.0,725.9360144748108,14.0,2545.0
5885,2.0,327673.0,數碼寶貝列表,0.0,Q2739773,Geography.Regions.Europe.Europe*,327673.0,725.9360144748108,14.0,2545.0
5886,2.0,327673.0,數碼寶貝列表,0.0,Q2739773,Geography.Regions.Asia.Asia*,327673.0,725.9360144748108,14.0,2545.0
5887,4.0,327761.0,秦滅趙之戰,0.880807101726532,Q15926015,History_and_Society.Military_and_warfare,327761.0,0.0,15.0,2395.0
5888,4.0,327761.0,秦滅趙之戰,0.0,Q15926015,Geography.Regions.Asia.Asia*,327761.0,0.0,15.0,2395.0
5889,4.0,327761.0,秦滅趙之戰,0.0,Q15926015,Geography.Regions.Europe.Europe*,327761.0,0.0,15.0,2395.0
5890,17.0,328236.0,唐寧街10號,0.91965252161026,Q169101,Geography.Regions.Europe.Europe*,328236.0,3759.637070078935,1.0,5618.0
5891,17.0,328236.0,唐寧街10號,0.8872146010398865,Q169101,Geography.Regions.Europe.Northern_Europe,328236.0,3759.637070078935,1.0,5618.0
5892,17.0,328236.0,唐寧街10號,0.5775054097175598,Q169101,Culture.Visual_arts.Visual_arts*,328236.0,3759.637070078935,1.0,5618.0
5893,17.0,328236.0,唐寧街10號,0.5544804334640503,Q169101,Culture.Visual_arts.Architecture,328236.0,3759.637070078935,1.0,5618.0
5894,17.0,328236.0,唐寧街10號,0.1824355274438858,Q169101,History_and_Society.Politics_and_government,328236.0,3759.637070078935,1.0,5618.0
5895,5.0,328412.0,李彦宏,0.9989450573921204,Q92985,Culture.Biography.Biography*,328412.0,12449.573742195042,2.0,2686.0
5896,5.0,328412.0,李彦宏,0.8840492963790894,Q92985,History_and_Society.Business_and_economics,328412.0,12449.573742195042,2.0,2686.0
5897,5.0,328412.0,李彦宏,0.6442351341247559,Q92985,STEM.Technology,328412.0,12449.573742195042,2.0,2686.0
5898,5.0,328412.0,李彦宏,0.6224693655967712,Q92985,STEM.STEM*,328412.0,12449.573742195042,2.0,2686.0
5899,5.0,328412.0,李彦宏,0.4455395638942719,Q92985,STEM.Computing,328412.0,12449.573742195042,2.0,2686.0
5900,5.0,328412.0,李彦宏,0.2763098945617676,Q92985,Geography.Regions.Asia.East_Asia,328412.0,12449.573742195042,2.0,2686.0
5901,5.0,328412.0,李彦宏,0.24809722805023196,Q92985,Geography.Regions.Asia.Asia*,328412.0,12449.573742195042,2.0,2686.0
5902,5.0,328412.0,李彦宏,0.2120788097381592,Q92985,Culture.Media.Software,328412.0,12449.573742195042,2.0,2686.0
5903,5.0,328412.0,李彦宏,0.11280541121959685,Q92985,STEM.Engineering,328412.0,12449.573742195042,2.0,2686.0
5904,5.0,328412.0,李彦宏,0.0,Q92985,Geography.Regions.Americas.North_America,328412.0,12449.573742195042,2.0,2686.0
5905,4.0,328567.0,陳芷菁,0.9905974268913268,Q4811419,Culture.Biography.Biography*,328567.0,26189.78493614292,12.0,2332.0
5906,4.0,328567.0,陳芷菁,0.7431780099868774,Q4811419,Culture.Biography.Women,328567.0,26189.78493614292,12.0,2332.0
5907,4.0,328567.0,陳芷菁,0.3301530351638794,Q4811419,Geography.Regions.Asia.East_Asia,328567.0,26189.78493614292,12.0,2332.0
5908,4.0,328567.0,陳芷菁,0.30218379402160644,Q4811419,Geography.Regions.Asia.Asia*,328567.0,26189.78493614292,12.0,2332.0
5909,4.0,328567.0,陳芷菁,0.2942249774932861,Q4811419,Culture.Media.Music,328567.0,26189.78493614292,12.0,2332.0
5910,4.0,328567.0,陳芷菁,0.1067005917429924,Q4811419,Culture.Media.Media*,328567.0,26189.78493614292,12.0,2332.0
5911,10.0,328658.0,臺北松山機場,0.9976133108139038,Q702019,Culture.Biography.Biography*,328658.0,18999.713306175443,10.0,2628.0
5912,10.0,328658.0,臺北松山機場,0.9976133108139038,Q702019,Geography.Regions.Asia.East_Asia,328658.0,18999.713306175443,10.0,2628.0
5913,10.0,328658.0,臺北松山機場,0.9931061863899232,Q702019,Geography.Regions.Asia.Asia*,328658.0,18999.713306175443,10.0,2628.0
5914,10.0,328658.0,臺北松山機場,0.9886782765388488,Q702019,History_and_Society.Society,328658.0,18999.713306175443,10.0,2628.0
5915,10.0,328658.0,臺北松山機場,0.9770326614379884,Q702019,History_and_Society.Transportation,328658.0,18999.713306175443,10.0,2628.0
5916,10.0,328658.0,臺北松山機場,0.9648651480674744,Q702019,STEM.Engineering,328658.0,18999.713306175443,10.0,2628.0
5917,10.0,328658.0,臺北松山機場,0.9637899398803712,Q702019,STEM.STEM*,328658.0,18999.713306175443,10.0,2628.0
5918,1.0,329473.0,宗座宮,0.9659096002578736,Q145093,Geography.Regions.Europe.Europe*,329473.0,0.0,1.0,608.0
5919,1.0,329473.0,宗座宮,0.9046605229377748,Q145093,Culture.Visual_arts.Architecture,329473.0,0.0,1.0,608.0
5920,1.0,329473.0,宗座宮,0.8933194279670715,Q145093,Culture.Visual_arts.Visual_arts*,329473.0,0.0,1.0,608.0
5921,1.0,329473.0,宗座宮,0.8706072568893433,Q145093,Geography.Regions.Europe.Southern_Europe,329473.0,0.0,1.0,608.0
5922,1.0,329473.0,宗座宮,0.3702353835105896,Q145093,Culture.Philosophy_and_religion,329473.0,0.0,1.0,608.0
5923,2.0,329498.0,小孩不笨 (電影),0.990301549434662,Q855114,Culture.Media.Films,329498.0,0.0,3.0,1895.0
5924,2.0,329498.0,小孩不笨 (電影),0.9836069941520692,Q855114,Culture.Media.Media*,329498.0,0.0,3.0,1895.0
5925,2.0,329498.0,小孩不笨 (電影),0.3276783227920532,Q855114,Culture.Media.Entertainment,329498.0,0.0,3.0,1895.0
5926,2.0,329498.0,小孩不笨 (電影),0.3070772161483765,Q855114,Geography.Regions.Asia.Asia*,329498.0,0.0,3.0,1895.0
5927,2.0,329498.0,小孩不笨 (電影),0.0,Q855114,Geography.Regions.Asia.East_Asia,329498.0,0.0,3.0,1895.0
5928,2.0,329498.0,小孩不笨 (電影),0.0,Q855114,Geography.Regions.Asia.Southeast_Asia,329498.0,0.0,3.0,1895.0
5929,1.0,329689.0,王石,0.9899964332580566,Q7967618,Culture.Biography.Biography*,329689.0,0.0,10.0,1977.0
5930,1.0,329689.0,王石,0.6992644667625427,Q7967618,History_and_Society.Business_and_economics,329689.0,0.0,10.0,1977.0
5931,1.0,329689.0,王石,0.11280541121959685,Q7967618,STEM.STEM*,329689.0,0.0,10.0,1977.0
5932,1.0,329689.0,王石,0.11280541121959685,Q7967618,History_and_Society.Transportation,329689.0,0.0,10.0,1977.0
5933,1.0,329689.0,王石,0.1097157895565033,Q7967618,STEM.Technology,329689.0,0.0,10.0,1977.0
5934,1.0,329689.0,王石,0.10667316818237303,Q7967618,Geography.Regions.Asia.East_Asia,329689.0,0.0,10.0,1977.0
5935,1.0,329689.0,王石,0.022430347442626952,Q7967618,Geography.Regions.Asia.Asia*,329689.0,0.0,10.0,1977.0
5936,15.0,329914.0,泰迪羅賓,0.9985549449920654,Q700297,Culture.Biography.Biography*,329914.0,24096.71925753,12.0,2613.0
5937,15.0,329914.0,泰迪羅賓,0.3073680400848389,Q700297,Culture.Media.Media*,329914.0,24096.71925753,12.0,2613.0
5938,15.0,329914.0,泰迪羅賓,0.2921159734725952,Q700297,Geography.Regions.Asia.Asia*,329914.0,24096.71925753,12.0,2613.0
5939,15.0,329914.0,泰迪羅賓,0.287777841091156,Q700297,Culture.Media.Music,329914.0,24096.71925753,12.0,2613.0
5940,15.0,329914.0,泰迪羅賓,0.22388027811050412,Q700297,Geography.Regions.Asia.East_Asia,329914.0,24096.71925753,12.0,2613.0
5941,1.0,330422.0,苏美尔王表,1.0,Q270860,Compilation.List_Disambig,330422.0,0.0,11.0,2351.0
5942,1.0,330422.0,苏美尔王表,0.8439050912857056,Q270860,History_and_Society.History,330422.0,0.0,11.0,2351.0
5943,1.0,330422.0,苏美尔王表,0.5698626637458801,Q270860,Culture.Biography.Biography*,330422.0,0.0,11.0,2351.0
5944,1.0,330422.0,苏美尔王表,0.4753205647468567,Q270860,Geography.Regions.Asia.Asia*,330422.0,0.0,11.0,2351.0
5945,1.0,330422.0,苏美尔王表,0.2942249774932861,Q270860,Culture.Literature,330422.0,0.0,11.0,2351.0
5946,1.0,330422.0,苏美尔王表,0.19826446676254272,Q270860,Geography.Regions.Asia.West_Asia,330422.0,0.0,11.0,2351.0
5947,1.0,330422.0,苏美尔王表,0.1778208613395691,Q270860,History_and_Society.Society,330422.0,0.0,11.0,2351.0
5948,1.0,330422.0,苏美尔王表,0.13661839067935946,Q270860,Culture.Visual_arts.Visual_arts*,330422.0,0.0,11.0,2351.0
5949,1.0,330422.0,苏美尔王表,0.13661839067935946,Q270860,Culture.Philosophy_and_religion,330422.0,0.0,11.0,2351.0
5950,4.0,330655.0,雪兒,0.9983093142509459,Q12003,Culture.Biography.Biography*,330655.0,0.0,6.0,1405.0
5951,4.0,330655.0,雪兒,0.9173126816749572,Q12003,Culture.Biography.Women,330655.0,0.0,6.0,1405.0
5952,4.0,330655.0,雪兒,0.6224693655967712,Q12003,Culture.Media.Media*,330655.0,0.0,6.0,1405.0
5953,4.0,330655.0,雪兒,0.4765896201133728,Q12003,Culture.Media.Music,330655.0,0.0,6.0,1405.0
5954,4.0,330655.0,雪兒,0.14805719256401062,Q12003,History_and_Society.Society,330655.0,0.0,6.0,1405.0
5955,4.0,330655.0,雪兒,0.11409788036346435,Q12003,Geography.Regions.Americas.North_America,330655.0,0.0,6.0,1405.0
5956,4.0,330655.0,雪兒,0.0,Q12003,Geography.Regions.Europe.Europe*,330655.0,0.0,6.0,1405.0
5957,4.0,330655.0,雪兒,0.0,Q12003,Geography.Regions.Europe.Northern_Europe,330655.0,0.0,6.0,1405.0
5958,1.0,331578.0,形式主义,0.59267657995224,Q539750,STEM.STEM*,331578.0,0.0,3.0,1378.0
5959,1.0,331578.0,形式主义,0.3007555902004242,Q539750,History_and_Society.Society,331578.0,0.0,3.0,1378.0
5960,1.0,331578.0,形式主义,0.2227101624011993,Q539750,History_and_Society.Military_and_warfare,331578.0,0.0,3.0,1378.0
5961,1.0,331578.0,形式主义,0.1968362182378769,Q539750,History_and_Society.Politics_and_government,331578.0,0.0,3.0,1378.0
5962,1.0,331578.0,形式主义,0.1778208613395691,Q539750,STEM.Medicine_&_Health,331578.0,0.0,3.0,1378.0
5963,1.0,331578.0,形式主义,0.16452647745609286,Q539750,STEM.Earth_and_environment,331578.0,0.0,3.0,1378.0
5964,1.0,331578.0,形式主义,0.16027602553367615,Q539750,STEM.Biology,331578.0,0.0,3.0,1378.0
5965,1.0,331578.0,形式主义,0.14805719256401062,Q539750,STEM.Technology,331578.0,0.0,3.0,1378.0
5966,1.0,331578.0,形式主义,0.1067005917429924,Q539750,STEM.Physics,331578.0,0.0,3.0,1378.0
5967,1.0,331578.0,形式主义,0.07650540971755981,Q539750,Geography.Regions.Asia.Asia*,331578.0,0.0,3.0,1378.0
5968,1.0,331578.0,形式主义,0.0,Q539750,Geography.Regions.Asia.West_Asia,331578.0,0.0,3.0,1378.0
5969,1.0,331578.0,形式主义,0.0,Q539750,Geography.Regions.Europe.Europe*,331578.0,0.0,3.0,1378.0
5970,1.0,331578.0,形式主义,0.0,Q539750,Geography.Regions.Europe.Western_Europe,331578.0,0.0,3.0,1378.0
5971,1.0,331578.0,形式主义,0.0,Q539750,Geography.Regions.Europe.Southern_Europe,331578.0,0.0,3.0,1378.0
5972,1.0,331578.0,形式主义,0.0,Q539750,Geography.Regions.Asia.North_Asia,331578.0,0.0,3.0,1378.0
5973,1.0,331578.0,形式主义,0.0,Q539750,Geography.Regions.Asia.Central_Asia,331578.0,0.0,3.0,1378.0
5974,1.0,331578.0,形式主义,0.0,Q539750,Geography.Regions.Asia.South_Asia,331578.0,0.0,3.0,1378.0
5975,1.0,331578.0,形式主义,0.0,Q539750,Geography.Regions.Americas.North_America,331578.0,0.0,3.0,1378.0
5976,5.0,332357.0,T65突擊步槍,0.9899964332580566,Q1378630,History_and_Society.Military_and_warfare,332357.0,7690.221821424691,2.0,2653.0
5977,5.0,332357.0,T65突擊步槍,0.9883227348327636,Q1378630,STEM.STEM*,332357.0,7690.221821424691,2.0,2653.0
5978,5.0,332357.0,T65突擊步槍,0.9808859825134276,Q1378630,STEM.Technology,332357.0,7690.221821424691,2.0,2653.0
5979,5.0,332357.0,T65突擊步槍,0.7879412174224854,Q1378630,History_and_Society.Society,332357.0,7690.221821424691,2.0,2653.0
5980,5.0,332357.0,T65突擊步槍,0.6584275364875793,Q1378630,Culture.Biography.Biography*,332357.0,7690.221821424691,2.0,2653.0
5981,5.0,332357.0,T65突擊步槍,0.43892334604263306,Q1378630,Geography.Regions.Asia.Asia*,332357.0,7690.221821424691,2.0,2653.0
5982,5.0,332357.0,T65突擊步槍,0.3764868249893189,Q1378630,Geography.Regions.Asia.East_Asia,332357.0,7690.221821424691,2.0,2653.0
5983,6.0,332379.0,鐵扇公主,0.9916942119598388,Q3275599,Culture.Literature,332379.0,0.0,12.0,1172.0
5984,6.0,332379.0,鐵扇公主,0.6992644667625427,Q3275599,Culture.Media.Media*,332379.0,0.0,12.0,1172.0
5985,6.0,332379.0,鐵扇公主,0.6370407938957214,Q3275599,Culture.Media.Books,332379.0,0.0,12.0,1172.0
5986,6.0,332379.0,鐵扇公主,0.459371196269989,Q3275599,Geography.Regions.Asia.East_Asia,332379.0,0.0,12.0,1172.0
5987,6.0,332379.0,鐵扇公主,0.43713401460647583,Q3275599,Geography.Regions.Asia.Asia*,332379.0,0.0,12.0,1172.0
5988,6.0,332379.0,鐵扇公主,0.20182321965694427,Q3275599,History_and_Society.History,332379.0,0.0,12.0,1172.0
5989,13.0,334294.0,已歇業航空公司列表,1.0,Q1757018,Compilation.List_Disambig,334294.0,1423.0893799246733,10.0,1305.0
5990,13.0,334294.0,已歇業航空公司列表,0.8221991658210754,Q1757018,STEM.STEM*,334294.0,1423.0893799246733,10.0,1305.0
5991,13.0,334294.0,已歇業航空公司列表,0.8031837940216064,Q1757018,History_and_Society.Transportation,334294.0,1423.0893799246733,10.0,1305.0
5992,13.0,334294.0,已歇業航空公司列表,0.7431780099868774,Q1757018,STEM.Engineering,334294.0,1423.0893799246733,10.0,1305.0
5993,13.0,334294.0,已歇業航空公司列表,0.15611489117145538,Q1757018,History_and_Society.Business_and_economics,334294.0,1423.0893799246733,10.0,1305.0
5994,13.0,334294.0,已歇業航空公司列表,0.0,Q1757018,Geography.Regions.Asia.Asia*,334294.0,1423.0893799246733,10.0,1305.0
5995,13.0,334294.0,已歇業航空公司列表,0.0,Q1757018,Geography.Regions.Europe.Europe*,334294.0,1423.0893799246733,10.0,1305.0
5996,6.0,334596.0,年代新聞台,0.9984612464904784,Q5384778,Culture.Biography.Biography*,334596.0,13106.125209736467,2.0,2657.0
5997,6.0,334596.0,年代新聞台,0.9980222582817078,Q5384778,History_and_Society.Society,334596.0,13106.125209736467,2.0,2657.0
5998,6.0,334596.0,年代新聞台,0.7981967926025391,Q5384778,Culture.Media.Television,334596.0,13106.125209736467,2.0,2657.0
5999,6.0,334596.0,年代新聞台,0.7057950496673584,Q5384778,Culture.Media.Media*,334596.0,13106.125209736467,2.0,2657.0
6000,6.0,334596.0,年代新聞台,0.4886818399429321,Q5384778,Geography.Regions.Asia.East_Asia,334596.0,13106.125209736467,2.0,2657.0
6001,6.0,334596.0,年代新聞台,0.4804634323120117,Q5384778,Geography.Regions.Asia.Asia*,334596.0,13106.125209736467,2.0,2657.0
6002,4.0,335248.0,昌平君,0.9496793746948242,Q985688,Culture.Biography.Biography*,335248.0,0.0,15.0,2200.0
6003,4.0,335248.0,昌平君,0.338743971824646,Q985688,Geography.Regions.Asia.East_Asia,335248.0,0.0,15.0,2200.0
6004,4.0,335248.0,昌平君,0.3257217874526977,Q985688,Geography.Regions.Asia.Asia*,335248.0,0.0,15.0,2200.0
6005,4.0,335248.0,昌平君,0.2227101624011993,Q985688,History_and_Society.History,335248.0,0.0,15.0,2200.0
6006,4.0,335248.0,昌平君,0.1968362182378769,Q985688,History_and_Society.Military_and_warfare,335248.0,0.0,15.0,2200.0
6007,4.0,335248.0,昌平君,0.0,Q985688,Geography.Regions.Europe.Europe*,335248.0,0.0,15.0,2200.0
6008,1.0,335288.0,野球拳,0.4455395638942719,Q8047282,STEM.STEM*,335288.0,0.0,4.0,1559.0
6009,1.0,335288.0,野球拳,0.1097157895565033,Q8047282,STEM.Computing,335288.0,0.0,4.0,1559.0
6010,1.0,335288.0,野球拳,0.1067005917429924,Q8047282,STEM.Technology,335288.0,0.0,4.0,1559.0
6011,1.0,335288.0,野球拳,0.10375863313674928,Q8047282,Culture.Philosophy_and_religion,335288.0,0.0,4.0,1559.0
6012,1.0,335288.0,野球拳,0.0,Q8047282,Geography.Regions.Europe.Europe*,335288.0,0.0,4.0,1559.0
6013,1.0,335288.0,野球拳,0.0,Q8047282,Geography.Regions.Asia.Asia*,335288.0,0.0,4.0,1559.0
6014,5.0,335291.0,亞馬遜雨林,1.0000100135803225,Q177567,Geography.Regions.Americas.South_America,335291.0,17267.054916889952,10.0,2743.0
6015,5.0,335291.0,亞馬遜雨林,0.7186043858528137,Q177567,Geography.Geographical,335291.0,17267.054916889952,10.0,2743.0
6016,5.0,335291.0,亞馬遜雨林,0.1259327530860901,Q177567,STEM.STEM*,335291.0,17267.054916889952,10.0,2743.0
6017,1.0,335448.0,姬胜德,0.994098961353302,Q6191341,Culture.Biography.Biography*,335448.0,0.0,1.0,2132.0
6018,1.0,335448.0,姬胜德,0.4845064153671265,Q6191341,Geography.Regions.Asia.East_Asia,335448.0,0.0,1.0,2132.0
6019,1.0,335448.0,姬胜德,0.4843900501728058,Q6191341,History_and_Society.Military_and_warfare,335448.0,0.0,1.0,2132.0
6020,1.0,335448.0,姬胜德,0.4753205647468567,Q6191341,Geography.Regions.Asia.Asia*,335448.0,0.0,1.0,2132.0
6021,9.0,335600.0,志田未來,0.9942797422409058,Q1202173,Culture.Biography.Biography*,335600.0,89226.35050214687,13.0,3061.0
6022,9.0,335600.0,志田未來,0.30218379402160644,Q1202173,Geography.Regions.Asia.Asia*,335600.0,89226.35050214687,13.0,3061.0
6023,9.0,335600.0,志田未來,0.2596606483459473,Q1202173,Geography.Regions.Asia.East_Asia,335600.0,89226.35050214687,13.0,3061.0
6024,9.0,335600.0,志田未來,0.24509501457214355,Q1202173,Culture.Media.Music,335600.0,89226.35050214687,13.0,3061.0
6025,2.0,335602.0,獵殺紅色十月號,0.94500470161438,Q5255573,Culture.Media.Books,335602.0,1007.8271603132672,5.0,1501.0
6026,2.0,335602.0,獵殺紅色十月號,0.9344051480293274,Q5255573,Culture.Media.Media*,335602.0,1007.8271603132672,5.0,1501.0
6027,2.0,335602.0,獵殺紅色十月號,0.9219318628311156,Q5255573,Culture.Literature,335602.0,1007.8271603132672,5.0,1501.0
6028,2.0,335602.0,獵殺紅色十月號,0.2814156115055084,Q5255573,History_and_Society.Military_and_warfare,335602.0,1007.8271603132672,5.0,1501.0
6029,2.0,335602.0,獵殺紅色十月號,0.0,Q5255573,Geography.Regions.Americas.North_America,335602.0,1007.8271603132672,5.0,1501.0
6030,1.0,335913.0,中小型企業,0.4843900501728058,Q622439,History_and_Society.Business_and_economics,335913.0,0.0,1.0,2919.0
6031,1.0,335913.0,中小型企業,0.3998216390609741,Q622439,STEM.STEM*,335913.0,0.0,1.0,2919.0
6032,1.0,335913.0,中小型企業,0.2227101624011993,Q622439,STEM.Technology,335913.0,0.0,1.0,2919.0
6033,1.0,335913.0,中小型企業,0.14805719256401062,Q622439,History_and_Society.Society,335913.0,0.0,1.0,2919.0
6034,1.0,335913.0,中小型企業,0.1067005917429924,Q622439,History_and_Society.Politics_and_government,335913.0,0.0,1.0,2919.0
6035,1.0,336011.0,互助會,0.8479777574539185,Q15146368,History_and_Society.Business_and_economics,336011.0,0.0,4.0,2685.0
6036,6.0,336750.0,拉什莫尔山,0.9836069941520692,Q83497,Geography.Regions.Americas.North_America,336750.0,35995.744802539826,6.0,2563.0
6037,6.0,336750.0,拉什莫尔山,0.9381340146064758,Q83497,Culture.Visual_arts.Visual_arts*,336750.0,35995.744802539826,6.0,2563.0
6038,6.0,336750.0,拉什莫尔山,0.6723417043685913,Q83497,Geography.Geographical,336750.0,35995.744802539826,6.0,2563.0
6039,6.0,336750.0,拉什莫尔山,0.320831298828125,Q83497,Culture.Visual_arts.Architecture,336750.0,35995.744802539826,6.0,2563.0
6040,18.0,337648.0,性侵犯,0.9553291201591492,Q673281,STEM.Medicine_&_Health,337648.0,92696.74874163044,4.0,2344.0
6041,18.0,337648.0,性侵犯,0.952584147453308,Q673281,STEM.STEM*,337648.0,92696.74874163044,4.0,2344.0
6042,18.0,337648.0,性侵犯,0.538993239402771,Q673281,History_and_Society.Politics_and_government,337648.0,92696.74874163044,4.0,2344.0
6043,18.0,337648.0,性侵犯,0.3702353835105896,Q673281,History_and_Society.Society,337648.0,92696.74874163044,4.0,2344.0
6044,18.0,337648.0,性侵犯,0.18714269995689392,Q673281,STEM.Earth_and_environment,337648.0,92696.74874163044,4.0,2344.0
6045,18.0,337648.0,性侵犯,0.1520422399044037,Q673281,Culture.Philosophy_and_religion,337648.0,92696.74874163044,4.0,2344.0
6046,1.0,337760.0,索多瑪一百二十天 (電影),0.9777238368988036,Q657977,Culture.Media.Films,337760.0,0.0,1.0,2696.0
6047,1.0,337760.0,索多瑪一百二十天 (電影),0.9697954058647156,Q657977,Culture.Media.Media*,337760.0,0.0,1.0,2696.0
6048,1.0,337760.0,索多瑪一百二十天 (電影),0.3007555902004242,Q657977,History_and_Society.Society,337760.0,0.0,1.0,2696.0
6049,1.0,337760.0,索多瑪一百二十天 (電影),0.23616819286346435,Q657977,Geography.Regions.Europe.Europe*,337760.0,0.0,1.0,2696.0
6050,1.0,337760.0,索多瑪一百二十天 (電影),0.0,Q657977,Geography.Regions.Europe.Southern_Europe,337760.0,0.0,1.0,2696.0
6051,1.0,337760.0,索多瑪一百二十天 (電影),0.0,Q657977,Geography.Regions.Europe.Western_Europe,337760.0,0.0,1.0,2696.0
6052,15.0,338683.0,东方卫视,0.880807101726532,Q3356288,Culture.Media.Television,338683.0,66542.92705591142,7.0,3425.0
6053,15.0,338683.0,东方卫视,0.8596737384796143,Q3356288,Culture.Media.Media*,338683.0,66542.92705591142,7.0,3425.0
6054,15.0,338683.0,东方卫视,0.3469777574539185,Q3356288,Geography.Regions.Asia.Asia*,338683.0,66542.92705591142,7.0,3425.0
6055,15.0,338683.0,东方卫视,0.2763098945617676,Q3356288,Geography.Regions.Asia.East_Asia,338683.0,66542.92705591142,7.0,3425.0
6056,3.0,339985.0,芭達雅,0.9886782765388488,Q170919,Geography.Regions.Asia.Asia*,339985.0,7408.654940099031,12.0,2621.0
6057,3.0,339985.0,芭達雅,0.9399233460426332,Q170919,Geography.Regions.Asia.Southeast_Asia,339985.0,7408.654940099031,12.0,2621.0
6058,3.0,339985.0,芭達雅,0.38492217659950256,Q170919,Geography.Geographical,339985.0,7408.654940099031,12.0,2621.0
6059,7.0,340243.0,那霸機場,0.99753737449646,Q1197455,Geography.Regions.Asia.East_Asia,340243.0,2702.176576538153,10.0,1003.0
6060,7.0,340243.0,那霸機場,0.9946250915527344,Q1197455,Geography.Regions.Asia.Asia*,340243.0,2702.176576538153,10.0,1003.0
6061,7.0,340243.0,那霸機場,0.98678719997406,Q1197455,History_and_Society.Transportation,340243.0,2702.176576538153,10.0,1003.0
6062,7.0,340243.0,那霸機場,0.9579222798347472,Q1197455,STEM.Engineering,340243.0,2702.176576538153,10.0,1003.0
6063,7.0,340243.0,那霸機場,0.9399233460426332,Q1197455,STEM.STEM*,340243.0,2702.176576538153,10.0,1003.0
6064,5.0,341660.0,鍾保羅,0.9770326614379884,Q700349,Culture.Biography.Biography*,341660.0,13771.397699650011,4.0,2799.0
6065,5.0,341660.0,鍾保羅,0.3509628047943115,Q700349,Geography.Regions.Asia.East_Asia,341660.0,13771.397699650011,4.0,2799.0
6066,5.0,341660.0,鍾保羅,0.2921159734725952,Q700349,Geography.Regions.Asia.Asia*,341660.0,13771.397699650011,4.0,2799.0
6067,5.0,341660.0,鍾保羅,0.1067005917429924,Q700349,Culture.Media.Media*,341660.0,13771.397699650011,4.0,2799.0
6068,1.0,342597.0,七千人大会,0.4569222798347473,Q10864514,Geography.Regions.Asia.East_Asia,342597.0,0.0,3.0,2377.0
6069,1.0,342597.0,七千人大会,0.4139109721183777,Q10864514,Geography.Regions.Asia.Asia*,342597.0,0.0,3.0,2377.0
6070,1.0,342597.0,七千人大会,0.14034625887870789,Q10864514,History_and_Society.Politics_and_government,342597.0,0.0,3.0,2377.0
6071,1.0,342597.0,七千人大会,0.1294127255678177,Q10864514,History_and_Society.Military_and_warfare,342597.0,0.0,3.0,2377.0
6072,3.0,344008.0,日不落帝国,0.6442351341247559,Q1211369,History_and_Society.History,344008.0,893.9482461713507,1.0,2692.0
6073,3.0,344008.0,日不落帝国,0.3257217874526977,Q1211369,Geography.Regions.Europe.Europe*,344008.0,893.9482461713507,1.0,2692.0
6074,3.0,344008.0,日不落帝国,0.2069040536880493,Q1211369,STEM.STEM*,344008.0,893.9482461713507,1.0,2692.0
6075,3.0,344008.0,日不落帝国,0.0991983880996704,Q1211369,Geography.Regions.Europe.Western_Europe,344008.0,893.9482461713507,1.0,2692.0
6076,3.0,344008.0,日不落帝国,0.0,Q1211369,Geography.Regions.Americas.Central_America,344008.0,893.9482461713507,1.0,2692.0
6077,3.0,344008.0,日不落帝国,0.0,Q1211369,Geography.Regions.Africa.Africa*,344008.0,893.9482461713507,1.0,2692.0
6078,3.0,344008.0,日不落帝国,0.0,Q1211369,Geography.Regions.Americas.South_America,344008.0,893.9482461713507,1.0,2692.0
6079,3.0,344008.0,日不落帝国,0.0,Q1211369,Geography.Regions.Asia.Asia*,344008.0,893.9482461713507,1.0,2692.0
6080,3.0,344008.0,日不落帝国,0.0,Q1211369,Geography.Regions.Asia.East_Asia,344008.0,893.9482461713507,1.0,2692.0
6081,3.0,344008.0,日不落帝国,0.0,Q1211369,Geography.Regions.Europe.Northern_Europe,344008.0,893.9482461713507,1.0,2692.0
6082,3.0,344008.0,日不落帝国,0.0,Q1211369,Geography.Regions.Asia.Southeast_Asia,344008.0,893.9482461713507,1.0,2692.0
6083,5.0,344943.0,慈湖陵寢,1.0000100135803225,Q5119906,Culture.Biography.Biography*,344943.0,71.18969935961249,5.0,2015.0
6084,5.0,344943.0,慈湖陵寢,0.9990094900131226,Q5119906,History_and_Society.Society,344943.0,71.18969935961249,5.0,2015.0
6085,5.0,344943.0,慈湖陵寢,0.9984612464904784,Q5119906,Geography.Regions.Asia.Asia*,344943.0,71.18969935961249,5.0,2015.0
6086,5.0,344943.0,慈湖陵寢,0.9979592561721802,Q5119906,Geography.Regions.Asia.East_Asia,344943.0,71.18969935961249,5.0,2015.0
6087,5.0,344943.0,慈湖陵寢,0.7186043858528137,Q5119906,Culture.Visual_arts.Architecture,344943.0,71.18969935961249,5.0,2015.0
6088,5.0,344943.0,慈湖陵寢,0.6297846436500549,Q5119906,Culture.Visual_arts.Visual_arts*,344943.0,71.18969935961249,5.0,2015.0
6089,5.0,344943.0,慈湖陵寢,0.19194278120994568,Q5119906,Culture.Philosophy_and_religion,344943.0,71.18969935961249,5.0,2015.0
6090,3.0,346432.0,顾顺章,0.6442351341247559,Q3109012,Culture.Biography.Biography*,346432.0,484.0530710705841,1.0,3128.0
6091,3.0,346432.0,顾顺章,0.4730526676177978,Q3109012,Geography.Regions.Asia.East_Asia,346432.0,484.0530710705841,1.0,3128.0
6092,3.0,346432.0,顾顺章,0.4501522054672241,Q3109012,Geography.Regions.Asia.Asia*,346432.0,484.0530710705841,1.0,3128.0
6093,3.0,346432.0,顾顺章,0.3140605390071869,Q3109012,History_and_Society.Politics_and_government,346432.0,484.0530710705841,1.0,3128.0
6094,3.0,346432.0,顾顺章,0.1732981950044632,Q3109012,History_and_Society.Military_and_warfare,346432.0,484.0530710705841,1.0,3128.0
6095,3.0,348498.0,王貽興,0.9919480085372924,Q9066782,Culture.Biography.Biography*,348498.0,4225.700372250146,12.0,2258.0
6096,3.0,348498.0,王貽興,0.40366052293777466,Q9066782,Geography.Regions.Asia.East_Asia,348498.0,4225.700372250146,12.0,2258.0
6097,3.0,348498.0,王貽興,0.3660457601547241,Q9066782,Geography.Regions.Asia.Asia*,348498.0,4225.700372250146,12.0,2258.0
6098,13.0,348713.0,凯瑟琳·泽塔-琼斯,0.9970290064811708,Q47664,Culture.Biography.Biography*,348713.0,48052.31304702188,6.0,2571.0
6099,13.0,348713.0,凯瑟琳·泽塔-琼斯,0.9916942119598388,Q47664,Culture.Biography.Women,348713.0,48052.31304702188,6.0,2571.0
6100,13.0,348713.0,凯瑟琳·泽塔-琼斯,0.3007555902004242,Q47664,Culture.Media.Media*,348713.0,48052.31304702188,6.0,2571.0
6101,13.0,348713.0,凯瑟琳·泽塔-琼斯,0.2942249774932861,Q47664,Culture.Performing_arts,348713.0,48052.31304702188,6.0,2571.0
6102,13.0,348713.0,凯瑟琳·泽塔-琼斯,0.20182321965694427,Q47664,Culture.Media.Music,348713.0,48052.31304702188,6.0,2571.0
6103,13.0,348713.0,凯瑟琳·泽塔-琼斯,0.15611489117145538,Q47664,History_and_Society.Society,348713.0,48052.31304702188,6.0,2571.0
6104,13.0,348713.0,凯瑟琳·泽塔-琼斯,0.1294127255678177,Q47664,Culture.Literature,348713.0,48052.31304702188,6.0,2571.0
6105,13.0,348713.0,凯瑟琳·泽塔-琼斯,0.1259327530860901,Q47664,History_and_Society.History,348713.0,48052.31304702188,6.0,2571.0
6106,13.0,348713.0,凯瑟琳·泽塔-琼斯,0.0,Q47664,Geography.Regions.Americas.North_America,348713.0,48052.31304702188,6.0,2571.0
6107,13.0,348713.0,凯瑟琳·泽塔-琼斯,0.0,Q47664,Geography.Regions.Europe.Europe*,348713.0,48052.31304702188,6.0,2571.0
6108,13.0,348713.0,凯瑟琳·泽塔-琼斯,0.0,Q47664,Geography.Regions.Europe.Northern_Europe,348713.0,48052.31304702188,6.0,2571.0
6109,7.0,348763.0,劉世芳,1.0000100135803225,Q6653712,Culture.Biography.Biography*,348763.0,12719.843093045403,2.0,1472.0
6110,7.0,348763.0,劉世芳,1.0000100135803225,Q6653712,History_and_Society.Society,348763.0,12719.843093045403,2.0,1472.0
6111,7.0,348763.0,劉世芳,0.9755869507789612,Q6653712,Culture.Biography.Women,348763.0,12719.843093045403,2.0,1472.0
6112,7.0,348763.0,劉世芳,0.4955265989303589,Q6653712,Geography.Regions.Asia.East_Asia,348763.0,12719.843093045403,2.0,1472.0
6113,7.0,348763.0,劉世芳,0.4916641583442688,Q6653712,Geography.Regions.Asia.Asia*,348763.0,12719.843093045403,2.0,1472.0
6114,10.0,349065.0,鈕承澤,1.0000100135803225,Q700064,Culture.Biography.Biography*,349065.0,30226.92789412471,4.0,12466.0
6115,10.0,349065.0,鈕承澤,0.7981967926025391,Q700064,History_and_Society.Society,349065.0,30226.92789412471,4.0,12466.0
6116,10.0,349065.0,鈕承澤,0.3469777574539185,Q700064,Geography.Regions.Asia.Asia*,349065.0,30226.92789412471,4.0,12466.0
6117,10.0,349065.0,鈕承澤,0.2816725244522095,Q700064,Geography.Regions.Asia.East_Asia,349065.0,30226.92789412471,4.0,12466.0
6118,3.0,349274.0,小笠原群岛,0.5078218579292297,Q243634,Geography.Regions.Asia.Asia*,349274.0,301.9969080511658,5.0,1474.0
6119,3.0,349274.0,小笠原群岛,0.5078218579292297,Q243634,Geography.Geographical,349274.0,301.9969080511658,5.0,1474.0
6120,3.0,349274.0,小笠原群岛,0.4225146472454071,Q243634,Geography.Regions.Asia.East_Asia,349274.0,301.9969080511658,5.0,1474.0
6121,3.0,349274.0,小笠原群岛,0.2568419873714447,Q243634,STEM.STEM*,349274.0,301.9969080511658,5.0,1474.0
6122,3.0,349274.0,小笠原群岛,0.14805719256401062,Q243634,Geography.Regions.Europe.Europe*,349274.0,301.9969080511658,5.0,1474.0
6123,3.0,349274.0,小笠原群岛,0.10375863313674928,Q243634,Geography.Regions.Americas.North_America,349274.0,301.9969080511658,5.0,1474.0
6124,2.0,349302.0,莎拉·布萊曼,0.997120440006256,Q151814,Culture.Biography.Biography*,349302.0,797.6288963536326,0.0,2210.0
6125,2.0,349302.0,莎拉·布萊曼,0.8175845146179199,Q151814,Culture.Media.Media*,349302.0,797.6288963536326,0.0,2210.0
6126,2.0,349302.0,莎拉·布萊曼,0.8031837940216064,Q151814,Culture.Media.Music,349302.0,797.6288963536326,0.0,2210.0
6127,2.0,349302.0,莎拉·布萊曼,0.4455395638942719,Q151814,Culture.Biography.Women,349302.0,797.6288963536326,0.0,2210.0
6128,2.0,349302.0,莎拉·布萊曼,0.3276783227920532,Q151814,Culture.Performing_arts,349302.0,797.6288963536326,0.0,2210.0
6129,2.0,349302.0,莎拉·布萊曼,0.0,Q151814,Geography.Regions.Europe.Europe*,349302.0,797.6288963536326,0.0,2210.0
6130,2.0,349735.0,陳震雷,0.9952548146247864,Q15908470,Culture.Biography.Biography*,349735.0,3942.0,4.0,3224.0
6131,2.0,349735.0,陳震雷,0.40734341740608215,Q15908470,History_and_Society.Society,349735.0,3942.0,4.0,3224.0
6132,2.0,349735.0,陳震雷,0.3893042674064636,Q15908470,Geography.Regions.Asia.Asia*,349735.0,3942.0,4.0,3224.0
6133,2.0,349735.0,陳震雷,0.3429050912857056,Q15908470,Geography.Regions.Asia.East_Asia,349735.0,3942.0,4.0,3224.0
6134,5.0,350096.0,中国水军史,0.21734751760959625,Q6647151,STEM.STEM*,350096.0,12290.343893446267,5.0,4409.0
6135,5.0,350096.0,中国水军史,0.1778208613395691,Q6647151,History_and_Society.Politics_and_government,350096.0,12290.343893446267,5.0,4409.0
6136,5.0,350096.0,中国水军史,0.16886694729328156,Q6647151,History_and_Society.Society,350096.0,12290.343893446267,5.0,4409.0
6137,5.0,350096.0,中国水军史,0.15611489117145538,Q6647151,History_and_Society.History,350096.0,12290.343893446267,5.0,4409.0
6138,5.0,350096.0,中国水军史,0.1520422399044037,Q6647151,History_and_Society.Military_and_warfare,350096.0,12290.343893446267,5.0,4409.0
6139,5.0,350096.0,中国水军史,0.11597072333097458,Q6647151,Culture.Philosophy_and_religion,350096.0,12290.343893446267,5.0,4409.0
6140,5.0,350096.0,中国水军史,0.0,Q6647151,Geography.Regions.Americas.North_America,350096.0,12290.343893446267,5.0,4409.0
6141,5.0,350096.0,中国水军史,0.0,Q6647151,Geography.Regions.Asia.Asia*,350096.0,12290.343893446267,5.0,4409.0
6142,5.0,350096.0,中国水军史,0.0,Q6647151,Geography.Regions.Europe.Europe*,350096.0,12290.343893446267,5.0,4409.0
6143,5.0,350096.0,中国水军史,0.0,Q6647151,Geography.Regions.Europe.Northern_Europe,350096.0,12290.343893446267,5.0,4409.0
6144,4.0,352276.0,水星-红石3号,0.9969346523284912,Q623903,STEM.Space,352276.0,0.0,10.0,848.0
6145,4.0,352276.0,水星-红石3号,0.996185541152954,Q623903,History_and_Society.Transportation,352276.0,0.0,10.0,848.0
6146,4.0,352276.0,水星-红石3号,0.994098961353302,Q623903,STEM.Technology,352276.0,0.0,10.0,848.0
6147,4.0,352276.0,水星-红石3号,0.9914325475692748,Q623903,STEM.STEM*,352276.0,0.0,10.0,848.0
6148,4.0,352276.0,水星-红石3号,0.0,Q623903,Geography.Regions.Americas.North_America,352276.0,0.0,10.0,848.0
6149,1.0,353947.0,天下五剑,0.3660457601547241,Q9973300,Geography.Regions.Asia.East_Asia,353947.0,0.0,13.0,2882.0
6150,1.0,353947.0,天下五剑,0.3469777574539185,Q9973300,Geography.Regions.Asia.Asia*,353947.0,0.0,13.0,2882.0
6151,1.0,353947.0,天下五剑,0.1520422399044037,Q9973300,Culture.Media.Media*,353947.0,0.0,13.0,2882.0
6152,1.0,353947.0,天下五剑,0.11597072333097458,Q9973300,STEM.STEM*,353947.0,0.0,13.0,2882.0
6153,1.0,354147.0,贾森·威廉姆斯,0.9987651705741882,Q372341,Culture.Biography.Biography*,354147.0,0.0,4.0,2694.0
6154,1.0,354147.0,贾森·威廉姆斯,0.9924327731132508,Q372341,Culture.Sports,354147.0,0.0,4.0,2694.0
6155,1.0,354147.0,贾森·威廉姆斯,0.270853506565094,Q372341,Geography.Regions.Americas.North_America,354147.0,0.0,4.0,2694.0
6156,5.0,355877.0,非正常死亡,0.8439050912857056,Q855919,History_and_Society.Politics_and_government,355877.0,1842.5899728580048,2.0,1044.0
6157,5.0,355877.0,非正常死亡,0.6442351341247559,Q855919,Culture.Biography.Biography*,355877.0,1842.5899728580048,2.0,1044.0
6158,5.0,355877.0,非正常死亡,0.4225146472454071,Q855919,STEM.STEM*,355877.0,1842.5899728580048,2.0,1044.0
6159,5.0,355877.0,非正常死亡,0.348655104637146,Q855919,History_and_Society.Society,355877.0,1842.5899728580048,2.0,1044.0
6160,5.0,355877.0,非正常死亡,0.3140605390071869,Q855919,STEM.Medicine_&_Health,355877.0,1842.5899728580048,2.0,1044.0
6161,5.0,355877.0,非正常死亡,0.2227101624011993,Q855919,Culture.Philosophy_and_religion,355877.0,1842.5899728580048,2.0,1044.0
6162,3.0,356374.0,大冰期,0.9963027834892272,Q49367,STEM.Earth_and_environment,356374.0,11269.592513608492,10.0,2868.0
6163,3.0,356374.0,大冰期,0.966924011707306,Q49367,STEM.STEM*,356374.0,11269.592513608492,10.0,2868.0
6164,3.0,356374.0,大冰期,0.7490972280502319,Q49367,History_and_Society.Society,356374.0,11269.592513608492,10.0,2868.0
6165,3.0,356374.0,大冰期,0.014629947185516357,Q49367,Geography.Regions.Europe.Europe*,356374.0,11269.592513608492,10.0,2868.0
6166,7.0,357279.0,戀戀風塵,0.9960646033287048,Q700474,Culture.Biography.Biography*,357279.0,14496.012377778608,12.0,5705.0
6167,7.0,357279.0,戀戀風塵,0.9855064153671264,Q700474,History_and_Society.Society,357279.0,14496.012377778608,12.0,5705.0
6168,7.0,357279.0,戀戀風塵,0.9566442370414734,Q700474,Culture.Media.Media*,357279.0,14496.012377778608,12.0,5705.0
6169,7.0,357279.0,戀戀風塵,0.9539760947227478,Q700474,Culture.Media.Films,357279.0,14496.012377778608,12.0,5705.0
6170,7.0,357279.0,戀戀風塵,0.4901626577377319,Q700474,Geography.Regions.Asia.East_Asia,357279.0,14496.012377778608,12.0,5705.0
6171,7.0,357279.0,戀戀風塵,0.4883575310707092,Q700474,Geography.Regions.Asia.Asia*,357279.0,14496.012377778608,12.0,5705.0
6172,2.0,357360.0,银河号事件,0.4688006341457367,Q8053742,History_and_Society.Military_and_warfare,357360.0,3942.0,3.0,3938.0
6173,2.0,357360.0,银河号事件,0.30218379402160644,Q8053742,Geography.Regions.Asia.Asia*,357360.0,3942.0,3.0,3938.0
6174,2.0,357360.0,银河号事件,0.20182321965694427,Q8053742,History_and_Society.Politics_and_government,357360.0,3942.0,3.0,3938.0
6175,2.0,357360.0,银河号事件,0.0,Q8053742,Geography.Regions.Asia.East_Asia,357360.0,3942.0,3.0,3938.0
6176,1.0,357983.0,沙祖康,0.9942797422409058,Q734953,Culture.Biography.Biography*,357983.0,0.0,3.0,2107.0
6177,1.0,357983.0,沙祖康,0.4901626577377319,Q734953,Geography.Regions.Asia.East_Asia,357983.0,0.0,3.0,2107.0
6178,1.0,357983.0,沙祖康,0.4760326614379883,Q734953,Geography.Regions.Asia.Asia*,357983.0,0.0,3.0,2107.0
6179,1.0,357983.0,沙祖康,0.11280541121959685,Q734953,History_and_Society.Politics_and_government,357983.0,0.0,3.0,2107.0
6180,3.0,358001.0,介子推,0.8634016513824463,Q10884021,Culture.Biography.Biography*,358001.0,10017.198099885794,11.0,2618.0
6181,3.0,358001.0,介子推,0.4955265989303589,Q10884021,Geography.Regions.Asia.Asia*,358001.0,10017.198099885794,11.0,2618.0
6182,3.0,358001.0,介子推,0.4904325475692749,Q10884021,Geography.Regions.Asia.East_Asia,358001.0,10017.198099885794,11.0,2618.0
6183,3.0,358001.0,介子推,0.3775506913661957,Q10884021,Culture.Philosophy_and_religion,358001.0,10017.198099885794,11.0,2618.0
6184,3.0,358204.0,梁靖琪,0.9935217499732972,Q855342,Culture.Biography.Biography*,358204.0,1910.8888714812088,12.0,2644.0
6185,3.0,358204.0,梁靖琪,0.3893042674064636,Q855342,Geography.Regions.Asia.East_Asia,358204.0,1910.8888714812088,12.0,2644.0
6186,3.0,358204.0,梁靖琪,0.30218379402160644,Q855342,Geography.Regions.Asia.Asia*,358204.0,1910.8888714812088,12.0,2644.0
6187,3.0,358204.0,梁靖琪,0.1778208613395691,Q855342,Culture.Media.Music,358204.0,1910.8888714812088,12.0,2644.0
6188,3.0,358204.0,梁靖琪,0.1732981950044632,Q855342,Culture.Media.Media*,358204.0,1910.8888714812088,12.0,2644.0
6189,3.0,358204.0,梁靖琪,0.15611489117145538,Q855342,Culture.Biography.Women,358204.0,1910.8888714812088,12.0,2644.0
6190,3.0,358204.0,梁靖琪,0.10088862478733064,Q855342,History_and_Society.Society,358204.0,1910.8888714812088,12.0,2644.0
6191,13.0,358307.0,梁君彥,0.9960646033287048,Q4757753,Culture.Biography.Biography*,358307.0,258.539172070287,3.0,1579.0
6192,13.0,358307.0,梁君彥,0.3344935646057129,Q4757753,Geography.Regions.Asia.Asia*,358307.0,258.539172070287,3.0,1579.0
6193,13.0,358307.0,梁君彥,0.311877357006073,Q4757753,Geography.Regions.Asia.East_Asia,358307.0,258.539172070287,3.0,1579.0
6194,7.0,359492.0,徐懷鈺,1.0000100135803225,Q717589,Culture.Biography.Biography*,359492.0,9608.092863328404,4.0,7762.0
6195,7.0,359492.0,徐懷鈺,0.754925012588501,Q717589,History_and_Society.Society,359492.0,9608.092863328404,4.0,7762.0
6196,7.0,359492.0,徐懷鈺,0.5000100135803223,Q717589,Culture.Biography.Women,359492.0,9608.092863328404,4.0,7762.0
6197,7.0,359492.0,徐懷鈺,0.4163126816749573,Q717589,Geography.Regions.Asia.East_Asia,359492.0,9608.092863328404,4.0,7762.0
6198,7.0,359492.0,徐懷鈺,0.37980710172653204,Q717589,Geography.Regions.Asia.Asia*,359492.0,9608.092863328404,4.0,7762.0
6199,7.0,359492.0,徐懷鈺,0.3140605390071869,Q717589,Culture.Media.Media*,359492.0,9608.092863328404,4.0,7762.0
6200,7.0,359492.0,徐懷鈺,0.26285186409950256,Q717589,Culture.Media.Music,359492.0,9608.092863328404,4.0,7762.0
6201,4.0,359617.0,松井秀喜,0.9991269707679749,Q954080,Culture.Biography.Biography*,359617.0,4116.105040008711,13.0,2319.0
6202,4.0,359617.0,松井秀喜,0.9863731861114502,Q954080,Culture.Sports,359617.0,4116.105040008711,13.0,2319.0
6203,4.0,359617.0,松井秀喜,0.0,Q954080,Geography.Regions.Asia.Asia*,359617.0,4116.105040008711,13.0,2319.0
6204,4.0,359617.0,松井秀喜,0.0,Q954080,Geography.Regions.Asia.East_Asia,359617.0,4116.105040008711,13.0,2319.0
6205,6.0,359643.0,香港特別行政區行政長官辦公室,0.311877357006073,Q7079344,Geography.Regions.Asia.Asia*,359643.0,1034.13552539453,3.0,2127.0
6206,6.0,359643.0,香港特別行政區行政長官辦公室,0.24809722805023196,Q7079344,Geography.Regions.Asia.East_Asia,359643.0,1034.13552539453,3.0,2127.0
6207,6.0,359643.0,香港特別行政區行政長官辦公室,0.16027602553367615,Q7079344,History_and_Society.Politics_and_government,359643.0,1034.13552539453,3.0,2127.0
6208,6.0,359643.0,香港特別行政區行政長官辦公室,0.15611489117145538,Q7079344,History_and_Society.Business_and_economics,359643.0,1034.13552539453,3.0,2127.0
6209,6.0,359643.0,香港特別行政區行政長官辦公室,0.14805719256401062,Q7079344,Culture.Biography.Women,359643.0,1034.13552539453,3.0,2127.0
6210,6.0,359643.0,香港特別行政區行政長官辦公室,0.11597072333097458,Q7079344,Culture.Biography.Biography*,359643.0,1034.13552539453,3.0,2127.0
6211,6.0,359643.0,香港特別行政區行政長官辦公室,0.1067005917429924,Q7079344,History_and_Society.Society,359643.0,1034.13552539453,3.0,2127.0
6212,2.0,359790.0,美聲男伶,0.9304682612419128,Q269813,Culture.Biography.Biography*,359790.0,0.0,13.0,2617.0
6213,2.0,359790.0,美聲男伶,0.7057950496673584,Q269813,Culture.Media.Music,359790.0,0.0,13.0,2617.0
6214,2.0,359790.0,美聲男伶,0.6513648629188538,Q269813,Culture.Media.Media*,359790.0,0.0,13.0,2617.0
6215,2.0,359790.0,美聲男伶,0.18495945835113525,Q269813,Geography.Regions.Europe.Europe*,359790.0,0.0,13.0,2617.0
6216,2.0,359790.0,美聲男伶,0.1520422399044037,Q269813,Culture.Biography.Women,359790.0,0.0,13.0,2617.0
6217,2.0,359790.0,美聲男伶,0.0,Q269813,Geography.Regions.Europe.Northern_Europe,359790.0,0.0,13.0,2617.0
6218,2.0,359790.0,美聲男伶,0.0,Q269813,Geography.Regions.Europe.Southern_Europe,359790.0,0.0,13.0,2617.0
6219,1.0,360192.0,梁芷珊,0.9970290064811708,Q9298018,Culture.Biography.Biography*,360192.0,0.0,12.0,3297.0
6220,1.0,360192.0,梁芷珊,0.7490972280502319,Q9298018,Culture.Biography.Women,360192.0,0.0,12.0,3297.0
6221,1.0,360192.0,梁芷珊,0.4873227348327637,Q9298018,Geography.Regions.Asia.East_Asia,360192.0,0.0,12.0,3297.0
6222,1.0,360192.0,梁芷珊,0.4581643214225769,Q9298018,Geography.Regions.Asia.Asia*,360192.0,0.0,12.0,3297.0
6223,1.0,360192.0,梁芷珊,0.11280541121959685,Q9298018,Culture.Media.Media*,360192.0,0.0,12.0,3297.0
6224,4.0,360738.0,最愛女人購物狂,0.9539760947227478,Q863328,Culture.Media.Films,360738.0,117.70463492401178,12.0,978.0
6225,4.0,360738.0,最愛女人購物狂,0.94500470161438,Q863328,Culture.Media.Media*,360738.0,117.70463492401178,12.0,978.0
6226,4.0,360738.0,最愛女人購物狂,0.4937898983955383,Q863328,Geography.Regions.Asia.East_Asia,360738.0,117.70463492401178,12.0,978.0
6227,4.0,360738.0,最愛女人購物狂,0.4849463572502136,Q863328,Geography.Regions.Asia.Asia*,360738.0,117.70463492401178,12.0,978.0
6228,5.0,360849.0,中华人民共和国外交部发言人,0.8903042674064636,Q4528843,History_and_Society.Politics_and_government,360849.0,3984.0345613558025,5.0,2904.0
6229,5.0,360849.0,中华人民共和国外交部发言人,0.3862146010398865,Q4528843,Geography.Regions.Asia.Asia*,360849.0,3984.0345613558025,5.0,2904.0
6230,5.0,360849.0,中华人民共和国外交部发言人,0.3140605390071869,Q4528843,Culture.Philosophy_and_religion,360849.0,3984.0345613558025,5.0,2904.0
6231,5.0,360849.0,中华人民共和国外交部发言人,0.311877357006073,Q4528843,Geography.Regions.Asia.East_Asia,360849.0,3984.0345613558025,5.0,2904.0
6232,5.0,360849.0,中华人民共和国外交部发言人,0.1097157895565033,Q4528843,History_and_Society.Military_and_warfare,360849.0,3984.0345613558025,5.0,2904.0
6233,6.0,361893.0,圖-154,0.9958112239837646,Q172957,History_and_Society.Military_and_warfare,361893.0,2976.537383382799,5.0,1486.0
6234,6.0,361893.0,圖-154,0.9863731861114502,Q172957,History_and_Society.Transportation,361893.0,2976.537383382799,5.0,1486.0
6235,6.0,361893.0,圖-154,0.9770326614379884,Q172957,STEM.Engineering,361893.0,2976.537383382799,5.0,1486.0
6236,6.0,361893.0,圖-154,0.9539760947227478,Q172957,STEM.STEM*,361893.0,2976.537383382799,5.0,1486.0
6237,6.0,361893.0,圖-154,0.6370407938957214,Q172957,History_and_Society.Society,361893.0,2976.537383382799,5.0,1486.0
6238,6.0,361893.0,圖-154,0.04574816131591797,Q172957,Geography.Regions.Europe.Europe*,361893.0,2976.537383382799,5.0,1486.0
6239,6.0,361893.0,圖-154,0.022430347442626952,Q172957,Geography.Regions.Asia.Asia*,361893.0,2976.537383382799,5.0,1486.0
6240,6.0,361893.0,圖-154,0.0,Q172957,Geography.Regions.Europe.Eastern_Europe,361893.0,2976.537383382799,5.0,1486.0
6241,6.0,361893.0,圖-154,0.0,Q172957,Geography.Regions.Asia.North_Asia,361893.0,2976.537383382799,5.0,1486.0
6242,4.0,362062.0,三角洲部隊,0.9539760947227478,Q209114,History_and_Society.Military_and_warfare,362062.0,2069.774308835349,17.0,3165.0
6243,4.0,362062.0,三角洲部隊,0.4378334879875183,Q209114,Geography.Regions.Americas.North_America,362062.0,2069.774308835349,17.0,3165.0
6244,4.0,362062.0,三角洲部隊,0.1732981950044632,Q209114,History_and_Society.Politics_and_government,362062.0,2069.774308835349,17.0,3165.0
6245,6.0,362898.0,楊寶玲,0.9890230894088744,Q7155105,Culture.Biography.Biography*,362898.0,4277.293790068125,7.0,2157.0
6246,6.0,362898.0,楊寶玲,0.40734341740608215,Q7155105,Culture.Biography.Women,362898.0,4277.293790068125,7.0,2157.0
6247,6.0,362898.0,楊寶玲,0.13604079389572146,Q7155105,Geography.Regions.Asia.East_Asia,362898.0,4277.293790068125,7.0,2157.0
6248,6.0,362898.0,楊寶玲,0.0991983880996704,Q7155105,Geography.Regions.Asia.Asia*,362898.0,4277.293790068125,7.0,2157.0
6249,27.0,363857.0,戴维·卡梅伦,0.998803436756134,Q192,Culture.Biography.Biography*,363857.0,3341.534026384156,1.0,4739.0
6250,27.0,363857.0,戴维·卡梅伦,0.9715740084648132,Q192,History_and_Society.Politics_and_government,363857.0,3341.534026384156,1.0,4739.0
6251,27.0,363857.0,戴维·卡梅伦,0.4301573634147644,Q192,History_and_Society.Education,363857.0,3341.534026384156,1.0,4739.0
6252,27.0,363857.0,戴维·卡梅伦,0.30218379402160644,Q192,Geography.Regions.Europe.Europe*,363857.0,3341.534026384156,1.0,4739.0
6253,27.0,363857.0,戴维·卡梅伦,0.270853506565094,Q192,Geography.Regions.Europe.Northern_Europe,363857.0,3341.534026384156,1.0,4739.0
6254,27.0,363857.0,戴维·卡梅伦,0.13297423720359802,Q192,History_and_Society.Business_and_economics,363857.0,3341.534026384156,1.0,4739.0
6255,27.0,363857.0,戴维·卡梅伦,0.13297423720359802,Q192,History_and_Society.Society,363857.0,3341.534026384156,1.0,4739.0
6256,1.0,363907.0,奧托·斯科爾茲內,0.9976868629455566,Q89383,Culture.Biography.Biography*,363907.0,0.0,10.0,1636.0
6257,1.0,363907.0,奧托·斯科爾茲內,0.9073222279548644,Q89383,History_and_Society.Military_and_warfare,363907.0,0.0,10.0,1636.0
6258,1.0,363907.0,奧托·斯科爾茲內,0.4334051480293274,Q89383,Geography.Regions.Europe.Europe*,363907.0,0.0,10.0,1636.0
6259,1.0,363907.0,奧托·斯科爾茲內,0.37980710172653204,Q89383,Geography.Regions.Europe.Western_Europe,363907.0,0.0,10.0,1636.0
6260,1.0,363907.0,奧托·斯科爾茲內,0.1778208613395691,Q89383,STEM.STEM*,363907.0,0.0,10.0,1636.0
6261,4.0,364165.0,摩加迪沙之戰,0.7431780099868774,Q52226,History_and_Society.Military_and_warfare,364165.0,1769.9694345574771,17.0,4300.0
6262,4.0,364165.0,摩加迪沙之戰,0.4455395638942719,Q52226,Geography.Regions.Africa.Africa*,364165.0,1769.9694345574771,17.0,4300.0
6263,4.0,364165.0,摩加迪沙之戰,0.13297423720359802,Q52226,Geography.Regions.Africa.Eastern_Africa,364165.0,1769.9694345574771,17.0,4300.0
6264,7.0,365323.0,泰国历史,0.5156299471855164,Q379391,History_and_Society.History,365323.0,14052.684124710013,1.0,1891.0
6265,7.0,365323.0,泰国历史,0.4986179938316345,Q379391,Geography.Regions.Asia.Southeast_Asia,365323.0,14052.684124710013,1.0,1891.0
6266,7.0,365323.0,泰国历史,0.4973093142509461,Q379391,Geography.Regions.Asia.Asia*,365323.0,14052.684124710013,1.0,1891.0
6267,3.0,366510.0,周守訓,1.0000100135803225,Q8274199,Culture.Biography.Biography*,366510.0,2923.8370225463964,2.0,989.0
6268,3.0,366510.0,周守訓,0.9802908897399902,Q8274199,History_and_Society.Society,366510.0,2923.8370225463964,2.0,989.0
6269,3.0,366510.0,周守訓,0.459371196269989,Q8274199,Geography.Regions.Asia.East_Asia,366510.0,2923.8370225463964,2.0,989.0
6270,3.0,366510.0,周守訓,0.3469777574539185,Q8274199,Geography.Regions.Asia.Asia*,366510.0,2923.8370225463964,2.0,989.0
6271,21.0,366971.0,李慧琼,0.9850529432296752,Q1548856,Culture.Biography.Biography*,366971.0,9253.79711085777,3.0,2686.0
6272,21.0,366971.0,李慧琼,0.4975549449920654,Q1548856,Geography.Regions.Asia.East_Asia,366971.0,9253.79711085777,3.0,2686.0
6273,21.0,366971.0,李慧琼,0.4883575310707092,Q1548856,Geography.Regions.Asia.Asia*,366971.0,9253.79711085777,3.0,2686.0
6274,1.0,367435.0,20世紀少年,0.960371196269989,Q91458,Culture.Visual_arts.Comics_and_Anime,367435.0,0.0,16.0,2177.0
6275,1.0,367435.0,20世紀少年,0.9149109721183776,Q91458,Culture.Visual_arts.Visual_arts*,367435.0,0.0,16.0,2177.0
6276,1.0,367435.0,20世紀少年,0.9046605229377748,Q91458,Culture.Literature,367435.0,0.0,16.0,2177.0
6277,1.0,367435.0,20世紀少年,0.8991314172744751,Q91458,Culture.Media.Media*,367435.0,0.0,16.0,2177.0
6278,1.0,367435.0,20世紀少年,0.8311530351638794,Q91458,Culture.Media.Films,367435.0,0.0,16.0,2177.0
6279,1.0,367435.0,20世紀少年,0.3998216390609741,Q91458,Culture.Media.Entertainment,367435.0,0.0,16.0,2177.0
6280,1.0,367435.0,20世紀少年,0.338743971824646,Q91458,Geography.Regions.Asia.East_Asia,367435.0,0.0,16.0,2177.0
6281,1.0,367435.0,20世紀少年,0.16442059183120727,Q91458,Geography.Regions.Asia.Asia*,367435.0,0.0,16.0,2177.0
6282,1.0,367435.0,20世紀少年,0.14805719256401062,Q91458,Culture.Media.Television,367435.0,0.0,16.0,2177.0
6283,3.0,367609.0,印何闐,0.9796776771545409,Q131171,Culture.Biography.Biography*,367609.0,144.46521230495847,6.0,2369.0
6284,3.0,367609.0,印何闐,0.6654205918312073,Q131171,History_and_Society.History,367609.0,144.46521230495847,6.0,2369.0
6285,3.0,367609.0,印何闐,0.16027602553367615,Q131171,STEM.STEM*,367609.0,144.46521230495847,6.0,2369.0
6286,3.0,367609.0,印何闐,0.0,Q131171,Geography.Regions.Europe.Europe*,367609.0,144.46521230495847,6.0,2369.0
6287,3.0,367609.0,印何闐,0.0,Q131171,Geography.Regions.Africa.Africa*,367609.0,144.46521230495847,6.0,2369.0
6288,3.0,367609.0,印何闐,0.0,Q131171,Geography.Regions.Africa.Northern_Africa,367609.0,144.46521230495847,6.0,2369.0
6289,3.0,368158.0,呂有慧,0.9783946871757508,Q9120986,Culture.Biography.Biography*,368158.0,4436.507129471126,12.0,2351.0
6290,3.0,368158.0,呂有慧,0.13661839067935946,Q9120986,Culture.Biography.Women,368158.0,4436.507129471126,12.0,2351.0
6291,3.0,368158.0,呂有慧,0.0,Q9120986,Geography.Regions.Asia.East_Asia,368158.0,4436.507129471126,12.0,2351.0
6292,3.0,368158.0,呂有慧,0.0,Q9120986,Geography.Regions.Asia.Asia*,368158.0,4436.507129471126,12.0,2351.0
6293,2.0,369398.0,英烈千秋,0.94500470161438,Q15954373,Culture.Media.Media*,369398.0,575.0522239108378,2.0,1533.0
6294,2.0,369398.0,英烈千秋,0.8479777574539185,Q15954373,Culture.Media.Films,369398.0,575.0522239108378,2.0,1533.0
6295,2.0,369398.0,英烈千秋,0.8354935646057129,Q15954373,History_and_Society.Society,369398.0,575.0522239108378,2.0,1533.0
6296,2.0,369398.0,英烈千秋,0.585111141204834,Q15954373,Culture.Biography.Biography*,369398.0,575.0522239108378,2.0,1533.0
6297,2.0,369398.0,英烈千秋,0.4730526676177978,Q15954373,Geography.Regions.Asia.East_Asia,369398.0,575.0522239108378,2.0,1533.0
6298,2.0,369398.0,英烈千秋,0.4669093360900879,Q15954373,Geography.Regions.Asia.Asia*,369398.0,575.0522239108378,2.0,1533.0
6299,3.0,369719.0,CM-11勇虎式戰車,1.0000100135803225,Q10846701,Culture.Biography.Biography*,369719.0,3966.708852250401,5.0,2720.0
6300,3.0,369719.0,CM-11勇虎式戰車,1.0000100135803225,Q10846701,History_and_Society.Society,369719.0,3966.708852250401,5.0,2720.0
6301,3.0,369719.0,CM-11勇虎式戰車,0.4986300339698792,Q10846701,Geography.Regions.Asia.East_Asia,369719.0,3966.708852250401,5.0,2720.0
6302,3.0,369719.0,CM-11勇虎式戰車,0.4954163899421692,Q10846701,Geography.Regions.Asia.Asia*,369719.0,3966.708852250401,5.0,2720.0
6303,3.0,369719.0,CM-11勇虎式戰車,0.4225146472454071,Q10846701,Culture.Media.Media*,369719.0,3966.708852250401,5.0,2720.0
6304,3.0,369719.0,CM-11勇虎式戰車,0.3702353835105896,Q10846701,STEM.STEM*,369719.0,3966.708852250401,5.0,2720.0
6305,3.0,369719.0,CM-11勇虎式戰車,0.2509227991104126,Q10846701,Culture.Food_and_drink,369719.0,3966.708852250401,5.0,2720.0
6306,3.0,369719.0,CM-11勇虎式戰車,0.22816647589206696,Q10846701,Culture.Visual_arts.Visual_arts*,369719.0,3966.708852250401,5.0,2720.0
6307,3.0,369719.0,CM-11勇虎式戰車,0.2069040536880493,Q10846701,Culture.Visual_arts.Architecture,369719.0,3966.708852250401,5.0,2720.0
6308,3.0,369719.0,CM-11勇虎式戰車,0.11280541121959685,Q10846701,History_and_Society.Military_and_warfare,369719.0,3966.708852250401,5.0,2720.0
6309,3.0,369719.0,CM-11勇虎式戰車,0.10375863313674928,Q10846701,Culture.Media.Music,369719.0,3966.708852250401,5.0,2720.0
6310,5.0,372586.0,赌侠,0.9615437984466552,Q3109670,Culture.Media.Media*,372586.0,6989.5047749831565,12.0,2917.0
6311,5.0,372586.0,赌侠,0.8991314172744751,Q3109670,Culture.Media.Films,372586.0,6989.5047749831565,12.0,2917.0
6312,5.0,372586.0,赌侠,0.4515841474533081,Q3109670,Geography.Regions.Asia.East_Asia,372586.0,6989.5047749831565,12.0,2917.0
6313,5.0,372586.0,赌侠,0.4089169969558716,Q3109670,Geography.Regions.Asia.Asia*,372586.0,6989.5047749831565,12.0,2917.0
6314,5.0,372904.0,日本皇室,0.4977651705741882,Q909452,Geography.Regions.Asia.East_Asia,372904.0,12316.239265048289,13.0,2840.0
6315,5.0,372904.0,日本皇室,0.4946784844398498,Q909452,Geography.Regions.Asia.Asia*,372904.0,12316.239265048289,13.0,2840.0
6316,5.0,372904.0,日本皇室,0.13661839067935946,Q909452,History_and_Society.History,372904.0,12316.239265048289,13.0,2840.0
6317,5.0,372904.0,日本皇室,0.10375863313674928,Q909452,Culture.Philosophy_and_religion,372904.0,12316.239265048289,13.0,2840.0
6318,3.0,374010.0,北京协和医学院,0.952584147453308,Q3372325,Geography.Regions.Asia.East_Asia,374010.0,5244.335194624143,2.0,1502.0
6319,3.0,374010.0,北京协和医学院,0.8840492963790894,Q3372325,History_and_Society.Education,374010.0,5244.335194624143,2.0,1502.0
6320,3.0,374010.0,北京协和医学院,0.8596737384796143,Q3372325,Geography.Regions.Asia.Asia*,374010.0,5244.335194624143,2.0,1502.0
6321,3.0,374010.0,北京协和医学院,0.13661839067935946,Q3372325,STEM.Medicine_&_Health,374010.0,5244.335194624143,2.0,1502.0
6322,3.0,374010.0,北京协和医学院,0.10088862478733064,Q3372325,STEM.STEM*,374010.0,5244.335194624143,2.0,1502.0
6323,6.0,375564.0,林黛,0.9875783920288086,Q539556,Culture.Biography.Biography*,375564.0,1640.5606793773377,12.0,3093.0
6324,6.0,375564.0,林黛,0.4843900501728058,Q539556,Culture.Biography.Women,375564.0,1640.5606793773377,12.0,3093.0
6325,6.0,375564.0,林黛,0.4471645226478577,Q539556,Geography.Regions.Asia.East_Asia,375564.0,1640.5606793773377,12.0,3093.0
6326,6.0,375564.0,林黛,0.3730872144699097,Q539556,Geography.Regions.Asia.Asia*,375564.0,1640.5606793773377,12.0,3093.0
6327,6.0,375564.0,林黛,0.1097157895565033,Q539556,Culture.Media.Media*,375564.0,1640.5606793773377,12.0,3093.0
6328,5.0,376460.0,诺罗敦·西哈努克,0.9980222582817078,Q160318,Culture.Biography.Biography*,376460.0,3071.091987665544,1.0,2110.0
6329,5.0,376460.0,诺罗敦·西哈努克,0.32119916582107544,Q160318,Geography.Regions.Asia.Asia*,376460.0,3071.091987665544,1.0,2110.0
6330,5.0,376460.0,诺罗敦·西哈努克,0.2816725244522095,Q160318,Geography.Regions.Asia.Southeast_Asia,376460.0,3071.091987665544,1.0,2110.0
6331,5.0,376460.0,诺罗敦·西哈努克,0.0,Q160318,Geography.Regions.Europe.Europe*,376460.0,3071.091987665544,1.0,2110.0
6332,11.0,377131.0,切斯特·威廉·尼米兹,0.9978272914886476,Q217645,Culture.Biography.Biography*,377131.0,31391.730772074287,5.0,2654.0
6333,11.0,377131.0,切斯特·威廉·尼米兹,0.9688661694526672,Q217645,History_and_Society.Military_and_warfare,377131.0,31391.730772074287,5.0,2654.0
6334,11.0,377131.0,切斯特·威廉·尼米兹,0.2069040536880493,Q217645,STEM.STEM*,377131.0,31391.730772074287,5.0,2654.0
6335,11.0,377131.0,切斯特·威廉·尼米兹,0.14805719256401062,Q217645,STEM.Engineering,377131.0,31391.730772074287,5.0,2654.0
6336,11.0,377131.0,切斯特·威廉·尼米兹,0.14415885508060455,Q217645,History_and_Society.Transportation,377131.0,31391.730772074287,5.0,2654.0
6337,11.0,377131.0,切斯特·威廉·尼米兹,0.13661839067935946,Q217645,History_and_Society.Politics_and_government,377131.0,31391.730772074287,5.0,2654.0
6338,11.0,377131.0,切斯特·威廉·尼米兹,0.07650540971755981,Q217645,Geography.Regions.Americas.North_America,377131.0,31391.730772074287,5.0,2654.0
6339,11.0,377131.0,切斯特·威廉·尼米兹,0.0,Q217645,Geography.Regions.Asia.Asia*,377131.0,31391.730772074287,5.0,2654.0
6340,11.0,377131.0,切斯特·威廉·尼米兹,0.0,Q217645,Geography.Regions.Europe.Europe*,377131.0,31391.730772074287,5.0,2654.0
6341,1.0,378280.0,人間四月天,0.9637899398803712,Q10883640,Culture.Media.Media*,378280.0,0.0,4.0,2762.0
6342,1.0,378280.0,人間四月天,0.8840492963790894,Q10883640,Culture.Media.Television,378280.0,0.0,4.0,2762.0
6343,1.0,378280.0,人間四月天,0.7773098945617676,Q10883640,Culture.Biography.Biography*,378280.0,0.0,4.0,2762.0
6344,1.0,378280.0,人間四月天,0.4455395638942719,Q10883640,History_and_Society.Society,378280.0,0.0,4.0,2762.0
6345,1.0,378280.0,人間四月天,0.38304929637908935,Q10883640,Geography.Regions.Asia.East_Asia,378280.0,0.0,4.0,2762.0
6346,1.0,378280.0,人間四月天,0.2814156115055084,Q10883640,Culture.Media.Films,378280.0,0.0,4.0,2762.0
6347,1.0,378280.0,人間四月天,0.2596606483459473,Q10883640,Geography.Regions.Asia.Asia*,378280.0,0.0,4.0,2762.0
6348,1.0,378280.0,人間四月天,0.0,Q10883640,Geography.Regions.Europe.Europe*,378280.0,0.0,4.0,2762.0
6349,1.0,378280.0,人間四月天,0.0,Q10883640,Geography.Regions.Americas.North_America,378280.0,0.0,4.0,2762.0
6350,1.0,378378.0,台中李方艾美酒店,0.9241518378257751,Q5579712,Geography.Regions.Asia.Asia*,378378.0,0.0,3.0,3468.0
6351,1.0,378378.0,台中李方艾美酒店,0.9124462008476256,Q5579712,Geography.Regions.Asia.East_Asia,378378.0,0.0,3.0,3468.0
6352,1.0,378378.0,台中李方艾美酒店,0.839743971824646,Q5579712,Culture.Visual_arts.Architecture,378378.0,0.0,3.0,3468.0
6353,1.0,378378.0,台中李方艾美酒店,0.7826725244522095,Q5579712,Culture.Visual_arts.Visual_arts*,378378.0,0.0,3.0,3468.0
6354,1.0,378378.0,台中李方艾美酒店,0.7490972280502319,Q5579712,History_and_Society.Society,378378.0,0.0,3.0,3468.0
6355,1.0,378378.0,台中李方艾美酒店,0.5312193632125854,Q5579712,Culture.Biography.Biography*,378378.0,0.0,3.0,3468.0
6356,3.0,378657.0,伊朗伊斯蘭革命,0.38492217659950256,Q126065,History_and_Society.Politics_and_government,378657.0,2300.164478477965,1.0,2085.0
6357,3.0,378657.0,伊朗伊斯蘭革命,0.3509628047943115,Q126065,Geography.Regions.Asia.Asia*,378657.0,2300.164478477965,1.0,2085.0
6358,3.0,378657.0,伊朗伊斯蘭革命,0.2689514458179474,Q126065,History_and_Society.Military_and_warfare,378657.0,2300.164478477965,1.0,2085.0
6359,3.0,378657.0,伊朗伊斯蘭革命,0.23616819286346435,Q126065,Geography.Regions.Asia.West_Asia,378657.0,2300.164478477965,1.0,2085.0
6360,5.0,379051.0,桃色敲詐,0.7879412174224854,Q4840868,Culture.Internet_culture,379051.0,9995.368469170016,12.0,2547.0
6361,5.0,379051.0,桃色敲詐,0.546748161315918,Q4840868,History_and_Society.Business_and_economics,379051.0,9995.368469170016,12.0,2547.0
6362,5.0,379051.0,桃色敲詐,0.38492217659950256,Q4840868,Culture.Media.Media*,379051.0,9995.368469170016,12.0,2547.0
6363,5.0,379051.0,桃色敲詐,0.3140605390071869,Q4840868,History_and_Society.Politics_and_government,379051.0,9995.368469170016,12.0,2547.0
6364,5.0,379051.0,桃色敲詐,0.287777841091156,Q4840868,Culture.Linguistics,379051.0,9995.368469170016,12.0,2547.0
6365,5.0,379051.0,桃色敲詐,0.275139719247818,Q4840868,STEM.Technology,379051.0,9995.368469170016,12.0,2547.0
6366,5.0,379051.0,桃色敲詐,0.1824355274438858,Q4840868,Culture.Media.Software,379051.0,9995.368469170016,12.0,2547.0
6367,5.0,379051.0,桃色敲詐,0.12253321707248688,Q4840868,Culture.Media.Video_games,379051.0,9995.368469170016,12.0,2547.0
6368,2.0,379676.0,鬼丸,0.38492217659950256,Q10566900,STEM.STEM*,379676.0,3942.0,13.0,1332.0
6369,1.0,381234.0,特拉華河,0.9433575868606568,Q143762,Geography.Geographical,381234.0,0.0,5.0,820.0
6370,1.0,381234.0,特拉華河,0.7248802781105042,Q143762,Geography.Regions.Americas.North_America,381234.0,0.0,5.0,820.0
6371,1.0,381234.0,特拉華河,0.22816647589206696,Q143762,History_and_Society.Society,381234.0,0.0,5.0,820.0
6372,1.0,381234.0,特拉華河,0.10088862478733064,Q143762,Geography.Regions.Europe.Europe*,381234.0,0.0,5.0,820.0
6373,2.0,381604.0,日本內閣總理大臣列表,1.0,Q243185,Compilation.List_Disambig,381604.0,267.35842433429315,13.0,2566.0
6374,2.0,381604.0,日本內閣總理大臣列表,0.33459946513175964,Q243185,Culture.Biography.Biography*,381604.0,267.35842433429315,13.0,2566.0
6375,2.0,381604.0,日本內閣總理大臣列表,0.13661839067935946,Q243185,History_and_Society.Politics_and_government,381604.0,267.35842433429315,13.0,2566.0
6376,2.0,381604.0,日本內閣總理大臣列表,0.13661839067935946,Q243185,History_and_Society.Military_and_warfare,381604.0,267.35842433429315,13.0,2566.0
6377,2.0,381604.0,日本內閣總理大臣列表,0.1259327530860901,Q243185,Culture.Sports,381604.0,267.35842433429315,13.0,2566.0
6378,2.0,381604.0,日本內閣總理大臣列表,0.11280541121959685,Q243185,STEM.STEM*,381604.0,267.35842433429315,13.0,2566.0
6379,2.0,381604.0,日本內閣總理大臣列表,0.1067005917429924,Q243185,History_and_Society.Society,381604.0,267.35842433429315,13.0,2566.0
6380,2.0,381604.0,日本內閣總理大臣列表,0.10375863313674928,Q243185,History_and_Society.History,381604.0,267.35842433429315,13.0,2566.0
6381,2.0,381604.0,日本內閣總理大臣列表,0.0,Q243185,Geography.Regions.Europe.Europe*,381604.0,267.35842433429315,13.0,2566.0
6382,2.0,381604.0,日本內閣總理大臣列表,0.0,Q243185,Geography.Regions.Asia.Asia*,381604.0,267.35842433429315,13.0,2566.0
6383,2.0,381604.0,日本內閣總理大臣列表,0.0,Q243185,Geography.Regions.Europe.Eastern_Europe,381604.0,267.35842433429315,13.0,2566.0
6384,2.0,381604.0,日本內閣總理大臣列表,0.0,Q243185,Geography.Regions.Americas.North_America,381604.0,267.35842433429315,13.0,2566.0
6385,1.0,382057.0,陳淑芬,0.9783946871757508,Q17164323,Culture.Biography.Biography*,382057.0,0.0,12.0,3080.0
6386,1.0,382057.0,陳淑芬,0.3775506913661957,Q17164323,Culture.Media.Music,382057.0,0.0,12.0,3080.0
6387,1.0,382057.0,陳淑芬,0.3557848632335663,Q17164323,Culture.Biography.Women,382057.0,0.0,12.0,3080.0
6388,1.0,382057.0,陳淑芬,0.16027602553367615,Q17164323,Culture.Media.Media*,382057.0,0.0,12.0,3080.0
6389,1.0,382057.0,陳淑芬,0.08411114120483397,Q17164323,Geography.Regions.Asia.East_Asia,382057.0,0.0,12.0,3080.0
6390,1.0,382057.0,陳淑芬,0.0,Q17164323,Geography.Regions.Asia.Asia*,382057.0,0.0,12.0,3080.0
6391,2.0,382270.0,中產階級,0.6001983880996704,Q241588,History_and_Society.Society,382270.0,192.21220846306736,1.0,3659.0
6392,2.0,382270.0,中產階級,0.19194278120994568,Q241588,History_and_Society.Business_and_economics,382270.0,192.21220846306736,1.0,3659.0
6393,2.0,382270.0,中產階級,0.18714269995689392,Q241588,STEM.STEM*,382270.0,192.21220846306736,1.0,3659.0
6394,2.0,382270.0,中產階級,0.1520422399044037,Q241588,History_and_Society.Politics_and_government,382270.0,192.21220846306736,1.0,3659.0
6395,2.0,382270.0,中產階級,0.10375863313674928,Q241588,Culture.Philosophy_and_religion,382270.0,192.21220846306736,1.0,3659.0
6396,2.0,382270.0,中產階級,0.0,Q241588,Geography.Regions.Europe.Europe*,382270.0,192.21220846306736,1.0,3659.0
6397,3.0,382322.0,無間道風雲,0.9955416321754456,Q172975,Culture.Media.Films,382322.0,7420.826401855171,6.0,2734.0
6398,3.0,382322.0,無間道風雲,0.9908843636512756,Q172975,Culture.Media.Media*,382322.0,7420.826401855171,6.0,2734.0
6399,3.0,382322.0,無間道風雲,0.23006861114501956,Q172975,Geography.Regions.Americas.North_America,382322.0,7420.826401855171,6.0,2734.0
6400,3.0,382322.0,無間道風雲,0.1067005917429924,Q172975,History_and_Society.Military_and_warfare,382322.0,7420.826401855171,6.0,2734.0
6401,1.0,382482.0,格雷姆·索内斯,1.0000100135803225,Q310352,Culture.Biography.Biography*,382482.0,0.0,14.0,705.0
6402,1.0,382482.0,格雷姆·索内斯,0.9960646033287048,Q310352,Culture.Sports,382482.0,0.0,14.0,705.0
6403,1.0,382482.0,格雷姆·索内斯,0.10667316818237303,Q310352,Geography.Regions.Europe.Europe*,382482.0,0.0,14.0,705.0
6404,1.0,382482.0,格雷姆·索内斯,0.0,Q310352,Geography.Regions.Europe.Northern_Europe,382482.0,0.0,14.0,705.0
6405,30.0,383240.0,最终幻想X,1.0000100135803225,Q223381,Culture.Internet_culture,383240.0,1429.5403419750824,14.0,5291.0
6406,30.0,383240.0,最终幻想X,1.0000100135803225,Q223381,Culture.Media.Video_games,383240.0,1429.5403419750824,14.0,5291.0
6407,30.0,383240.0,最终幻想X,0.9995221495628356,Q223381,Culture.Media.Media*,383240.0,1429.5403419750824,14.0,5291.0
6408,18.0,384855.0,茱迪·科士打,0.998142421245575,Q41351,Culture.Biography.Biography*,384855.0,66495.72390546721,6.0,3989.0
6409,18.0,384855.0,茱迪·科士打,0.9951046109199524,Q41351,Culture.Biography.Women,384855.0,66495.72390546721,6.0,3989.0
6410,18.0,384855.0,茱迪·科士打,0.3415925204753876,Q41351,History_and_Society.Society,384855.0,66495.72390546721,6.0,3989.0
6411,18.0,384855.0,茱迪·科士打,0.24509501457214355,Q41351,Culture.Literature,384855.0,66495.72390546721,6.0,3989.0
6412,18.0,384855.0,茱迪·科士打,0.1713417043685913,Q41351,Geography.Regions.Americas.North_America,384855.0,66495.72390546721,6.0,3989.0
6413,18.0,384855.0,茱迪·科士打,0.14805719256401062,Q41351,Culture.Media.Media*,384855.0,66495.72390546721,6.0,3989.0
6414,18.0,384855.0,茱迪·科士打,0.10375863313674928,Q41351,History_and_Society.History,384855.0,66495.72390546721,6.0,3989.0
6415,18.0,384855.0,茱迪·科士打,0.0,Q41351,Geography.Regions.Europe.Europe*,384855.0,66495.72390546721,6.0,3989.0
6416,4.0,385268.0,鳳凰四重奏,0.9783946871757508,Q4919056,Culture.Media.Media*,385268.0,4217.356690135634,12.0,1887.0
6417,4.0,385268.0,鳳凰四重奏,0.960371196269989,Q4919056,Culture.Media.Television,385268.0,4217.356690135634,12.0,1887.0
6418,4.0,385268.0,鳳凰四重奏,0.3624016513824463,Q4919056,Geography.Regions.Asia.East_Asia,385268.0,4217.356690135634,12.0,1887.0
6419,4.0,385268.0,鳳凰四重奏,0.3257217874526977,Q4919056,Geography.Regions.Asia.Asia*,385268.0,4217.356690135634,12.0,1887.0
6420,8.0,385483.0,中国人民解放军海军舰艇列表,1.0,Q7498108,Compilation.List_Disambig,385483.0,2360.793601057073,5.0,2969.0
6421,8.0,385483.0,中国人民解放军海军舰艇列表,0.9905974268913268,Q7498108,History_and_Society.Transportation,385483.0,2360.793601057073,5.0,2969.0
6422,8.0,385483.0,中国人民解放军海军舰艇列表,0.9073222279548644,Q7498108,History_and_Society.Military_and_warfare,385483.0,2360.793601057073,5.0,2969.0
6423,8.0,385483.0,中国人民解放军海军舰艇列表,0.006821857929229736,Q7498108,Geography.Regions.Asia.Asia*,385483.0,2360.793601057073,5.0,2969.0
6424,8.0,385483.0,中国人民解放军海军舰艇列表,0.0,Q7498108,Geography.Regions.Asia.East_Asia,385483.0,2360.793601057073,5.0,2969.0
6425,4.0,385989.0,万科,0.8175845146179199,Q861340,History_and_Society.Business_and_economics,385989.0,3942.0,10.0,1599.0
6426,4.0,385989.0,万科,0.4616831412315369,Q861340,Geography.Regions.Asia.Asia*,385989.0,3942.0,10.0,1599.0
6427,4.0,385989.0,万科,0.4543291201591492,Q861340,Geography.Regions.Asia.East_Asia,385989.0,3942.0,10.0,1599.0
6428,9.0,386092.0,潘威倫,1.0000100135803225,Q6136252,Culture.Sports,386092.0,4628.886910675961,4.0,1951.0
6429,9.0,386092.0,潘威倫,1.0000100135803225,Q6136252,Culture.Biography.Biography*,386092.0,4628.886910675961,4.0,1951.0
6430,9.0,386092.0,潘威倫,0.8311530351638794,Q6136252,History_and_Society.Society,386092.0,4628.886910675961,4.0,1951.0
6431,9.0,386092.0,潘威倫,0.4486793746948242,Q6136252,Geography.Regions.Asia.East_Asia,386092.0,4628.886910675961,4.0,1951.0
6432,9.0,386092.0,潘威倫,0.4440047016143799,Q6136252,Geography.Regions.Asia.Asia*,386092.0,4628.886910675961,4.0,1951.0
6433,3.0,386474.0,烏臺詩案,0.2942249774932861,Q16209402,STEM.STEM*,386474.0,40.6117184490027,15.0,1813.0
6434,3.0,386474.0,烏臺詩案,0.0,Q16209402,Geography.Regions.Asia.Asia*,386474.0,40.6117184490027,15.0,1813.0
6435,3.0,386474.0,烏臺詩案,0.0,Q16209402,Geography.Regions.Americas.North_America,386474.0,40.6117184490027,15.0,1813.0
6436,3.0,386474.0,烏臺詩案,0.0,Q16209402,Geography.Regions.Europe.Europe*,386474.0,40.6117184490027,15.0,1813.0
6437,8.0,387373.0,大野智,0.992888569831848,Q362271,Culture.Biography.Biography*,387373.0,4912.013049285415,13.0,3089.0
6438,8.0,387373.0,大野智,0.6224693655967712,Q362271,Culture.Media.Music,387373.0,4912.013049285415,13.0,3089.0
6439,8.0,387373.0,大野智,0.585111141204834,Q362271,Culture.Media.Media*,387373.0,4912.013049285415,13.0,3089.0
6440,8.0,387373.0,大野智,0.12878464365005493,Q362271,Geography.Regions.Asia.East_Asia,387373.0,4912.013049285415,13.0,3089.0
6441,8.0,387373.0,大野智,0.09167657995224,Q362271,Geography.Regions.Asia.Asia*,387373.0,4912.013049285415,13.0,3089.0
6442,4.0,387427.0,壹號皇庭,0.9883227348327636,Q5448355,Culture.Media.Media*,387427.0,4663.9392753445645,12.0,2978.0
6443,4.0,387427.0,壹號皇庭,0.9748311638832092,Q5448355,Culture.Media.Television,387427.0,4663.9392753445645,12.0,2978.0
6444,4.0,387427.0,壹號皇庭,0.4163126816749573,Q5448355,Geography.Regions.Asia.East_Asia,387427.0,4663.9392753445645,12.0,2978.0
6445,4.0,387427.0,壹號皇庭,0.3344935646057129,Q5448355,Geography.Regions.Asia.Asia*,387427.0,4663.9392753445645,12.0,2978.0
6446,12.0,387647.0,炎亞綸,1.0000100135803225,Q710481,Culture.Biography.Biography*,387647.0,57183.960250327415,2.0,29014.0
6447,12.0,387647.0,炎亞綸,0.8221991658210754,Q710481,History_and_Society.Society,387647.0,57183.960250327415,2.0,29014.0
6448,12.0,387647.0,炎亞綸,0.4486793746948242,Q710481,Geography.Regions.Asia.East_Asia,387647.0,57183.960250327415,2.0,29014.0
6449,12.0,387647.0,炎亞綸,0.4274188151359558,Q710481,Geography.Regions.Asia.Asia*,387647.0,57183.960250327415,2.0,29014.0
6450,12.0,387647.0,炎亞綸,0.4225146472454071,Q710481,Culture.Media.Media*,387647.0,57183.960250327415,2.0,29014.0
6451,12.0,387647.0,炎亞綸,0.275139719247818,Q710481,Culture.Media.Music,387647.0,57183.960250327415,2.0,29014.0
6452,2.0,388166.0,松坂大輔,0.9996417164802552,Q26121,Culture.Biography.Biography*,388166.0,0.0,13.0,1363.0
6453,2.0,388166.0,松坂大輔,0.9980222582817078,Q26121,Culture.Sports,388166.0,0.0,13.0,1363.0
6454,2.0,388166.0,松坂大輔,0.0,Q26121,Geography.Regions.Asia.East_Asia,388166.0,0.0,13.0,1363.0
6455,2.0,388166.0,松坂大輔,0.0,Q26121,Geography.Regions.Asia.Asia*,388166.0,0.0,13.0,1363.0
6456,2.0,390462.0,盧·賈里格,0.9991540908813475,Q357444,Culture.Biography.Biography*,390462.0,0.0,13.0,1061.0
6457,2.0,390462.0,盧·賈里格,0.9688661694526672,Q357444,Culture.Sports,390462.0,0.0,13.0,1061.0
6458,2.0,390462.0,盧·賈里格,0.22388027811050412,Q357444,Geography.Regions.Americas.North_America,390462.0,0.0,13.0,1061.0
6459,3.0,391308.0,内啡肽,0.9949496984481812,Q190528,STEM.STEM*,391308.0,803.6580577209801,10.0,2984.0
6460,3.0,391308.0,内啡肽,0.9825675487518309,Q190528,STEM.Medicine_&_Health,391308.0,803.6580577209801,10.0,2984.0
6461,3.0,391308.0,内啡肽,0.8840492963790894,Q190528,STEM.Biology,391308.0,803.6580577209801,10.0,2984.0
6462,3.0,391308.0,内啡肽,0.5234303474426271,Q190528,STEM.Chemistry,391308.0,803.6580577209801,10.0,2984.0
6463,3.0,391308.0,内啡肽,0.14415885508060455,Q190528,STEM.Physics,391308.0,803.6580577209801,10.0,2984.0
6464,14.0,391492.0,劉小芸,1.0000100135803225,Q9465959,Culture.Biography.Biography*,391492.0,52324.03479686007,12.0,1274.0
6465,14.0,391492.0,劉小芸,0.8634016513824463,Q9465959,History_and_Society.Society,391492.0,52324.03479686007,12.0,1274.0
6466,14.0,391492.0,劉小芸,0.4753205647468567,Q9465959,Geography.Regions.Asia.East_Asia,391492.0,52324.03479686007,12.0,1274.0
6467,14.0,391492.0,劉小芸,0.4314633479118347,Q9465959,Geography.Regions.Asia.Asia*,391492.0,52324.03479686007,12.0,1274.0
6468,14.0,391492.0,劉小芸,0.3557848632335663,Q9465959,Culture.Biography.Women,391492.0,52324.03479686007,12.0,1274.0
6469,1.0,391513.0,徐薇,0.998803436756134,Q11070932,Culture.Biography.Biography*,391513.0,0.0,4.0,2813.0
6470,1.0,391513.0,徐薇,0.9724247455596924,Q11070932,Culture.Biography.Women,391513.0,0.0,4.0,2813.0
6471,1.0,391513.0,徐薇,0.9099169969558716,Q11070932,History_and_Society.Society,391513.0,0.0,4.0,2813.0
6472,1.0,391513.0,徐薇,0.4714247455596924,Q11070932,Geography.Regions.Asia.Asia*,391513.0,0.0,4.0,2813.0
6473,1.0,391513.0,徐薇,0.4705740084648132,Q11070932,Geography.Regions.Asia.East_Asia,391513.0,0.0,4.0,2813.0
6474,5.0,391856.0,馬道立,0.9947898983955384,Q5534758,Culture.Biography.Biography*,391856.0,468.5747402541349,3.0,4082.0
6475,5.0,391856.0,馬道立,0.2869412174224853,Q5534758,Geography.Regions.Asia.East_Asia,391856.0,468.5747402541349,3.0,4082.0
6476,5.0,391856.0,馬道立,0.23006861114501956,Q5534758,Geography.Regions.Asia.Asia*,391856.0,468.5747402541349,3.0,4082.0
6477,7.0,392230.0,吳珊卓,0.9995657801628112,Q40337,Culture.Biography.Biography*,392230.0,9586.969230995835,6.0,2615.0
6478,7.0,392230.0,吳珊卓,0.9219318628311156,Q40337,Culture.Biography.Women,392230.0,9586.969230995835,6.0,2615.0
6479,7.0,392230.0,吳珊卓,0.40734341740608215,Q40337,Culture.Media.Media*,392230.0,9586.969230995835,6.0,2615.0
6480,7.0,392230.0,吳珊卓,0.3696072568893433,Q40337,Geography.Regions.Americas.North_America,392230.0,9586.969230995835,6.0,2615.0
6481,7.0,392230.0,吳珊卓,0.3276783227920532,Q40337,Culture.Performing_arts,392230.0,9586.969230995835,6.0,2615.0
6482,7.0,392230.0,吳珊卓,0.1732981950044632,Q40337,Culture.Media.Television,392230.0,9586.969230995835,6.0,2615.0
6483,7.0,392230.0,吳珊卓,0.16886694729328156,Q40337,Culture.Media.Music,392230.0,9586.969230995835,6.0,2615.0
6484,2.0,393136.0,阿胶,0.6654205918312073,Q909377,STEM.STEM*,393136.0,805.651703882618,10.0,2282.0
6485,2.0,393136.0,阿胶,0.5544804334640503,Q909377,STEM.Biology,393136.0,805.651703882618,10.0,2282.0
6486,2.0,393136.0,阿胶,0.0,Q909377,Geography.Regions.Asia.East_Asia,393136.0,805.651703882618,10.0,2282.0
6487,2.0,393136.0,阿胶,0.0,Q909377,Geography.Regions.Asia.Asia*,393136.0,805.651703882618,10.0,2282.0
6488,4.0,393639.0,刘力扬,0.9980222582817078,Q700912,Culture.Biography.Biography*,393639.0,0.0,12.0,2408.0
6489,4.0,393639.0,刘力扬,0.4501522054672241,Q700912,Geography.Regions.Asia.East_Asia,393639.0,0.0,12.0,2408.0
6490,4.0,393639.0,刘力扬,0.4486793746948242,Q700912,Geography.Regions.Asia.Asia*,393639.0,0.0,12.0,2408.0
6491,4.0,393639.0,刘力扬,0.3923468291759491,Q700912,Culture.Media.Media*,393639.0,0.0,12.0,2408.0
6492,4.0,393639.0,刘力扬,0.3557848632335663,Q700912,Culture.Media.Music,393639.0,0.0,12.0,2408.0
6493,4.0,393639.0,刘力扬,0.2509227991104126,Q700912,Culture.Biography.Women,393639.0,0.0,12.0,2408.0
6494,4.0,393639.0,刘力扬,0.1520422399044037,Q700912,History_and_Society.Society,393639.0,0.0,12.0,2408.0
6495,7.0,393895.0,夏韶聲,0.9820237755775452,Q3751949,Culture.Biography.Biography*,393895.0,19594.191337627544,12.0,2696.0
6496,7.0,393895.0,夏韶聲,0.3429050912857056,Q3751949,Geography.Regions.Asia.Asia*,393895.0,19594.191337627544,12.0,2696.0
6497,7.0,393895.0,夏韶聲,0.2596606483459473,Q3751949,Geography.Regions.Asia.East_Asia,393895.0,19594.191337627544,12.0,2696.0
6498,7.0,393895.0,夏韶聲,0.13661839067935946,Q3751949,Culture.Media.Music,393895.0,19594.191337627544,12.0,2696.0
6499,7.0,393895.0,夏韶聲,0.1294127255678177,Q3751949,Culture.Media.Media*,393895.0,19594.191337627544,12.0,2696.0
6500,4.0,394327.0,阿斯克勒庇俄斯之杖,0.6791887283325195,Q223377,History_and_Society.History,394327.0,0.0,16.0,2434.0
6501,4.0,394327.0,阿斯克勒庇俄斯之杖,0.4225146472454071,Q223377,Culture.Philosophy_and_religion,394327.0,0.0,16.0,2434.0
6502,4.0,394327.0,阿斯克勒庇俄斯之杖,0.23371636867523196,Q223377,Culture.Visual_arts.Visual_arts*,394327.0,0.0,16.0,2434.0
6503,4.0,394327.0,阿斯克勒庇俄斯之杖,0.13297423720359802,Q223377,Culture.Linguistics,394327.0,0.0,16.0,2434.0
6504,4.0,394327.0,阿斯克勒庇俄斯之杖,0.11921291798353195,Q223377,STEM.STEM*,394327.0,0.0,16.0,2434.0
6505,4.0,394327.0,阿斯克勒庇俄斯之杖,0.0,Q223377,Geography.Regions.Europe.Europe*,394327.0,0.0,16.0,2434.0
6506,3.0,395395.0,宮藤官九郎,0.9976868629455566,Q860820,Culture.Biography.Biography*,395395.0,803.4146731245355,13.0,8220.0
6507,3.0,395395.0,宮藤官九郎,0.1520422399044037,Q860820,Culture.Media.Media*,395395.0,803.4146731245355,13.0,8220.0
6508,3.0,395395.0,宮藤官九郎,0.0,Q860820,Geography.Regions.Asia.Asia*,395395.0,803.4146731245355,13.0,8220.0
6509,3.0,395395.0,宮藤官九郎,0.0,Q860820,Geography.Regions.Asia.East_Asia,395395.0,803.4146731245355,13.0,8220.0
6510,1.0,395603.0,竹鼠屬,0.9986850023269652,Q805992,STEM.STEM*,395603.0,0.0,8.0,2158.0
6511,1.0,395603.0,竹鼠屬,0.994098961353302,Q805992,STEM.Biology,395603.0,0.0,8.0,2158.0
6512,11.0,396215.0,京都,0.9688661694526672,Q740246,Geography.Regions.Asia.East_Asia,396215.0,65121.65149202298,13.0,2368.0
6513,11.0,396215.0,京都,0.9591643214225768,Q740246,Geography.Regions.Asia.Asia*,396215.0,65121.65149202298,13.0,2368.0
6514,11.0,396215.0,京都,0.12253321707248688,Q740246,History_and_Society.History,396215.0,65121.65149202298,13.0,2368.0
6515,4.0,396286.0,T75手槍,0.9324633479118348,Q10852844,History_and_Society.Military_and_warfare,396286.0,5919.4731645680895,2.0,1840.0
6516,4.0,396286.0,T75手槍,0.8267217874526978,Q10852844,STEM.Technology,396286.0,5919.4731645680895,2.0,1840.0
6517,4.0,396286.0,T75手槍,0.754925012588501,Q10852844,STEM.STEM*,396286.0,5919.4731645680895,2.0,1840.0
6518,4.0,396286.0,T75手槍,0.4532718360424042,Q10852844,History_and_Society.Business_and_economics,396286.0,5919.4731645680895,2.0,1840.0
6519,23.0,396721.0,英國樞密院,0.7663036584854126,Q683120,History_and_Society.Politics_and_government,396721.0,16954.764459030535,1.0,1597.0
6520,2.0,399261.0,連靜雯,1.0000100135803225,Q9351452,Culture.Biography.Biography*,399261.0,516.0249606158369,4.0,4612.0
6521,2.0,399261.0,連靜雯,0.9980222582817078,Q9351452,History_and_Society.Society,399261.0,516.0249606158369,4.0,4612.0
6522,2.0,399261.0,連靜雯,0.9770326614379884,Q9351452,Culture.Biography.Women,399261.0,516.0249606158369,4.0,4612.0
6523,2.0,399261.0,連靜雯,0.4556442370414734,Q9351452,Geography.Regions.Asia.East_Asia,399261.0,516.0249606158369,4.0,4612.0
6524,2.0,399261.0,連靜雯,0.40366052293777466,Q9351452,Geography.Regions.Asia.Asia*,399261.0,516.0249606158369,4.0,4612.0
6525,2.0,399261.0,連靜雯,0.3415925204753876,Q9351452,Culture.Media.Media*,399261.0,516.0249606158369,4.0,4612.0
6526,2.0,400810.0,坊之岬海戰,1.0000100135803225,Q42402335,History_and_Society.Military_and_warfare,400810.0,748.0091476011534,5.0,1386.0
6527,2.0,400810.0,坊之岬海戰,0.0,Q42402335,Geography.Geographical,400810.0,748.0091476011534,5.0,1386.0
6528,2.0,400810.0,坊之岬海戰,0.0,Q42402335,Geography.Regions.Asia.Asia*,400810.0,748.0091476011534,5.0,1386.0
6529,1.0,402966.0,粉雄救兵,0.9626831412315368,Q1418248,Culture.Media.Media*,402966.0,0.0,6.0,2067.0
6530,1.0,402966.0,粉雄救兵,0.9046605229377748,Q1418248,Culture.Media.Television,402966.0,0.0,6.0,2067.0
6531,1.0,402966.0,粉雄救兵,0.0,Q1418248,Geography.Regions.Americas.North_America,402966.0,0.0,6.0,2067.0
6532,2.0,405137.0,中島宏,0.9914325475692748,Q903049,Culture.Biography.Biography*,405137.0,359.6726858121184,10.0,2078.0
6533,2.0,405137.0,中島宏,0.20182321965694427,Q903049,STEM.STEM*,405137.0,359.6726858121184,10.0,2078.0
6534,2.0,405137.0,中島宏,0.0,Q903049,Geography.Regions.Asia.Asia*,405137.0,359.6726858121184,10.0,2078.0
6535,2.0,405137.0,中島宏,0.0,Q903049,Geography.Regions.Asia.East_Asia,405137.0,359.6726858121184,10.0,2078.0
6536,2.0,407529.0,梶原一騎,0.9965265989303588,Q1319237,Culture.Biography.Biography*,407529.0,0.0,4.0,18990.0
6537,2.0,407529.0,梶原一騎,0.9783946871757508,Q1319237,Culture.Literature,407529.0,0.0,4.0,18990.0
6538,2.0,407529.0,梶原一騎,0.960371196269989,Q1319237,Culture.Visual_arts.Visual_arts*,407529.0,0.0,4.0,18990.0
6539,2.0,407529.0,梶原一騎,0.9381340146064758,Q1319237,Culture.Visual_arts.Comics_and_Anime,407529.0,0.0,4.0,18990.0
6540,2.0,407529.0,梶原一騎,0.0,Q1319237,Geography.Regions.Asia.Asia*,407529.0,0.0,4.0,18990.0
6541,2.0,407529.0,梶原一騎,0.0,Q1319237,Geography.Regions.Asia.East_Asia,407529.0,0.0,4.0,18990.0
6542,4.0,408209.0,俞飞鸿,0.9947898983955384,Q9079290,Culture.Biography.Biography*,408209.0,3076.0651587410284,12.0,2278.0
6543,4.0,408209.0,俞飞鸿,0.13661839067935946,Q9079290,Culture.Biography.Women,408209.0,3076.0651587410284,12.0,2278.0
6544,4.0,408209.0,俞飞鸿,0.12878464365005493,Q9079290,Geography.Regions.Asia.East_Asia,408209.0,3076.0651587410284,12.0,2278.0
6545,4.0,408209.0,俞飞鸿,0.0,Q9079290,Geography.Regions.Asia.Asia*,408209.0,3076.0651587410284,12.0,2278.0
6546,4.0,408374.0,朱安 (鲁迅夫人),0.9875783920288086,Q11093843,Culture.Biography.Biography*,408374.0,2209.9117152951903,2.0,5056.0
6547,4.0,408374.0,朱安 (鲁迅夫人),0.3629792034626007,Q11093843,Culture.Biography.Women,408374.0,2209.9117152951903,2.0,5056.0
6548,4.0,408374.0,朱安 (鲁迅夫人),0.2047950496673584,Q11093843,Geography.Regions.Asia.Asia*,408374.0,2209.9117152951903,2.0,5056.0
6549,4.0,408374.0,朱安 (鲁迅夫人),0.0991983880996704,Q11093843,Geography.Regions.Asia.East_Asia,408374.0,2209.9117152951903,2.0,5056.0
6550,9.0,408810.0,歐錦棠,0.9976868629455566,Q7608613,Culture.Biography.Biography*,408810.0,9232.275360876924,12.0,4804.0
6551,9.0,408810.0,歐錦棠,0.3660457601547241,Q7608613,Geography.Regions.Asia.East_Asia,408810.0,9232.275360876924,12.0,4804.0
6552,9.0,408810.0,歐錦棠,0.2816725244522095,Q7608613,Geography.Regions.Asia.Asia*,408810.0,9232.275360876924,12.0,4804.0
6553,2.0,411076.0,李家誠,0.9855064153671264,Q6775988,Culture.Biography.Biography*,411076.0,805.0463268138544,10.0,2265.0
6554,2.0,411076.0,李家誠,0.14323513412475586,Q6775988,Geography.Regions.Asia.East_Asia,411076.0,805.0463268138544,10.0,2265.0
6555,2.0,411076.0,李家誠,0.11597072333097458,Q6775988,History_and_Society.Business_and_economics,411076.0,805.0463268138544,10.0,2265.0
6556,2.0,411076.0,李家誠,0.0,Q6775988,Geography.Regions.Asia.Asia*,411076.0,805.0463268138544,10.0,2265.0
6557,12.0,415218.0,林智勝,1.0000100135803225,Q6140162,Culture.Biography.Biography*,415218.0,10675.075201438709,4.0,1736.0
6558,12.0,415218.0,林智勝,0.9996640086174012,Q6140162,Culture.Sports,415218.0,10675.075201438709,4.0,1736.0
6559,12.0,415218.0,林智勝,0.9648651480674744,Q6140162,History_and_Society.Society,415218.0,10675.075201438709,4.0,1736.0
6560,12.0,415218.0,林智勝,0.4738311638832092,Q6140162,Geography.Regions.Asia.East_Asia,415218.0,10675.075201438709,4.0,1736.0
6561,12.0,415218.0,林智勝,0.4605437984466553,Q6140162,Geography.Regions.Asia.Asia*,415218.0,10675.075201438709,4.0,1736.0
6562,5.0,415607.0,黃承恩,0.9808859825134276,Q8968116,Culture.Biography.Biography*,415607.0,1020.239418614483,12.0,1709.0
6563,5.0,415607.0,黃承恩,0.24217800998687744,Q8968116,Geography.Regions.Asia.Asia*,415607.0,1020.239418614483,12.0,1709.0
6564,5.0,415607.0,黃承恩,0.2393593490123749,Q8968116,Culture.Biography.Women,415607.0,1020.239418614483,12.0,1709.0
6565,5.0,415607.0,黃承恩,0.19165198707580566,Q8968116,Geography.Regions.Asia.East_Asia,415607.0,1020.239418614483,12.0,1709.0
6566,3.0,415867.0,今井翼,0.9553291201591492,Q1141558,Culture.Biography.Biography*,415867.0,638.5773333822189,13.0,1471.0
6567,3.0,415867.0,今井翼,0.4314633479118347,Q1141558,Geography.Regions.Asia.East_Asia,415867.0,638.5773333822189,13.0,1471.0
6568,3.0,415867.0,今井翼,0.4089169969558716,Q1141558,Geography.Regions.Asia.Asia*,415867.0,638.5773333822189,13.0,1471.0
6569,3.0,415867.0,今井翼,0.320831298828125,Q1141558,Culture.Media.Music,415867.0,638.5773333822189,13.0,1471.0
6570,3.0,415867.0,今井翼,0.3007555902004242,Q1141558,Culture.Media.Media*,415867.0,638.5773333822189,13.0,1471.0
6571,14.0,416843.0,影子内阁,0.8175845146179199,Q303329,History_and_Society.Politics_and_government,416843.0,599.8109273048561,1.0,1634.0
6572,14.0,416843.0,影子内阁,0.3276783227920532,Q303329,History_and_Society.Society,416843.0,599.8109273048561,1.0,1634.0
6573,9.0,418636.0,朱玲玲,0.998142421245575,Q6668898,Culture.Biography.Biography*,418636.0,3021.753111066992,7.0,2366.0
6574,9.0,418636.0,朱玲玲,0.4678661694526672,Q6668898,Geography.Regions.Asia.Asia*,418636.0,3021.753111066992,7.0,2366.0
6575,9.0,418636.0,朱玲玲,0.33459946513175964,Q6668898,Culture.Biography.Women,418636.0,3021.753111066992,7.0,2366.0
6576,9.0,418636.0,朱玲玲,0.19165198707580566,Q6668898,Geography.Regions.Asia.Southeast_Asia,418636.0,3021.753111066992,7.0,2366.0
6577,9.0,418636.0,朱玲玲,0.0,Q6668898,Geography.Regions.Asia.East_Asia,418636.0,3021.753111066992,7.0,2366.0
6578,3.0,419814.0,李日昇,0.99593985080719,Q9205319,Culture.Biography.Biography*,419814.0,3598.998033371083,12.0,11380.0
6579,3.0,419814.0,李日昇,0.0,Q9205319,Geography.Regions.Asia.Asia*,419814.0,3598.998033371083,12.0,11380.0
6580,3.0,419814.0,李日昇,0.0,Q9205319,Geography.Regions.Asia.East_Asia,419814.0,3598.998033371083,12.0,11380.0
6581,3.0,422576.0,汤姆·布雷迪,0.9939124584197998,Q313381,Culture.Biography.Biography*,422576.0,33800.766534188406,17.0,1902.0
6582,3.0,422576.0,汤姆·布雷迪,0.9777238368988036,Q313381,Culture.Sports,422576.0,33800.766534188406,17.0,1902.0
6583,3.0,422576.0,汤姆·布雷迪,0.2047950496673584,Q313381,Geography.Regions.Americas.North_America,422576.0,33800.766534188406,17.0,1902.0
6584,2.0,422853.0,張作驥,1.0000100135803225,Q9137836,Culture.Biography.Biography*,422853.0,342.9221117980169,4.0,1455.0
6585,2.0,422853.0,張作驥,0.9099169969558716,Q9137836,History_and_Society.Society,422853.0,342.9221117980169,4.0,1455.0
6586,2.0,422853.0,張作驥,0.43892334604263306,Q9137836,Geography.Regions.Asia.East_Asia,422853.0,342.9221117980169,4.0,1455.0
6587,2.0,422853.0,張作驥,0.4209318628311157,Q9137836,Geography.Regions.Asia.Asia*,422853.0,342.9221117980169,4.0,1455.0
6588,3.0,424641.0,駐日美軍,0.951152205467224,Q1062935,History_and_Society.Military_and_warfare,424641.0,614.4588942987642,10.0,2820.0
6589,3.0,424641.0,駐日美軍,0.0,Q1062935,Geography.Regions.Americas.North_America,424641.0,614.4588942987642,10.0,2820.0
6590,3.0,424641.0,駐日美軍,0.0,Q1062935,Geography.Regions.Asia.Asia*,424641.0,614.4588942987642,10.0,2820.0
6591,3.0,424641.0,駐日美軍,0.0,Q1062935,Geography.Regions.Europe.Europe*,424641.0,614.4588942987642,10.0,2820.0
6592,2.0,427797.0,空海,0.9947898983955384,Q222227,Culture.Biography.Biography*,427797.0,3004.863684514878,11.0,2491.0
6593,2.0,427797.0,空海,0.7773098945617676,Q222227,Culture.Philosophy_and_religion,427797.0,3004.863684514878,11.0,2491.0
6594,2.0,427797.0,空海,0.35867373847961426,Q222227,Geography.Regions.Asia.Asia*,427797.0,3004.863684514878,11.0,2491.0
6595,2.0,427797.0,空海,0.3301530351638794,Q222227,Geography.Regions.Asia.East_Asia,427797.0,3004.863684514878,11.0,2491.0
6596,2.0,427797.0,空海,0.11280541121959685,Q222227,History_and_Society.History,427797.0,3004.863684514878,11.0,2491.0
6597,4.0,428522.0,心血管疾病,0.9879562258720398,Q389735,STEM.STEM*,428522.0,15471.929232415034,10.0,2906.0
6598,4.0,428522.0,心血管疾病,0.9591643214225768,Q389735,STEM.Medicine_&_Health,428522.0,15471.929232415034,10.0,2906.0
6599,15.0,428893.0,植松伸夫,0.9916942119598388,Q312327,Culture.Biography.Biography*,428893.0,11394.381748079611,14.0,1603.0
6600,15.0,428893.0,植松伸夫,0.7606606483459473,Q312327,Culture.Media.Media*,428893.0,11394.381748079611,14.0,1603.0
6601,15.0,428893.0,植松伸夫,0.4843900501728058,Q312327,Culture.Internet_culture,428893.0,11394.381748079611,14.0,1603.0
6602,15.0,428893.0,植松伸夫,0.4688006341457367,Q312327,Culture.Media.Video_games,428893.0,11394.381748079611,14.0,1603.0
6603,15.0,428893.0,植松伸夫,0.4455395638942719,Q312327,Culture.Media.Music,428893.0,11394.381748079611,14.0,1603.0
6604,15.0,428893.0,植松伸夫,0.04574816131591797,Q312327,Geography.Regions.Asia.Asia*,428893.0,11394.381748079611,14.0,1603.0
6605,15.0,428893.0,植松伸夫,0.0,Q312327,Geography.Regions.Asia.East_Asia,428893.0,11394.381748079611,14.0,1603.0
6606,19.0,430705.0,林曉峰,0.9992059469223022,Q6183936,Culture.Biography.Biography*,430705.0,50381.4473082124,12.0,2715.0
6607,19.0,430705.0,林曉峰,0.4440047016143799,Q6183936,Geography.Regions.Asia.East_Asia,430705.0,50381.4473082124,12.0,2715.0
6608,19.0,430705.0,林曉峰,0.40366052293777466,Q6183936,Geography.Regions.Asia.Asia*,430705.0,50381.4473082124,12.0,2715.0
6609,19.0,430705.0,林曉峰,0.14034625887870789,Q6183936,Culture.Media.Media*,430705.0,50381.4473082124,12.0,2715.0
6610,19.0,430705.0,林曉峰,0.1067005917429924,Q6183936,History_and_Society.Society,430705.0,50381.4473082124,12.0,2715.0
6611,1.0,430805.0,伍家謙,0.9802908897399902,Q9061773,Culture.Biography.Biography*,430805.0,0.0,3.0,2093.0
6612,1.0,430805.0,伍家謙,0.4895974268913269,Q9061773,Geography.Regions.Asia.East_Asia,430805.0,0.0,3.0,2093.0
6613,1.0,430805.0,伍家謙,0.4529760947227478,Q9061773,Geography.Regions.Asia.Asia*,430805.0,0.0,3.0,2093.0
6614,1.0,430805.0,伍家謙,0.19194278120994568,Q9061773,Culture.Media.Media*,430805.0,0.0,3.0,2093.0
6615,3.0,431257.0,馬景濤,1.0000100135803225,Q9003308,Culture.Biography.Biography*,431257.0,3576.1875639134028,12.0,2528.0
6616,3.0,431257.0,馬景濤,0.4921981394290924,Q9003308,History_and_Society.Society,431257.0,3576.1875639134028,12.0,2528.0
6617,3.0,431257.0,馬景濤,0.15742753648757934,Q9003308,Geography.Regions.Asia.East_Asia,431257.0,3576.1875639134028,12.0,2528.0
6618,3.0,431257.0,馬景濤,0.14034625887870789,Q9003308,Culture.Media.Media*,431257.0,3576.1875639134028,12.0,2528.0
6619,3.0,431257.0,馬景濤,0.0,Q9003308,Geography.Regions.Asia.Asia*,431257.0,3576.1875639134028,12.0,2528.0
6620,1.0,431440.0,速水獎,0.9935217499732972,Q1355841,Culture.Visual_arts.Comics_and_Anime,431440.0,0.0,10.0,1754.0
6621,1.0,431440.0,速水獎,0.9905974268913268,Q1355841,Culture.Literature,431440.0,0.0,10.0,1754.0
6622,1.0,431440.0,速水獎,0.9899964332580566,Q1355841,Culture.Visual_arts.Visual_arts*,431440.0,0.0,10.0,1754.0
6623,1.0,431440.0,速水獎,0.9770326614379884,Q1355841,Culture.Biography.Biography*,431440.0,0.0,10.0,1754.0
6624,1.0,431440.0,速水獎,0.1778208613395691,Q1355841,Culture.Media.Media*,431440.0,0.0,10.0,1754.0
6625,1.0,431440.0,速水獎,0.16027602553367615,Q1355841,Culture.Media.Video_games,431440.0,0.0,10.0,1754.0
6626,1.0,431440.0,速水獎,0.1259327530860901,Q1355841,Culture.Internet_culture,431440.0,0.0,10.0,1754.0
6627,1.0,431440.0,速水獎,0.0,Q1355841,Geography.Regions.Asia.Asia*,431440.0,0.0,10.0,1754.0
6628,1.0,431440.0,速水獎,0.0,Q1355841,Geography.Regions.Asia.East_Asia,431440.0,0.0,10.0,1754.0
6629,7.0,431570.0,鄭進一,0.9879562258720398,Q9096581,Culture.Biography.Biography*,431570.0,15304.317365776045,4.0,2693.0
6630,7.0,431570.0,鄭進一,0.7057950496673584,Q9096581,Culture.Media.Music,431570.0,15304.317365776045,4.0,2693.0
6631,7.0,431570.0,鄭進一,0.3429050912857056,Q9096581,Geography.Regions.Asia.East_Asia,431570.0,15304.317365776045,4.0,2693.0
6632,7.0,431570.0,鄭進一,0.3415925204753876,Q9096581,Culture.Media.Media*,431570.0,15304.317365776045,4.0,2693.0
6633,7.0,431570.0,鄭進一,0.3257217874526977,Q9096581,Geography.Regions.Asia.Asia*,431570.0,15304.317365776045,4.0,2693.0
6634,7.0,431570.0,鄭進一,0.24509501457214355,Q9096581,History_and_Society.Society,431570.0,15304.317365776045,4.0,2693.0
6635,5.0,433627.0,蔡旻佑,1.0000100135803225,Q579904,Culture.Biography.Biography*,433627.0,6499.191826096379,13.0,2283.0
6636,5.0,433627.0,蔡旻佑,0.8774868249893188,Q579904,History_and_Society.Society,433627.0,6499.191826096379,13.0,2283.0
6637,5.0,433627.0,蔡旻佑,0.6150978803634644,Q579904,Culture.Media.Music,433627.0,6499.191826096379,13.0,2283.0
6638,5.0,433627.0,蔡旻佑,0.4610267877578736,Q579904,Culture.Media.Media*,433627.0,6499.191826096379,13.0,2283.0
6639,5.0,433627.0,蔡旻佑,0.37980710172653204,Q579904,Geography.Regions.Asia.East_Asia,433627.0,6499.191826096379,13.0,2283.0
6640,5.0,433627.0,蔡旻佑,0.3624016513824463,Q579904,Geography.Regions.Asia.Asia*,433627.0,6499.191826096379,13.0,2283.0
6641,6.0,433885.0,大卫·罗宾逊,0.9992306232452391,Q211876,Culture.Biography.Biography*,433885.0,43386.25347263007,17.0,2379.0
6642,6.0,433885.0,大卫·罗宾逊,0.9954004287719728,Q211876,Culture.Sports,433885.0,43386.25347263007,17.0,2379.0
6643,6.0,433885.0,大卫·罗宾逊,0.3764868249893189,Q211876,Geography.Regions.Americas.North_America,433885.0,43386.25347263007,17.0,2379.0
6644,13.0,434200.0,岑建勳,0.9914325475692748,Q5369209,Culture.Biography.Biography*,434200.0,35930.66760569656,3.0,2784.0
6645,13.0,434200.0,岑建勳,0.0,Q5369209,Geography.Regions.Asia.Asia*,434200.0,35930.66760569656,3.0,2784.0
6646,13.0,434200.0,岑建勳,0.0,Q5369209,Geography.Regions.Asia.East_Asia,434200.0,35930.66760569656,3.0,2784.0
6647,2.0,434500.0,拉比,0.8903042674064636,Q133485,Culture.Philosophy_and_religion,434500.0,0.0,11.0,1848.0
6648,2.0,434500.0,拉比,0.24509501457214355,Q133485,History_and_Society.History,434500.0,0.0,11.0,1848.0
6649,2.0,434500.0,拉比,0.16027602553367615,Q133485,History_and_Society.Society,434500.0,0.0,11.0,1848.0
6650,7.0,435221.0,劉錫明,0.9879562258720398,Q5033813,Culture.Biography.Biography*,435221.0,22338.90839158651,12.0,3472.0
6651,7.0,435221.0,劉錫明,0.3301530351638794,Q5033813,Geography.Regions.Asia.Asia*,435221.0,22338.90839158651,12.0,3472.0
6652,7.0,435221.0,劉錫明,0.2653036584854126,Q5033813,Geography.Regions.Asia.East_Asia,435221.0,22338.90839158651,12.0,3472.0
6653,3.0,436318.0,喬寶寶,0.99745911359787,Q5561900,Culture.Biography.Biography*,436318.0,8916.49618665329,11.0,2683.0
6654,3.0,436318.0,喬寶寶,0.38304929637908935,Q5561900,Geography.Regions.Asia.East_Asia,436318.0,8916.49618665329,11.0,2683.0
6655,3.0,436318.0,喬寶寶,0.3548611869812012,Q5561900,Geography.Regions.Asia.Asia*,436318.0,8916.49618665329,11.0,2683.0
6656,14.0,437000.0,张丰毅,0.9836069941520692,Q708183,Culture.Biography.Biography*,437000.0,20606.21561319277,12.0,2640.0
6657,14.0,437000.0,张丰毅,0.3548611869812012,Q708183,Geography.Regions.Asia.East_Asia,437000.0,20606.21561319277,12.0,2640.0
6658,14.0,437000.0,张丰毅,0.29719679260253906,Q708183,Geography.Regions.Asia.Asia*,437000.0,20606.21561319277,12.0,2640.0
6659,2.0,437312.0,胡夫金字塔,0.8558611869812012,Q37200,History_and_Society.History,437312.0,646.1507273816236,11.0,2800.0
6660,2.0,437312.0,胡夫金字塔,0.6442351341247559,Q37200,Culture.Visual_arts.Architecture,437312.0,646.1507273816236,11.0,2800.0
6661,2.0,437312.0,胡夫金字塔,0.6076731681823729,Q37200,Culture.Visual_arts.Visual_arts*,437312.0,646.1507273816236,11.0,2800.0
6662,2.0,437312.0,胡夫金字塔,0.3073680400848389,Q37200,Geography.Regions.Africa.Africa*,437312.0,646.1507273816236,11.0,2800.0
6663,2.0,437312.0,胡夫金字塔,0.2814156115055084,Q37200,Geography.Regions.Africa.Northern_Africa,437312.0,646.1507273816236,11.0,2800.0
6664,10.0,437331.0,盧秀燕,1.0000100135803225,Q8274707,Culture.Biography.Biography*,437331.0,16251.49535407344,2.0,3782.0
6665,10.0,437331.0,盧秀燕,0.9993836879730223,Q8274707,History_and_Society.Society,437331.0,16251.49535407344,2.0,3782.0
6666,10.0,437331.0,盧秀燕,0.9808859825134276,Q8274707,Culture.Biography.Women,437331.0,16251.49535407344,2.0,3782.0
6667,10.0,437331.0,盧秀燕,0.4954163899421692,Q8274707,Geography.Regions.Asia.East_Asia,437331.0,16251.49535407344,2.0,3782.0
6668,10.0,437331.0,盧秀燕,0.4857871999740601,Q8274707,Geography.Regions.Asia.Asia*,437331.0,16251.49535407344,2.0,3782.0
6669,2.0,439656.0,柯林頓-萊文斯基醜聞,0.3415925204753876,Q154234,Culture.Biography.Biography*,439656.0,380.90595198209456,3.0,0.0
6670,2.0,439656.0,柯林頓-萊文斯基醜聞,0.2763098945617676,Q154234,Geography.Regions.Americas.North_America,439656.0,380.90595198209456,3.0,0.0
6671,2.0,439656.0,柯林頓-萊文斯基醜聞,0.24509501457214355,Q154234,History_and_Society.Military_and_warfare,439656.0,380.90595198209456,3.0,0.0
6672,2.0,439656.0,柯林頓-萊文斯基醜聞,0.21734751760959625,Q154234,History_and_Society.Politics_and_government,439656.0,380.90595198209456,3.0,0.0
6673,2.0,439656.0,柯林頓-萊文斯基醜聞,0.1824355274438858,Q154234,STEM.STEM*,439656.0,380.90595198209456,3.0,0.0
6674,2.0,439656.0,柯林頓-萊文斯基醜聞,0.1294127255678177,Q154234,History_and_Society.Society,439656.0,380.90595198209456,3.0,0.0
6675,2.0,439656.0,柯林頓-萊文斯基醜聞,0.0,Q154234,Geography.Regions.Europe.Europe*,439656.0,380.90595198209456,3.0,0.0
6676,2.0,439656.0,柯林頓-萊文斯基醜聞,0.0,Q154234,Geography.Regions.Asia.Asia*,439656.0,380.90595198209456,3.0,0.0
6677,2.0,439656.0,柯林頓-萊文斯基醜聞,0.0,Q154234,Geography.Regions.Europe.Western_Europe,439656.0,380.90595198209456,3.0,0.0
6678,2.0,439656.0,柯林頓-萊文斯基醜聞,0.0,Q154234,Geography.Regions.Europe.Northern_Europe,439656.0,380.90595198209456,3.0,0.0
6679,2.0,439656.0,柯林頓-萊文斯基醜聞,0.0,Q154234,Geography.Regions.Europe.Southern_Europe,439656.0,380.90595198209456,3.0,0.0
6680,2.0,439656.0,柯林頓-萊文斯基醜聞,0.0,Q154234,Geography.Regions.Asia.East_Asia,439656.0,380.90595198209456,3.0,0.0
6681,4.0,439968.0,保罗·皮尔斯,1.0000100135803225,Q121647,Culture.Sports,439968.0,577.0492004202148,17.0,2390.0
6682,4.0,439968.0,保罗·皮尔斯,0.9976133108139038,Q121647,Culture.Biography.Biography*,439968.0,577.0492004202148,17.0,2390.0
6683,4.0,439968.0,保罗·皮尔斯,0.29719679260253906,Q121647,Geography.Regions.Americas.North_America,439968.0,577.0492004202148,17.0,2390.0
6684,1.0,439976.0,杰里·斯塔克豪斯,1.0000100135803225,Q351802,Culture.Sports,439976.0,0.0,17.0,2397.0
6685,1.0,439976.0,杰里·斯塔克豪斯,0.9986850023269652,Q351802,Culture.Biography.Biography*,439976.0,0.0,17.0,2397.0
6686,1.0,439976.0,杰里·斯塔克豪斯,0.4820951094627381,Q351802,Geography.Regions.Americas.North_America,439976.0,0.0,17.0,2397.0
6687,3.0,439993.0,魔裟斗,0.9949496984481812,Q1332797,Culture.Biography.Biography*,439993.0,3048.2988061307674,13.0,2190.0
6688,3.0,439993.0,魔裟斗,0.538993239402771,Q1332797,Culture.Sports,439993.0,3048.2988061307674,13.0,2190.0
6689,3.0,439993.0,魔裟斗,0.3257217874526977,Q1332797,Geography.Regions.Asia.Asia*,439993.0,3048.2988061307674,13.0,2190.0
6690,3.0,439993.0,魔裟斗,0.08411114120483397,Q1332797,Geography.Regions.Asia.East_Asia,439993.0,3048.2988061307674,13.0,2190.0
6691,4.0,440505.0,性別平等,1.0000100135803225,Q113453,History_and_Society.Society,440505.0,4682.255659633333,0.0,2570.0
6692,4.0,440505.0,性別平等,0.3276783227920532,Q113453,History_and_Society.Politics_and_government,440505.0,4682.255659633333,0.0,2570.0
6693,4.0,440505.0,性別平等,0.22816647589206696,Q113453,History_and_Society.History,440505.0,4682.255659633333,0.0,2570.0
6694,4.0,440505.0,性別平等,0.20182321965694427,Q113453,Culture.Philosophy_and_religion,440505.0,4682.255659633333,0.0,2570.0
6695,4.0,440505.0,性別平等,0.14805719256401062,Q113453,History_and_Society.Business_and_economics,440505.0,4682.255659633333,0.0,2570.0
6696,4.0,440505.0,性別平等,0.13661839067935946,Q113453,STEM.STEM*,440505.0,4682.255659633333,0.0,2570.0
6697,4.0,440505.0,性別平等,0.07650540971755981,Q113453,Geography.Regions.Europe.Northern_Europe,440505.0,4682.255659633333,0.0,2570.0
6698,4.0,440505.0,性別平等,0.0,Q113453,Geography.Regions.Europe.Europe*,440505.0,4682.255659633333,0.0,2570.0
6699,2.0,441270.0,哆啦A夢 (角色),0.9755869507789612,Q1186309,Culture.Literature,441270.0,0.0,16.0,2783.0
6700,2.0,441270.0,哆啦A夢 (角色),0.6584275364875793,Q1186309,Culture.Visual_arts.Visual_arts*,441270.0,0.0,16.0,2783.0
6701,2.0,441270.0,哆啦A夢 (角色),0.6224693655967712,Q1186309,Culture.Visual_arts.Comics_and_Anime,441270.0,0.0,16.0,2783.0
6702,2.0,441270.0,哆啦A夢 (角色),0.21734751760959625,Q1186309,Culture.Internet_culture,441270.0,0.0,16.0,2783.0
6703,2.0,441270.0,哆啦A夢 (角色),0.16886694729328156,Q1186309,Culture.Media.Video_games,441270.0,0.0,16.0,2783.0
6704,2.0,441270.0,哆啦A夢 (角色),0.1520422399044037,Q1186309,Culture.Media.Media*,441270.0,0.0,16.0,2783.0
6705,17.0,441314.0,傅崐萁,1.0000100135803225,Q8956378,Culture.Biography.Biography*,441314.0,22863.218697326964,2.0,4703.0
6706,17.0,441314.0,傅崐萁,0.9993003606796264,Q8956378,History_and_Society.Society,441314.0,22863.218697326964,2.0,4703.0
6707,17.0,441314.0,傅崐萁,0.4956334104537964,Q8956378,Geography.Regions.Asia.East_Asia,441314.0,22863.218697326964,2.0,4703.0
6708,17.0,441314.0,傅崐萁,0.4880230894088745,Q8956378,Geography.Regions.Asia.Asia*,441314.0,22863.218697326964,2.0,4703.0
6709,3.0,441343.0,王淑慧,1.0000100135803225,Q7967625,Culture.Biography.Biography*,441343.0,0.0,2.0,9759.0
6710,3.0,441343.0,王淑慧,0.9985549449920654,Q7967625,History_and_Society.Society,441343.0,0.0,2.0,9759.0
6711,3.0,441343.0,王淑慧,0.8706072568893433,Q7967625,Culture.Biography.Women,441343.0,0.0,2.0,9759.0
6712,3.0,441343.0,王淑慧,0.4959346523284912,Q7967625,Geography.Regions.Asia.East_Asia,441343.0,0.0,2.0,9759.0
6713,3.0,441343.0,王淑慧,0.4869562258720398,Q7967625,Geography.Regions.Asia.Asia*,441343.0,0.0,2.0,9759.0
6714,11.0,441798.0,潘孟安,1.0000100135803225,Q8350110,Culture.Biography.Biography*,441798.0,16922.248152819757,2.0,2800.0
6715,11.0,441798.0,潘孟安,0.9871888160705566,Q8350110,History_and_Society.Society,441798.0,16922.248152819757,2.0,2800.0
6716,11.0,441798.0,潘孟安,0.4678661694526672,Q8350110,Geography.Regions.Asia.East_Asia,441798.0,16922.248152819757,2.0,2800.0
6717,11.0,441798.0,潘孟安,0.4649096002578735,Q8350110,Geography.Regions.Asia.Asia*,441798.0,16922.248152819757,2.0,2800.0
6718,8.0,441895.0,楊瓊瓔,1.0000100135803225,Q8278752,Culture.Biography.Biography*,441895.0,4395.409826187182,2.0,1174.0
6719,8.0,441895.0,楊瓊瓔,0.99567848443985,Q8278752,History_and_Society.Society,441895.0,4395.409826187182,2.0,1174.0
6720,8.0,441895.0,楊瓊瓔,0.94500470161438,Q8278752,Culture.Biography.Women,441895.0,4395.409826187182,2.0,1174.0
6721,8.0,441895.0,楊瓊瓔,0.4974612464904785,Q8278752,Geography.Regions.Asia.East_Asia,441895.0,4395.409826187182,2.0,1174.0
6722,8.0,441895.0,楊瓊瓔,0.4886818399429321,Q8278752,Geography.Regions.Asia.Asia*,441895.0,4395.409826187182,2.0,1174.0
6723,4.0,442030.0,罗杰·费德勒,0.9875783920288086,Q1426,Culture.Biography.Biography*,442030.0,16906.494696643276,5.0,2930.0
6724,4.0,442030.0,罗杰·费德勒,0.9219318628311156,Q1426,Culture.Sports,442030.0,16906.494696643276,5.0,2930.0
6725,4.0,442030.0,罗杰·费德勒,0.3073680400848389,Q1426,Culture.Biography.Women,442030.0,16906.494696643276,5.0,2930.0
6726,4.0,442030.0,罗杰·费德勒,0.2869412174224853,Q1426,Geography.Regions.Europe.Europe*,442030.0,16906.494696643276,5.0,2930.0
6727,4.0,442030.0,罗杰·费德勒,0.15742753648757934,Q1426,Geography.Regions.Europe.Western_Europe,442030.0,16906.494696643276,5.0,2930.0
6728,4.0,442030.0,罗杰·费德勒,0.0,Q1426,Geography.Regions.Americas.North_America,442030.0,16906.494696643276,5.0,2930.0
6729,8.0,443083.0,高志綱,1.0000100135803225,Q6137676,Culture.Biography.Biography*,443083.0,4639.708534604136,4.0,846.0
6730,8.0,443083.0,高志綱,0.9995371699333192,Q6137676,Culture.Sports,443083.0,4639.708534604136,4.0,846.0
6731,8.0,443083.0,高志綱,0.9416641592979432,Q6137676,History_and_Society.Society,443083.0,4639.708534604136,4.0,846.0
6732,8.0,443083.0,高志綱,0.4820951094627381,Q6137676,Geography.Regions.Asia.East_Asia,443083.0,4639.708534604136,4.0,846.0
6733,8.0,443083.0,高志綱,0.4556442370414734,Q6137676,Geography.Regions.Asia.Asia*,443083.0,4639.708534604136,4.0,846.0
6734,15.0,443611.0,中国航空,0.94500470161438,Q866852,STEM.Engineering,443611.0,7467.628751499042,10.0,874.0
6735,15.0,443611.0,中国航空,0.7826725244522095,Q866852,History_and_Society.Transportation,443611.0,7467.628751499042,10.0,874.0
6736,15.0,443611.0,中国航空,0.6926519870758057,Q866852,STEM.STEM*,443611.0,7467.628751499042,10.0,874.0
6737,15.0,443611.0,中国航空,0.4722507467269898,Q866852,Geography.Regions.Asia.East_Asia,443611.0,7467.628751499042,10.0,874.0
6738,15.0,443611.0,中国航空,0.4423575868606568,Q866852,Geography.Regions.Asia.Asia*,443611.0,7467.628751499042,10.0,874.0
6739,15.0,443611.0,中国航空,0.287777841091156,Q866852,History_and_Society.Business_and_economics,443611.0,7467.628751499042,10.0,874.0
6740,10.0,443838.0,三重客運,0.9976868629455566,Q10867039,Culture.Biography.Biography*,443838.0,30324.468578909287,3.0,4057.0
6741,10.0,443838.0,三重客運,0.9814634323120116,Q10867039,History_and_Society.Society,443838.0,30324.468578909287,3.0,4057.0
6742,10.0,443838.0,三重客運,0.9399233460426332,Q10867039,History_and_Society.Business_and_economics,443838.0,30324.468578909287,3.0,4057.0
6743,10.0,443838.0,三重客運,0.4981540908813477,Q10867039,Geography.Regions.Asia.East_Asia,443838.0,30324.468578909287,3.0,4057.0
6744,10.0,443838.0,三重客運,0.4959346523284912,Q10867039,Geography.Regions.Asia.Asia*,443838.0,30324.468578909287,3.0,4057.0
6745,10.0,443838.0,三重客運,0.16452647745609286,Q10867039,STEM.STEM*,443838.0,30324.468578909287,3.0,4057.0
6746,10.0,443838.0,三重客運,0.14034625887870789,Q10867039,History_and_Society.Transportation,443838.0,30324.468578909287,3.0,4057.0
6747,2.0,444657.0,保證金交易,0.2942249774932861,Q625360,STEM.STEM*,444657.0,11820.0,3.0,2020.0
6748,2.0,444657.0,保證金交易,0.23371636867523196,Q625360,History_and_Society.Business_and_economics,444657.0,11820.0,3.0,2020.0
6749,2.0,444657.0,保證金交易,0.1732981950044632,Q625360,History_and_Society.Politics_and_government,444657.0,11820.0,3.0,2020.0
6750,2.0,444657.0,保證金交易,0.14415885508060455,Q625360,Culture.Philosophy_and_religion,444657.0,11820.0,3.0,2020.0
6751,2.0,444657.0,保證金交易,0.10088862478733064,Q625360,History_and_Society.Society,444657.0,11820.0,3.0,2020.0
6752,8.0,444739.0,向海嵐,0.9978272914886476,Q866670,Culture.Biography.Biography*,444739.0,6835.711046246135,7.0,2347.0
6753,8.0,444739.0,向海嵐,0.7371681928634644,Q866670,Culture.Biography.Women,444739.0,6835.711046246135,7.0,2347.0
6754,8.0,444739.0,向海嵐,0.14034625887870789,Q866670,Culture.Media.Music,444739.0,6835.711046246135,7.0,2347.0
6755,8.0,444739.0,向海嵐,0.1294127255678177,Q866670,Culture.Media.Media*,444739.0,6835.711046246135,7.0,2347.0
6756,8.0,444739.0,向海嵐,0.0,Q866670,Geography.Regions.Asia.Asia*,444739.0,6835.711046246135,7.0,2347.0
6757,8.0,444739.0,向海嵐,0.0,Q866670,Geography.Regions.Asia.East_Asia,444739.0,6835.711046246135,7.0,2347.0
6758,5.0,445120.0,克里斯·韋伯,0.9960646033287048,Q314415,Culture.Biography.Biography*,445120.0,4255.652579610045,17.0,2611.0
6759,5.0,445120.0,克里斯·韋伯,0.994098961353302,Q314415,Culture.Sports,445120.0,4255.652579610045,17.0,2611.0
6760,5.0,445120.0,克里斯·韋伯,0.3165845146179199,Q314415,Geography.Regions.Americas.North_America,445120.0,4255.652579610045,17.0,2611.0
6761,6.0,445138.0,雷·阿伦,0.9988405108451844,Q208623,Culture.Biography.Biography*,445138.0,8752.178521955615,17.0,2615.0
6762,6.0,445138.0,雷·阿伦,0.9947898983955384,Q208623,Culture.Sports,445138.0,8752.178521955615,17.0,2615.0
6763,6.0,445138.0,雷·阿伦,0.3764868249893189,Q208623,Geography.Regions.Americas.North_America,445138.0,8752.178521955615,17.0,2615.0
6764,7.0,445996.0,李珊珊 (香港藝員),0.984585464000702,Q6514895,Culture.Biography.Biography*,445996.0,2507.0107923602945,7.0,1763.0
6765,7.0,445996.0,李珊珊 (香港藝員),0.6654205918312073,Q6514895,Culture.Biography.Women,445996.0,2507.0107923602945,7.0,1763.0
6766,7.0,445996.0,李珊珊 (香港藝員),0.585111141204834,Q6514895,Culture.Visual_arts.Fashion,445996.0,2507.0107923602945,7.0,1763.0
6767,7.0,445996.0,李珊珊 (香港藝員),0.41490885615348816,Q6514895,Culture.Visual_arts.Visual_arts*,445996.0,2507.0107923602945,7.0,1763.0
6768,7.0,445996.0,李珊珊 (香港藝員),0.30218379402160644,Q6514895,Geography.Regions.Asia.Asia*,445996.0,2507.0107923602945,7.0,1763.0
6769,7.0,445996.0,李珊珊 (香港藝員),0.15036486291885376,Q6514895,Geography.Regions.Asia.East_Asia,445996.0,2507.0107923602945,7.0,1763.0
6770,1.0,446340.0,台北歐洲學校,0.9985088109970092,Q10914192,Culture.Biography.Biography*,446340.0,0.0,2.0,1692.0
6771,1.0,446340.0,台北歐洲學校,0.992888569831848,Q10914192,History_and_Society.Society,446340.0,0.0,2.0,1692.0
6772,1.0,446340.0,台北歐洲學校,0.9855064153671264,Q10914192,Geography.Regions.Asia.East_Asia,446340.0,0.0,2.0,1692.0
6773,1.0,446340.0,台北歐洲學校,0.9855064153671264,Q10914192,Geography.Regions.Asia.Asia*,446340.0,0.0,2.0,1692.0
6774,1.0,446340.0,台北歐洲學校,0.8670457601547241,Q10914192,History_and_Society.Education,446340.0,0.0,2.0,1692.0
6775,4.0,447712.0,大白鯊 (電影),0.99745911359787,Q189505,Culture.Media.Films,447712.0,10139.968983021055,6.0,2864.0
6776,4.0,447712.0,大白鯊 (電影),0.9946250915527344,Q189505,Culture.Media.Media*,447712.0,10139.968983021055,6.0,2864.0
6777,4.0,447712.0,大白鯊 (電影),0.0,Q189505,Geography.Regions.Americas.North_America,447712.0,10139.968983021055,6.0,2864.0
6778,2.0,449934.0,星光部隊,0.9992306232452391,Q11088413,History_and_Society.Military_and_warfare,449934.0,0.0,3.0,4352.0
6779,2.0,449934.0,星光部隊,0.9970290064811708,Q11088413,History_and_Society.Society,449934.0,0.0,3.0,4352.0
6780,2.0,449934.0,星光部隊,0.952584147453308,Q11088413,Culture.Biography.Biography*,449934.0,0.0,3.0,4352.0
6781,2.0,449934.0,星光部隊,0.4990100135803223,Q11088413,Geography.Regions.Asia.Asia*,449934.0,0.0,3.0,4352.0
6782,2.0,449934.0,星光部隊,0.4962090721130371,Q11088413,Geography.Regions.Asia.East_Asia,449934.0,0.0,3.0,4352.0
6783,2.0,449934.0,星光部隊,0.14323513412475586,Q11088413,Geography.Regions.Asia.Southeast_Asia,449934.0,0.0,3.0,4352.0
6784,2.0,450618.0,胡婷婷,1.0000100135803225,Q7808109,Culture.Biography.Biography*,450618.0,7643.509875510013,4.0,2232.0
6785,2.0,450618.0,胡婷婷,0.6992644667625427,Q7808109,Culture.Biography.Women,450618.0,7643.509875510013,4.0,2232.0
6786,2.0,450618.0,胡婷婷,0.1732981950044632,Q7808109,History_and_Society.Society,450618.0,7643.509875510013,4.0,2232.0
6787,2.0,450618.0,胡婷婷,0.0,Q7808109,Geography.Regions.Asia.Asia*,450618.0,7643.509875510013,4.0,2232.0
6788,2.0,450618.0,胡婷婷,0.0,Q7808109,Geography.Regions.Asia.East_Asia,450618.0,7643.509875510013,4.0,2232.0
6789,6.0,452154.0,陳慶祥,0.9991269707679749,Q701102,Culture.Biography.Biography*,452154.0,16816.751009423497,12.0,1760.0
6790,6.0,452154.0,陳慶祥,0.6654205918312073,Q701102,Culture.Media.Music,452154.0,16816.751009423497,12.0,1760.0
6791,6.0,452154.0,陳慶祥,0.6150978803634644,Q701102,Culture.Media.Media*,452154.0,16816.751009423497,12.0,1760.0
6792,6.0,452154.0,陳慶祥,0.4696977605819702,Q701102,Geography.Regions.Asia.Asia*,452154.0,16816.751009423497,12.0,1760.0
6793,6.0,452154.0,陳慶祥,0.2596606483459473,Q701102,Geography.Regions.Asia.East_Asia,452154.0,16816.751009423497,12.0,1760.0
6794,6.0,452154.0,陳慶祥,0.16027602553367615,Q701102,History_and_Society.Society,452154.0,16816.751009423497,12.0,1760.0
6795,6.0,452154.0,陳慶祥,0.0,Q701102,Geography.Regions.Asia.Southeast_Asia,452154.0,16816.751009423497,12.0,1760.0
6796,3.0,452308.0,陳玉梅 (政治人物),1.0000100135803225,Q8273064,Culture.Biography.Biography*,452308.0,0.0,2.0,1671.0
6797,3.0,452308.0,陳玉梅 (政治人物),1.0000100135803225,Q8273064,History_and_Society.Society,452308.0,0.0,2.0,1671.0
6798,3.0,452308.0,陳玉梅 (政治人物),0.8354935646057129,Q8273064,Culture.Biography.Women,452308.0,0.0,2.0,1671.0
6799,3.0,452308.0,陳玉梅 (政治人物),0.4981804361343384,Q8273064,Geography.Regions.Asia.East_Asia,452308.0,0.0,2.0,1671.0
6800,3.0,452308.0,陳玉梅 (政治人物),0.4949398508071899,Q8273064,Geography.Regions.Asia.Asia*,452308.0,0.0,2.0,1671.0
6801,7.0,453284.0,中國鋼鐵,0.974052667617798,Q712863,History_and_Society.Society,453284.0,11408.86531555284,2.0,3094.0
6802,7.0,453284.0,中國鋼鐵,0.8519628047943115,Q712863,Culture.Biography.Biography*,453284.0,11408.86531555284,2.0,3094.0
6803,7.0,453284.0,中國鋼鐵,0.6791887283325195,Q712863,History_and_Society.Business_and_economics,453284.0,11408.86531555284,2.0,3094.0
6804,7.0,453284.0,中國鋼鐵,0.4231518378257752,Q712863,Geography.Regions.Asia.East_Asia,453284.0,11408.86531555284,2.0,3094.0
6805,7.0,453284.0,中國鋼鐵,0.3981314172744751,Q712863,Geography.Regions.Asia.Asia*,453284.0,11408.86531555284,2.0,3094.0
6806,7.0,453284.0,中國鋼鐵,0.2568419873714447,Q712863,STEM.STEM*,453284.0,11408.86531555284,2.0,3094.0
6807,7.0,453284.0,中國鋼鐵,0.1294127255678177,Q712863,STEM.Technology,453284.0,11408.86531555284,2.0,3094.0
6808,7.0,453323.0,美鐵,0.8740872144699097,Q23239,History_and_Society.Transportation,453323.0,12852.006808980645,17.0,1389.0
6809,7.0,453323.0,美鐵,0.3923468291759491,Q23239,History_and_Society.Business_and_economics,453323.0,12852.006808980645,17.0,1389.0
6810,7.0,453323.0,美鐵,0.23371636867523196,Q23239,STEM.STEM*,453323.0,12852.006808980645,17.0,1389.0
6811,7.0,453323.0,美鐵,0.20182321965694427,Q23239,STEM.Engineering,453323.0,12852.006808980645,17.0,1389.0
6812,7.0,453323.0,美鐵,0.07650540971755981,Q23239,Geography.Regions.Americas.North_America,453323.0,12852.006808980645,17.0,1389.0
6813,7.0,453323.0,美鐵,0.0,Q23239,Geography.Regions.Europe.Europe*,453323.0,12852.006808980645,17.0,1389.0
6814,7.0,453323.0,美鐵,0.0,Q23239,Geography.Regions.Europe.Northern_Europe,453323.0,12852.006808980645,17.0,1389.0
6815,3.0,454963.0,真人快打系列,0.9991540908813475,Q241163,Culture.Media.Video_games,454963.0,13499.643354237769,11.0,2287.0
6816,3.0,454963.0,真人快打系列,0.9964163899421692,Q241163,Culture.Internet_culture,454963.0,13499.643354237769,11.0,2287.0
6817,3.0,454963.0,真人快打系列,0.9908843636512756,Q241163,Culture.Media.Media*,454963.0,13499.643354237769,11.0,2287.0
6818,3.0,454963.0,真人快打系列,0.33459946513175964,Q241163,Culture.Visual_arts.Comics_and_Anime,454963.0,13499.643354237769,11.0,2287.0
6819,3.0,454963.0,真人快打系列,0.26285186409950256,Q241163,Culture.Literature,454963.0,13499.643354237769,11.0,2287.0
6820,3.0,454963.0,真人快打系列,0.24509501457214355,Q241163,Culture.Visual_arts.Visual_arts*,454963.0,13499.643354237769,11.0,2287.0
6821,3.0,454963.0,真人快打系列,0.15611489117145538,Q241163,Culture.Media.Entertainment,454963.0,13499.643354237769,11.0,2287.0
6822,1.0,456485.0,郑永年,0.9987651705741882,Q8462925,Culture.Biography.Biography*,456485.0,0.0,10.0,1680.0
6823,1.0,456485.0,郑永年,0.5156299471855164,Q8462925,History_and_Society.Politics_and_government,456485.0,0.0,10.0,1680.0
6824,1.0,456485.0,郑永年,0.0,Q8462925,Geography.Regions.Asia.Asia*,456485.0,0.0,10.0,1680.0
6825,1.0,456485.0,郑永年,0.0,Q8462925,Geography.Regions.Asia.East_Asia,456485.0,0.0,10.0,1680.0
6826,1.0,456485.0,郑永年,0.0,Q8462925,Geography.Regions.Americas.North_America,456485.0,0.0,10.0,1680.0
6827,5.0,456837.0,楊曜,1.0000100135803225,Q8350686,History_and_Society.Society,456837.0,1049.7629536067686,2.0,976.0
6828,5.0,456837.0,楊曜,1.0000100135803225,Q8350686,Culture.Biography.Biography*,456837.0,1049.7629536067686,2.0,976.0
6829,5.0,456837.0,楊曜,0.4980402460098266,Q8350686,Geography.Regions.Asia.East_Asia,456837.0,1049.7629536067686,2.0,976.0
6830,5.0,456837.0,楊曜,0.4956334104537964,Q8350686,Geography.Regions.Asia.Asia*,456837.0,1049.7629536067686,2.0,976.0
6831,2.0,457184.0,宋彬彬,0.9724247455596924,Q9128572,Culture.Biography.Biography*,457184.0,0.0,1.0,2368.0
6832,2.0,457184.0,宋彬彬,0.5078218579292297,Q9128572,Culture.Biography.Women,457184.0,0.0,1.0,2368.0
6833,2.0,457184.0,宋彬彬,0.12878464365005493,Q9128572,Geography.Regions.Asia.Asia*,457184.0,0.0,1.0,2368.0
6834,2.0,457184.0,宋彬彬,0.0,Q9128572,Geography.Regions.Asia.East_Asia,457184.0,0.0,1.0,2368.0
6835,4.0,459764.0,何守信,0.9939124584197998,Q8969723,Culture.Biography.Biography*,459764.0,6979.664834955506,12.0,2421.0
6836,4.0,459764.0,何守信,0.6297846436500549,Q8969723,History_and_Society.Society,459764.0,6979.664834955506,12.0,2421.0
6837,4.0,459764.0,何守信,0.0,Q8969723,Geography.Regions.Asia.Asia*,459764.0,6979.664834955506,12.0,2421.0
6838,3.0,460340.0,新加坡报业控股,0.5698626637458801,Q263204,History_and_Society.Business_and_economics,460340.0,1253.1799622660635,3.0,824.0
6839,3.0,460340.0,新加坡报业控股,0.2814156115055084,Q263204,History_and_Society.Transportation,460340.0,1253.1799622660635,3.0,824.0
6840,3.0,460340.0,新加坡报业控股,0.2509227991104126,Q263204,STEM.STEM*,460340.0,1253.1799622660635,3.0,824.0
6841,3.0,460340.0,新加坡报业控股,0.15742753648757934,Q263204,Geography.Regions.Asia.Asia*,460340.0,1253.1799622660635,3.0,824.0
6842,3.0,460340.0,新加坡报业控股,0.11280541121959685,Q263204,STEM.Technology,460340.0,1253.1799622660635,3.0,824.0
6843,3.0,460340.0,新加坡报业控股,0.10375863313674928,Q263204,Culture.Media.Media*,460340.0,1253.1799622660635,3.0,824.0
6844,3.0,460340.0,新加坡报业控股,0.0,Q263204,Geography.Regions.Asia.Southeast_Asia,460340.0,1253.1799622660635,3.0,824.0
6845,3.0,460340.0,新加坡报业控股,0.0,Q263204,Geography.Regions.Asia.East_Asia,460340.0,1253.1799622660635,3.0,824.0
6846,3.0,460340.0,新加坡报业控股,0.0,Q263204,Geography.Regions.Europe.Europe*,460340.0,1253.1799622660635,3.0,824.0
6847,3.0,460340.0,新加坡报业控股,0.0,Q263204,Geography.Regions.Americas.North_America,460340.0,1253.1799622660635,3.0,824.0
6848,14.0,460456.0,DC漫畫,0.8080772161483765,Q2924461,Culture.Visual_arts.Comics_and_Anime,460456.0,30876.602218802887,6.0,2895.0
6849,14.0,460456.0,DC漫畫,0.7773098945617676,Q2924461,History_and_Society.Business_and_economics,460456.0,30876.602218802887,6.0,2895.0
6850,14.0,460456.0,DC漫畫,0.6584275364875793,Q2924461,Culture.Literature,460456.0,30876.602218802887,6.0,2895.0
6851,14.0,460456.0,DC漫畫,0.6297846436500549,Q2924461,Culture.Visual_arts.Visual_arts*,460456.0,30876.602218802887,6.0,2895.0
6852,14.0,460456.0,DC漫畫,0.6076731681823729,Q2924461,Culture.Media.Media*,460456.0,30876.602218802887,6.0,2895.0
6853,14.0,460456.0,DC漫畫,0.17818872833251953,Q2924461,Geography.Regions.Americas.North_America,460456.0,30876.602218802887,6.0,2895.0
6854,14.0,460456.0,DC漫畫,0.15611489117145538,Q2924461,Culture.Media.Films,460456.0,30876.602218802887,6.0,2895.0
6855,11.0,460493.0,趙正宇,1.0000100135803225,Q22100240,Culture.Biography.Biography*,460493.0,16856.51434109877,2.0,1491.0
6856,11.0,460493.0,趙正宇,0.99593985080719,Q22100240,History_and_Society.Society,460493.0,16856.51434109877,2.0,1491.0
6857,11.0,460493.0,趙正宇,0.4722507467269898,Q22100240,Geography.Regions.Asia.East_Asia,460493.0,16856.51434109877,2.0,1491.0
6858,11.0,460493.0,趙正宇,0.4649096002578735,Q22100240,Geography.Regions.Asia.Asia*,460493.0,16856.51434109877,2.0,1491.0
6859,7.0,460946.0,海怡半島,0.9942797422409058,Q301851,Geography.Regions.Asia.East_Asia,460946.0,6074.829075943464,3.0,1716.0
6860,7.0,460946.0,海怡半島,0.9755869507789612,Q301851,Geography.Regions.Asia.Asia*,460946.0,6074.829075943464,3.0,1716.0
6861,7.0,460946.0,海怡半島,0.40734341740608215,Q301851,Culture.Visual_arts.Architecture,460946.0,6074.829075943464,3.0,1716.0
6862,7.0,460946.0,海怡半島,0.40734341740608215,Q301851,Culture.Visual_arts.Visual_arts*,460946.0,6074.829075943464,3.0,1716.0
6863,7.0,460946.0,海怡半島,0.14034625887870789,Q301851,History_and_Society.Military_and_warfare,460946.0,6074.829075943464,3.0,1716.0
6864,7.0,460946.0,海怡半島,0.1294127255678177,Q301851,Culture.Philosophy_and_religion,460946.0,6074.829075943464,3.0,1716.0
6865,7.0,460946.0,海怡半島,0.10375863313674928,Q301851,History_and_Society.History,460946.0,6074.829075943464,3.0,1716.0
6866,3.0,461667.0,蕭定一,0.9830951094627379,Q9338365,Culture.Biography.Biography*,461667.0,102.61200716552072,12.0,6986.0
6867,3.0,461667.0,蕭定一,0.4840529432296753,Q9338365,Geography.Regions.Asia.East_Asia,461667.0,102.61200716552072,12.0,6986.0
6868,3.0,461667.0,蕭定一,0.41865252161026,Q9338365,Geography.Regions.Asia.Asia*,461667.0,102.61200716552072,12.0,6986.0
6869,3.0,461667.0,蕭定一,0.2393593490123749,Q9338365,Culture.Media.Media*,461667.0,102.61200716552072,12.0,6986.0
6870,3.0,461667.0,蕭定一,0.10088862478733064,Q9338365,History_and_Society.Business_and_economics,461667.0,102.61200716552072,12.0,6986.0
6871,2.0,462932.0,鈴木愛理,0.9836069941520692,Q1143678,Culture.Biography.Biography*,462932.0,60.62062949653695,13.0,9893.0
6872,2.0,462932.0,鈴木愛理,0.6654205918312073,Q1143678,Culture.Biography.Women,462932.0,60.62062949653695,13.0,9893.0
6873,2.0,462932.0,鈴木愛理,0.4765896201133728,Q1143678,Culture.Media.Music,462932.0,60.62062949653695,13.0,9893.0
6874,2.0,462932.0,鈴木愛理,0.3923468291759491,Q1143678,Culture.Media.Media*,462932.0,60.62062949653695,13.0,9893.0
6875,2.0,462932.0,鈴木愛理,0.2921159734725952,Q1143678,Geography.Regions.Asia.East_Asia,462932.0,60.62062949653695,13.0,9893.0
6876,2.0,462932.0,鈴木愛理,0.2763098945617676,Q1143678,Geography.Regions.Asia.Asia*,462932.0,60.62062949653695,13.0,9893.0
6877,1.0,463307.0,板桥水库,0.9149109721183776,Q595288,Geography.Regions.Asia.East_Asia,463307.0,0.0,1.0,1248.0
6878,1.0,463307.0,板桥水库,0.839743971824646,Q595288,Geography.Regions.Asia.Asia*,463307.0,0.0,1.0,1248.0
6879,1.0,463307.0,板桥水库,0.8311530351638794,Q595288,STEM.STEM*,463307.0,0.0,1.0,1248.0
6880,1.0,463307.0,板桥水库,0.8031837940216064,Q595288,STEM.Engineering,463307.0,0.0,1.0,1248.0
6881,1.0,463307.0,板桥水库,0.13297423720359802,Q595288,Culture.Visual_arts.Visual_arts*,463307.0,0.0,1.0,1248.0
6882,1.0,463307.0,板桥水库,0.11280541121959685,Q595288,STEM.Technology,463307.0,0.0,1.0,1248.0
6883,3.0,463439.0,碧昂絲,0.9964163899421692,Q36153,Culture.Biography.Biography*,463439.0,7689.968213283404,13.0,3427.0
6884,3.0,463439.0,碧昂絲,0.9149109721183776,Q36153,Culture.Biography.Women,463439.0,7689.968213283404,13.0,3427.0
6885,3.0,463439.0,碧昂絲,0.6791887283325195,Q36153,Culture.Media.Media*,463439.0,7689.968213283404,13.0,3427.0
6886,3.0,463439.0,碧昂絲,0.5312193632125854,Q36153,Culture.Media.Music,463439.0,7689.968213283404,13.0,3427.0
6887,3.0,463439.0,碧昂絲,0.2069040536880493,Q36153,History_and_Society.Society,463439.0,7689.968213283404,13.0,3427.0
6888,3.0,463439.0,碧昂絲,0.12146936559677125,Q36153,Geography.Regions.Americas.North_America,463439.0,7689.968213283404,13.0,3427.0
6889,3.0,463439.0,碧昂絲,0.0,Q36153,Geography.Regions.Europe.Europe*,463439.0,7689.968213283404,13.0,3427.0
6890,3.0,463439.0,碧昂絲,0.0,Q36153,Geography.Regions.Europe.Northern_Europe,463439.0,7689.968213283404,13.0,3427.0
6891,2.0,464496.0,大塚明夫,0.9893575310707092,Q418649,Culture.Biography.Biography*,464496.0,3942.0,8.0,3584.0
6892,2.0,464496.0,大塚明夫,0.9219318628311156,Q418649,Culture.Visual_arts.Comics_and_Anime,464496.0,3942.0,8.0,3584.0
6893,2.0,464496.0,大塚明夫,0.8991314172744751,Q418649,Culture.Visual_arts.Visual_arts*,464496.0,3942.0,8.0,3584.0
6894,2.0,464496.0,大塚明夫,0.8933194279670715,Q418649,Culture.Literature,464496.0,3942.0,8.0,3584.0
6895,2.0,464496.0,大塚明夫,0.2120788097381592,Q418649,Culture.Media.Video_games,464496.0,3942.0,8.0,3584.0
6896,2.0,464496.0,大塚明夫,0.1732981950044632,Q418649,Culture.Internet_culture,464496.0,3942.0,8.0,3584.0
6897,2.0,464496.0,大塚明夫,0.14034625887870789,Q418649,Culture.Media.Media*,464496.0,3942.0,8.0,3584.0
6898,2.0,464496.0,大塚明夫,0.0,Q418649,Geography.Regions.Asia.East_Asia,464496.0,3942.0,8.0,3584.0
6899,2.0,464496.0,大塚明夫,0.0,Q418649,Geography.Regions.Asia.Asia*,464496.0,3942.0,8.0,3584.0
6900,1.0,467768.0,雪納瑞,0.9955416321754456,Q38421,STEM.Biology,467768.0,0.0,10.0,782.0
6901,1.0,467768.0,雪納瑞,0.9954004287719728,Q38421,STEM.STEM*,467768.0,0.0,10.0,782.0
6902,1.0,467768.0,雪納瑞,0.0,Q38421,Geography.Regions.Asia.Asia*,467768.0,0.0,10.0,782.0
6903,1.0,467768.0,雪納瑞,0.0,Q38421,Geography.Regions.Europe.Europe*,467768.0,0.0,10.0,782.0
6904,1.0,467768.0,雪納瑞,0.0,Q38421,Geography.Regions.Asia.East_Asia,467768.0,0.0,10.0,782.0
6905,1.0,467768.0,雪納瑞,0.0,Q38421,Geography.Regions.Europe.Western_Europe,467768.0,0.0,10.0,782.0
6906,1.0,468167.0,耳燭,1.0000100135803225,Q583528,STEM.Medicine_&_Health,468167.0,0.0,6.0,2775.0
6907,1.0,468167.0,耳燭,1.0000100135803225,Q583528,Culture.Philosophy_and_religion,468167.0,0.0,6.0,2775.0
6908,1.0,468167.0,耳燭,0.9992059469223022,Q583528,STEM.STEM*,468167.0,0.0,6.0,2775.0
6909,1.0,468167.0,耳燭,0.15611489117145538,Q583528,STEM.Biology,468167.0,0.0,6.0,2775.0
6910,4.0,470807.0,祖先崇拜,0.6442351341247559,Q238199,Culture.Philosophy_and_religion,470807.0,9166.088334110496,4.0,1601.0
6911,4.0,470807.0,祖先崇拜,0.4225146472454071,Q238199,History_and_Society.Society,470807.0,9166.088334110496,4.0,1601.0
6912,4.0,470807.0,祖先崇拜,0.3775506913661957,Q238199,History_and_Society.History,470807.0,9166.088334110496,4.0,1601.0
6913,4.0,470807.0,祖先崇拜,0.10375863313674928,Q238199,STEM.STEM*,470807.0,9166.088334110496,4.0,1601.0
6914,4.0,470807.0,祖先崇拜,0.0,Q238199,Geography.Regions.Africa.Africa*,470807.0,9166.088334110496,4.0,1601.0
6915,1.0,471308.0,林立雯,0.9980222582817078,Q8261483,Culture.Biography.Biography*,471308.0,0.0,4.0,1525.0
6916,1.0,471308.0,林立雯,0.8519628047943115,Q8261483,Culture.Biography.Women,471308.0,0.0,4.0,1525.0
6917,1.0,471308.0,林立雯,0.7310686111450195,Q8261483,History_and_Society.Society,471308.0,0.0,4.0,1525.0
6918,1.0,471308.0,林立雯,0.338743971824646,Q8261483,Geography.Regions.Asia.East_Asia,471308.0,0.0,4.0,1525.0
6919,1.0,471308.0,林立雯,0.33459946513175964,Q8261483,Culture.Media.Media*,471308.0,0.0,4.0,1525.0
6920,1.0,471308.0,林立雯,0.3301530351638794,Q8261483,Geography.Regions.Asia.Asia*,471308.0,0.0,4.0,1525.0
6921,1.0,471308.0,林立雯,0.16886694729328156,Q8261483,Culture.Media.Music,471308.0,0.0,4.0,1525.0
6922,4.0,473125.0,中国人民解放军陆军第八十二集团军,0.9830951094627379,Q4635999,History_and_Society.Military_and_warfare,473125.0,9614.549527830635,1.0,3001.0
6923,4.0,473125.0,中国人民解放军陆军第八十二集团军,0.4669093360900879,Q4635999,Geography.Regions.Asia.Asia*,473125.0,9614.549527830635,1.0,3001.0
6924,4.0,473125.0,中国人民解放军陆军第八十二集团军,0.4669093360900879,Q4635999,Geography.Regions.Asia.East_Asia,473125.0,9614.549527830635,1.0,3001.0
6925,1.0,473419.0,蔣雅文,0.9850529432296752,Q707589,Culture.Biography.Biography*,473419.0,0.0,12.0,1434.0
6926,1.0,473419.0,蔣雅文,0.38304929637908935,Q707589,Geography.Regions.Asia.East_Asia,473419.0,0.0,12.0,1434.0
6927,1.0,473419.0,蔣雅文,0.3629792034626007,Q707589,Culture.Media.Media*,473419.0,0.0,12.0,1434.0
6928,1.0,473419.0,蔣雅文,0.3624016513824463,Q707589,Geography.Regions.Asia.Asia*,473419.0,0.0,12.0,1434.0
6929,1.0,473419.0,蔣雅文,0.26285186409950256,Q707589,Culture.Media.Music,473419.0,0.0,12.0,1434.0
6930,1.0,473419.0,蔣雅文,0.13661839067935946,Q707589,Culture.Biography.Women,473419.0,0.0,12.0,1434.0
6931,2.0,473508.0,社會服務令,0.2942249774932861,Q15914145,STEM.STEM*,473508.0,4471.865458371194,2.0,597.0
6932,2.0,473508.0,社會服務令,0.0,Q15914145,Geography.Regions.Asia.Asia*,473508.0,4471.865458371194,2.0,597.0
6933,2.0,473508.0,社會服務令,0.0,Q15914145,Geography.Regions.Americas.North_America,473508.0,4471.865458371194,2.0,597.0
6934,2.0,473508.0,社會服務令,0.0,Q15914145,Geography.Regions.Europe.Europe*,473508.0,4471.865458371194,2.0,597.0
6935,4.0,473523.0,方季韋,1.0000100135803225,Q8954036,Culture.Biography.Biography*,473523.0,13468.799070086152,2.0,2937.0
6936,4.0,473523.0,方季韋,0.9416641592979432,Q8954036,History_and_Society.Society,473523.0,13468.799070086152,2.0,2937.0
6937,4.0,473523.0,方季韋,0.6654205918312073,Q8954036,Culture.Biography.Women,473523.0,13468.799070086152,2.0,2937.0
6938,4.0,473523.0,方季韋,0.4767238368988037,Q8954036,Geography.Regions.Asia.East_Asia,473523.0,13468.799070086152,2.0,2937.0
6939,4.0,473523.0,方季韋,0.4638651480674744,Q8954036,Geography.Regions.Asia.Asia*,473523.0,13468.799070086152,2.0,2937.0
6940,4.0,473523.0,方季韋,0.13297423720359802,Q8954036,Culture.Media.Media*,473523.0,13468.799070086152,2.0,2937.0
6941,2.0,473681.0,馬惜珍,0.9748311638832092,Q15907918,Culture.Biography.Biography*,473681.0,257.3723984855564,3.0,4230.0
6942,2.0,473681.0,馬惜珍,0.951152205467224,Q15907918,History_and_Society.Politics_and_government,473681.0,257.3723984855564,3.0,4230.0
6943,2.0,473681.0,馬惜珍,0.3469777574539185,Q15907918,Geography.Regions.Asia.East_Asia,473681.0,257.3723984855564,3.0,4230.0
6944,2.0,473681.0,馬惜珍,0.3257217874526977,Q15907918,Geography.Regions.Asia.Asia*,473681.0,257.3723984855564,3.0,4230.0
6945,2.0,473681.0,馬惜珍,0.12253321707248688,Q15907918,History_and_Society.History,473681.0,257.3723984855564,3.0,4230.0
6946,3.0,473893.0,警務處處長,0.4982306232452393,Q5152841,Geography.Regions.Asia.East_Asia,473893.0,4800.385047226212,3.0,2844.0
6947,3.0,473893.0,警務處處長,0.4946784844398498,Q5152841,Geography.Regions.Asia.Asia*,473893.0,4800.385047226212,3.0,2844.0
6948,3.0,473893.0,警務處處長,0.287777841091156,Q5152841,History_and_Society.Politics_and_government,473893.0,4800.385047226212,3.0,2844.0
6949,3.0,473893.0,警務處處長,0.1097157895565033,Q5152841,STEM.STEM*,473893.0,4800.385047226212,3.0,2844.0
6950,9.0,474965.0,林淑芬,1.0000100135803225,Q8357162,History_and_Society.Society,474965.0,4931.7312742840195,2.0,1547.0
6951,9.0,474965.0,林淑芬,1.0000100135803225,Q8357162,Culture.Biography.Biography*,474965.0,4931.7312742840195,2.0,1547.0
6952,9.0,474965.0,林淑芬,0.9899964332580566,Q8357162,Culture.Biography.Women,474965.0,4931.7312742840195,2.0,1547.0
6953,9.0,474965.0,林淑芬,0.4953027834892273,Q8357162,Geography.Regions.Asia.East_Asia,474965.0,4931.7312742840195,2.0,1547.0
6954,9.0,474965.0,林淑芬,0.4921061863899231,Q8357162,Geography.Regions.Asia.Asia*,474965.0,4931.7312742840195,2.0,1547.0
6955,6.0,475316.0,屈臣氏個人護理店,0.5156299471855164,Q7974785,History_and_Society.Business_and_economics,475316.0,3010.2539047840605,3.0,2429.0
6956,6.0,475316.0,屈臣氏個人護理店,0.4440047016143799,Q7974785,Geography.Regions.Asia.East_Asia,475316.0,3010.2539047840605,3.0,2429.0
6957,6.0,475316.0,屈臣氏個人護理店,0.4440047016143799,Q7974785,Geography.Regions.Asia.Asia*,475316.0,3010.2539047840605,3.0,2429.0
6958,6.0,475316.0,屈臣氏個人護理店,0.2069040536880493,Q7974785,History_and_Society.Society,475316.0,3010.2539047840605,3.0,2429.0
6959,6.0,475316.0,屈臣氏個人護理店,0.1732981950044632,Q7974785,STEM.STEM*,475316.0,3010.2539047840605,3.0,2429.0
6960,6.0,475316.0,屈臣氏個人護理店,0.11597072333097458,Q7974785,STEM.Medicine_&_Health,475316.0,3010.2539047840605,3.0,2429.0
6961,5.0,476985.0,姚樂怡,0.998876452445984,Q8265515,Culture.Biography.Biography*,476985.0,3307.054866019921,12.0,2756.0
6962,5.0,476985.0,姚樂怡,0.6370407938957214,Q8265515,Culture.Biography.Women,476985.0,3307.054866019921,12.0,2756.0
6963,5.0,476985.0,姚樂怡,0.4314633479118347,Q8265515,Geography.Regions.Asia.East_Asia,476985.0,3307.054866019921,12.0,2756.0
6964,5.0,476985.0,姚樂怡,0.3893042674064636,Q8265515,Geography.Regions.Asia.Asia*,476985.0,3307.054866019921,12.0,2756.0
6965,5.0,476985.0,姚樂怡,0.18714269995689392,Q8265515,Culture.Visual_arts.Fashion,476985.0,3307.054866019921,12.0,2756.0
6966,5.0,476985.0,姚樂怡,0.18714269995689392,Q8265515,History_and_Society.Society,476985.0,3307.054866019921,12.0,2756.0
6967,6.0,477237.0,張詠妍,0.9960646033287048,Q8265563,Culture.Biography.Biography*,477237.0,640.252156526305,12.0,28459.0
6968,6.0,477237.0,張詠妍,0.4378334879875183,Q8265563,Culture.Biography.Women,477237.0,640.252156526305,12.0,28459.0
6969,6.0,477237.0,張詠妍,0.3140605390071869,Q8265563,Culture.Visual_arts.Fashion,477237.0,640.252156526305,12.0,28459.0
6970,6.0,477237.0,張詠妍,0.2509227991104126,Q8265563,Culture.Visual_arts.Visual_arts*,477237.0,640.252156526305,12.0,28459.0
6971,6.0,477237.0,張詠妍,0.0,Q8265563,Geography.Regions.Asia.Asia*,477237.0,640.252156526305,12.0,28459.0
6972,6.0,477237.0,張詠妍,0.0,Q8265563,Geography.Regions.Asia.South_Asia,477237.0,640.252156526305,12.0,28459.0
6973,6.0,477237.0,張詠妍,0.0,Q8265563,Geography.Regions.Europe.Europe*,477237.0,640.252156526305,12.0,28459.0
6974,4.0,478564.0,李思捷,0.9970290064811708,Q8994908,Culture.Biography.Biography*,478564.0,8446.957794316755,12.0,2706.0
6975,4.0,478564.0,李思捷,0.3007555902004242,Q8994908,Culture.Media.Media*,478564.0,8446.957794316755,12.0,2706.0
6976,4.0,478564.0,李思捷,0.2653036584854126,Q8994908,Geography.Regions.Asia.East_Asia,478564.0,8446.957794316755,12.0,2706.0
6977,4.0,478564.0,李思捷,0.2596606483459473,Q8994908,Geography.Regions.Asia.Asia*,478564.0,8446.957794316755,12.0,2706.0
6978,4.0,478564.0,李思捷,0.20182321965694427,Q8994908,Culture.Media.Music,478564.0,8446.957794316755,12.0,2706.0
6979,3.0,480235.0,商天娥,0.984585464000702,Q872506,Culture.Biography.Biography*,480235.0,12518.91520917858,12.0,3183.0
6980,3.0,480235.0,商天娥,0.4378334879875183,Q872506,Culture.Biography.Women,480235.0,12518.91520917858,12.0,3183.0
6981,3.0,480235.0,商天娥,0.15742753648757934,Q872506,Geography.Regions.Asia.East_Asia,480235.0,12518.91520917858,12.0,3183.0
6982,3.0,480235.0,商天娥,0.13604079389572146,Q872506,Geography.Regions.Asia.Asia*,480235.0,12518.91520917858,12.0,3183.0
6983,5.0,480565.0,突出部之役,0.9481645226478576,Q151018,History_and_Society.Military_and_warfare,480565.0,5024.350771338372,10.0,3419.0
6984,5.0,480565.0,突出部之役,0.6001983880996704,Q151018,Geography.Regions.Europe.Europe*,480565.0,5024.350771338372,10.0,3419.0
6985,5.0,480565.0,突出部之役,0.4378334879875183,Q151018,Geography.Regions.Europe.Western_Europe,480565.0,5024.350771338372,10.0,3419.0
6986,5.0,480565.0,突出部之役,0.13297423720359802,Q151018,History_and_Society.History,480565.0,5024.350771338372,10.0,3419.0
6987,2.0,482031.0,梁家榮 (傳媒工作者),0.9808859825134276,Q8999118,Culture.Biography.Biography*,482031.0,3942.0,3.0,13270.0
6988,2.0,482031.0,梁家榮 (傳媒工作者),0.3007555902004242,Q8999118,Culture.Media.Media*,482031.0,3942.0,3.0,13270.0
6989,2.0,482031.0,梁家榮 (傳媒工作者),0.13604079389572146,Q8999118,Geography.Regions.Asia.East_Asia,482031.0,3942.0,3.0,13270.0
6990,2.0,482031.0,梁家榮 (傳媒工作者),0.04574816131591797,Q8999118,Geography.Regions.Asia.Asia*,482031.0,3942.0,3.0,13270.0
6991,4.0,482756.0,櫻花大戰系列角色列表,1.0,Q6134753,Compilation.List_Disambig,482756.0,35314.95231897747,8.0,4092.0
6992,4.0,482756.0,櫻花大戰系列角色列表,0.9808859825134276,Q6134753,Culture.Literature,482756.0,35314.95231897747,8.0,4092.0
6993,4.0,482756.0,櫻花大戰系列角色列表,0.59267657995224,Q6134753,Culture.Media.Media*,482756.0,35314.95231897747,8.0,4092.0
6994,4.0,482756.0,櫻花大戰系列角色列表,0.3775506913661957,Q6134753,Culture.Media.Television,482756.0,35314.95231897747,8.0,4092.0
6995,4.0,482756.0,櫻花大戰系列角色列表,0.3629792034626007,Q6134753,Culture.Visual_arts.Comics_and_Anime,482756.0,35314.95231897747,8.0,4092.0
6996,4.0,482756.0,櫻花大戰系列角色列表,0.3557848632335663,Q6134753,Culture.Visual_arts.Visual_arts*,482756.0,35314.95231897747,8.0,4092.0
6997,4.0,482756.0,櫻花大戰系列角色列表,0.20182321965694427,Q6134753,Culture.Media.Entertainment,482756.0,35314.95231897747,8.0,4092.0
6998,8.0,483043.0,乔·拜登,0.9893575310707092,Q6279,Culture.Biography.Biography*,483043.0,26782.45249253268,5.0,25558.0
6999,8.0,483043.0,乔·拜登,0.8080772161483765,Q6279,History_and_Society.Politics_and_government,483043.0,26782.45249253268,5.0,25558.0
7000,8.0,483043.0,乔·拜登,0.33459946513175964,Q6279,Culture.Biography.Women,483043.0,26782.45249253268,5.0,25558.0
7001,8.0,483043.0,乔·拜登,0.2921159734725952,Q6279,Geography.Regions.Americas.North_America,483043.0,26782.45249253268,5.0,25558.0
7002,8.0,483043.0,乔·拜登,0.22816647589206696,Q6279,Culture.Media.Media*,483043.0,26782.45249253268,5.0,25558.0
7003,8.0,483043.0,乔·拜登,0.14805719256401062,Q6279,History_and_Society.Society,483043.0,26782.45249253268,5.0,25558.0
7004,2.0,483193.0,八大,1.0,Q10892063,Compilation.List_Disambig,483193.0,7882.000000000001,13.0,670.0
7005,2.0,483193.0,八大,0.14805719256401062,Q10892063,STEM.STEM*,483193.0,7882.000000000001,13.0,670.0
7006,2.0,483193.0,八大,0.11597072333097458,Q10892063,History_and_Society.Transportation,483193.0,7882.000000000001,13.0,670.0
7007,2.0,483193.0,八大,0.10375863313674928,Q10892063,History_and_Society.Military_and_warfare,483193.0,7882.000000000001,13.0,670.0
7008,2.0,483193.0,八大,0.0,Q10892063,Geography.Regions.Asia.Asia*,483193.0,7882.000000000001,13.0,670.0
7009,2.0,483193.0,八大,0.0,Q10892063,Geography.Regions.Asia.West_Asia,483193.0,7882.000000000001,13.0,670.0
7010,2.0,483193.0,八大,0.0,Q10892063,Geography.Regions.Europe.Europe*,483193.0,7882.000000000001,13.0,670.0
7011,2.0,483193.0,八大,0.0,Q10892063,Geography.Geographical,483193.0,7882.000000000001,13.0,670.0
7012,2.0,483193.0,八大,0.0,Q10892063,Geography.Regions.Americas.North_America,483193.0,7882.000000000001,13.0,670.0
7013,20.0,483257.0,哈里森·福特,0.9985088109970092,Q81328,Culture.Biography.Biography*,483257.0,92501.07744231644,6.0,3209.0
7014,20.0,483257.0,哈里森·福特,0.320831298828125,Q81328,Culture.Media.Media*,483257.0,92501.07744231644,6.0,3209.0
7015,20.0,483257.0,哈里森·福特,0.3007555902004242,Q81328,Culture.Biography.Women,483257.0,92501.07744231644,6.0,3209.0
7016,20.0,483257.0,哈里森·福特,0.2653036584854126,Q81328,Geography.Regions.Americas.North_America,483257.0,92501.07744231644,6.0,3209.0
7017,20.0,483257.0,哈里森·福特,0.1520422399044037,Q81328,Culture.Media.Films,483257.0,92501.07744231644,6.0,3209.0
7018,20.0,483257.0,哈里森·福特,0.1294127255678177,Q81328,History_and_Society.Society,483257.0,92501.07744231644,6.0,3209.0
7019,20.0,483257.0,哈里森·福特,0.0,Q81328,Geography.Regions.Europe.Europe*,483257.0,92501.07744231644,6.0,3209.0
7020,2.0,484081.0,黑人牙膏,0.9615437984466552,Q701133,History_and_Society.Business_and_economics,484081.0,656.3348541007448,5.0,4289.0
7021,2.0,484081.0,黑人牙膏,0.9362950325012208,Q701133,History_and_Society.Society,484081.0,656.3348541007448,5.0,4289.0
7022,2.0,484081.0,黑人牙膏,0.8774868249893188,Q701133,STEM.Medicine_&_Health,484081.0,656.3348541007448,5.0,4289.0
7023,2.0,484081.0,黑人牙膏,0.6654205918312073,Q701133,STEM.STEM*,484081.0,656.3348541007448,5.0,4289.0
7024,2.0,484081.0,黑人牙膏,0.0,Q701133,Geography.Regions.Asia.East_Asia,484081.0,656.3348541007448,5.0,4289.0
7025,2.0,484081.0,黑人牙膏,0.0,Q701133,Geography.Regions.Asia.Asia*,484081.0,656.3348541007448,5.0,4289.0
7026,2.0,484836.0,郑筱萸,0.9893575310707092,Q699804,Culture.Biography.Biography*,484836.0,4138.5461277131735,2.0,1089.0
7027,2.0,484836.0,郑筱萸,0.4687954058647156,Q699804,Geography.Regions.Asia.East_Asia,484836.0,4138.5461277131735,2.0,1089.0
7028,2.0,484836.0,郑筱萸,0.4114462008476257,Q699804,Geography.Regions.Asia.Asia*,484836.0,4138.5461277131735,2.0,1089.0
7029,2.0,485320.0,陳致中,1.0000100135803225,Q6311201,Culture.Biography.Biography*,485320.0,1910.3094658666096,2.0,2299.0
7030,2.0,485320.0,陳致中,1.0000100135803225,Q6311201,History_and_Society.Society,485320.0,1910.3094658666096,2.0,2299.0
7031,2.0,485320.0,陳致中,0.4945416321754456,Q6311201,Geography.Regions.Asia.East_Asia,485320.0,1910.3094658666096,2.0,2299.0
7032,2.0,485320.0,陳致中,0.4918885698318482,Q6311201,Geography.Regions.Asia.Asia*,485320.0,1910.3094658666096,2.0,2299.0
7033,1.0,486035.0,中華民國普通型高級中等學校列表,1.0,Q10876493,Compilation.List_Disambig,486035.0,0.0,5.0,1628.0
7034,1.0,486035.0,中華民國普通型高級中等學校列表,0.16027602553367615,Q10876493,STEM.STEM*,486035.0,0.0,5.0,1628.0
7035,1.0,486035.0,中華民國普通型高級中等學校列表,0.1259327530860901,Q10876493,History_and_Society.Society,486035.0,0.0,5.0,1628.0
7036,1.0,486035.0,中華民國普通型高級中等學校列表,0.11921291798353195,Q10876493,Culture.Media.Media*,486035.0,0.0,5.0,1628.0
7037,1.0,486035.0,中華民國普通型高級中等學校列表,0.0,Q10876493,Geography.Regions.Europe.Europe*,486035.0,0.0,5.0,1628.0
7038,2.0,486078.0,紅唇族,0.9381340146064758,Q15912495,Culture.Biography.Biography*,486078.0,100.70238085858036,4.0,1033.0
7039,2.0,486078.0,紅唇族,0.3998216390609741,Q15912495,History_and_Society.History,486078.0,100.70238085858036,4.0,1033.0
7040,2.0,486078.0,紅唇族,0.2227101624011993,Q15912495,Culture.Biography.Women,486078.0,100.70238085858036,4.0,1033.0
7041,2.0,486078.0,紅唇族,0.0,Q15912495,Geography.Regions.Asia.Asia*,486078.0,100.70238085858036,4.0,1033.0
7042,2.0,486078.0,紅唇族,0.0,Q15912495,Geography.Regions.Europe.Europe*,486078.0,100.70238085858036,4.0,1033.0
7043,2.0,486292.0,AR-15半自動步槍,0.991162657737732,Q1073847,STEM.Technology,486292.0,445.57087533234886,2.0,0.0
7044,2.0,486292.0,AR-15半自動步槍,0.9814634323120116,Q1073847,STEM.STEM*,486292.0,445.57087533234886,2.0,0.0
7045,2.0,486292.0,AR-15半自動步槍,0.1778208613395691,Q1073847,History_and_Society.Military_and_warfare,486292.0,445.57087533234886,2.0,0.0
7046,1.0,486579.0,櫻島,0.9481645226478576,Q128841,Geography.Regions.Asia.Asia*,486579.0,0.0,13.0,1757.0
7047,1.0,486579.0,櫻島,0.9219318628311156,Q128841,STEM.STEM*,486579.0,0.0,13.0,1757.0
7048,1.0,486579.0,櫻島,0.9149109721183776,Q128841,Geography.Geographical,486579.0,0.0,13.0,1757.0
7049,1.0,486579.0,櫻島,0.8903042674064636,Q128841,Geography.Regions.Asia.East_Asia,486579.0,0.0,13.0,1757.0
7050,1.0,486579.0,櫻島,0.8840492963790894,Q128841,STEM.Earth_and_environment,486579.0,0.0,13.0,1757.0
7051,6.0,487588.0,放·逐,0.9073222279548644,Q3061975,Culture.Media.Media*,487588.0,8865.125234637568,12.0,1989.0
7052,6.0,487588.0,放·逐,0.8031837940216064,Q3061975,Culture.Media.Films,487588.0,8865.125234637568,12.0,1989.0
7053,6.0,487588.0,放·逐,0.4669093360900879,Q3061975,Geography.Regions.Asia.East_Asia,487588.0,8865.125234637568,12.0,1989.0
7054,6.0,487588.0,放·逐,0.38304929637908935,Q3061975,Geography.Regions.Asia.Asia*,487588.0,8865.125234637568,12.0,1989.0
7055,5.0,490304.0,谢赫·穆吉布·拉赫曼,0.9841036200523376,Q191375,Culture.Biography.Biography*,490304.0,1283.1587082789579,1.0,873.0
7056,5.0,490304.0,谢赫·穆吉布·拉赫曼,0.4849463572502136,Q191375,Geography.Regions.Asia.Asia*,490304.0,1283.1587082789579,1.0,873.0
7057,5.0,490304.0,谢赫·穆吉布·拉赫曼,0.4730526676177978,Q191375,Geography.Regions.Asia.South_Asia,490304.0,1283.1587082789579,1.0,873.0
7058,5.0,490304.0,谢赫·穆吉布·拉赫曼,0.3775506913661957,Q191375,History_and_Society.Politics_and_government,490304.0,1283.1587082789579,1.0,873.0
7059,5.0,490304.0,谢赫·穆吉布·拉赫曼,0.2509227991104126,Q191375,History_and_Society.Military_and_warfare,490304.0,1283.1587082789579,1.0,873.0
7060,3.0,490713.0,美国海军军官军衔,0.2942249774932861,Q7890841,STEM.STEM*,490713.0,2496.066262771587,5.0,7726.0
7061,3.0,490713.0,美国海军军官军衔,0.0,Q7890841,Geography.Regions.Asia.Asia*,490713.0,2496.066262771587,5.0,7726.0
7062,3.0,490713.0,美国海军军官军衔,0.0,Q7890841,Geography.Regions.Americas.North_America,490713.0,2496.066262771587,5.0,7726.0
7063,3.0,490713.0,美国海军军官军衔,0.0,Q7890841,Geography.Regions.Europe.Europe*,490713.0,2496.066262771587,5.0,7726.0
7064,3.0,491368.0,哆啦A夢 (動畫),1.0000100135803225,Q711311,Culture.Literature,491368.0,7438.178216527507,16.0,3244.0
7065,3.0,491368.0,哆啦A夢 (動畫),1.0000100135803225,Q711311,Culture.Visual_arts.Visual_arts*,491368.0,7438.178216527507,16.0,3244.0
7066,3.0,491368.0,哆啦A夢 (動畫),1.0000100135803225,Q711311,Culture.Visual_arts.Comics_and_Anime,491368.0,7438.178216527507,16.0,3244.0
7067,3.0,491368.0,哆啦A夢 (動畫),0.1294127255678177,Q711311,Culture.Media.Films,491368.0,7438.178216527507,16.0,3244.0
7068,4.0,491627.0,陳雅琳,1.0000100135803225,Q8942269,Culture.Biography.Biography*,491627.0,7204.855878249059,2.0,2860.0
7069,4.0,491627.0,陳雅琳,0.9883227348327636,Q8942269,History_and_Society.Society,491627.0,7204.855878249059,2.0,2860.0
7070,4.0,491627.0,陳雅琳,0.8740872144699097,Q8942269,Culture.Biography.Women,491627.0,7204.855878249059,2.0,2860.0
7071,4.0,491627.0,陳雅琳,0.7773098945617676,Q8942269,Culture.Media.Media*,491627.0,7204.855878249059,2.0,2860.0
7072,4.0,491627.0,陳雅琳,0.43892334604263306,Q8942269,Geography.Regions.Asia.East_Asia,491627.0,7204.855878249059,2.0,2860.0
7073,4.0,491627.0,陳雅琳,0.4334051480293274,Q8942269,Geography.Regions.Asia.Asia*,491627.0,7204.855878249059,2.0,2860.0
7074,4.0,491627.0,陳雅琳,0.10088862478733064,Q8942269,Culture.Literature,491627.0,7204.855878249059,2.0,2860.0
7075,2.0,491629.0,周慧婷,0.9964163899421692,Q8934297,Culture.Biography.Biography*,491629.0,0.0,4.0,1097.0
7076,2.0,491629.0,周慧婷,0.5544804334640503,Q8934297,Culture.Media.Media*,491629.0,0.0,4.0,1097.0
7077,2.0,491629.0,周慧婷,0.3629792034626007,Q8934297,History_and_Society.Society,491629.0,0.0,4.0,1097.0
7078,2.0,491629.0,周慧婷,0.348655104637146,Q8934297,Culture.Biography.Women,491629.0,0.0,4.0,1097.0
7079,2.0,491629.0,周慧婷,0.21124218606948847,Q8934297,Geography.Regions.Asia.Asia*,491629.0,0.0,4.0,1097.0
7080,2.0,491629.0,周慧婷,0.12878464365005493,Q8934297,Geography.Regions.Asia.East_Asia,491629.0,0.0,4.0,1097.0
7081,3.0,491990.0,陳進興,1.0,Q15890344,Compilation.List_Disambig,491990.0,0.0,4.0,1408.0
7082,3.0,491990.0,陳進興,0.15611489117145538,Q15890344,STEM.STEM*,491990.0,0.0,4.0,1408.0
7083,3.0,491990.0,陳進興,0.14805719256401062,Q15890344,History_and_Society.Transportation,491990.0,0.0,4.0,1408.0
7084,3.0,491990.0,陳進興,0.11280541121959685,Q15890344,History_and_Society.Military_and_warfare,491990.0,0.0,4.0,1408.0
7085,3.0,491990.0,陳進興,0.0,Q15890344,Geography.Regions.Asia.Asia*,491990.0,0.0,4.0,1408.0
7086,3.0,491990.0,陳進興,0.0,Q15890344,Geography.Geographical,491990.0,0.0,4.0,1408.0
7087,3.0,491990.0,陳進興,0.0,Q15890344,Geography.Regions.Asia.West_Asia,491990.0,0.0,4.0,1408.0
7088,4.0,492269.0,胡蝶,0.9841036200523376,Q448775,Culture.Biography.Biography*,492269.0,148.1579847481994,12.0,1746.0
7089,4.0,492269.0,胡蝶,0.4921981394290924,Q448775,Culture.Biography.Women,492269.0,148.1579847481994,12.0,1746.0
7090,4.0,492269.0,胡蝶,0.37980710172653204,Q448775,Geography.Regions.Asia.East_Asia,492269.0,148.1579847481994,12.0,1746.0
7091,4.0,492269.0,胡蝶,0.3624016513824463,Q448775,Geography.Regions.Asia.Asia*,492269.0,148.1579847481994,12.0,1746.0
7092,4.0,492269.0,胡蝶,0.10375863313674928,Q448775,History_and_Society.History,492269.0,148.1579847481994,12.0,1746.0
7093,1.0,492487.0,陳輝虹,0.9993003606796264,Q8944573,Culture.Biography.Biography*,492487.0,0.0,12.0,1430.0
7094,1.0,492487.0,陳輝虹,0.0,Q8944573,Geography.Regions.Asia.East_Asia,492487.0,0.0,12.0,1430.0
7095,1.0,492487.0,陳輝虹,0.0,Q8944573,Geography.Regions.Asia.Asia*,492487.0,0.0,12.0,1430.0
7096,1.0,492487.0,陳輝虹,0.0,Q8944573,Geography.Regions.Europe.Europe*,492487.0,0.0,12.0,1430.0
7097,2.0,492736.0,齋戒月,0.8080772161483765,Q41662,Culture.Philosophy_and_religion,492736.0,459.10946594817375,11.0,2712.0
7098,2.0,492736.0,齋戒月,0.2393593490123749,Q41662,History_and_Society.Politics_and_government,492736.0,459.10946594817375,11.0,2712.0
7099,2.0,492736.0,齋戒月,0.23371636867523196,Q41662,History_and_Society.Society,492736.0,459.10946594817375,11.0,2712.0
7100,2.0,492736.0,齋戒月,0.11921291798353195,Q41662,History_and_Society.Business_and_economics,492736.0,459.10946594817375,11.0,2712.0
7101,2.0,492736.0,齋戒月,0.0,Q41662,Geography.Regions.Europe.Europe*,492736.0,459.10946594817375,11.0,2712.0
7102,2.0,492736.0,齋戒月,0.0,Q41662,Geography.Regions.Europe.Northern_Europe,492736.0,459.10946594817375,11.0,2712.0
7103,12.0,495092.0,终结者2：审判日,0.9916942119598388,Q170564,Culture.Media.Media*,495092.0,49633.18379202415,13.0,2584.0
7104,12.0,495092.0,终结者2：审判日,0.9905974268913268,Q170564,Culture.Media.Films,495092.0,49633.18379202415,13.0,2584.0
7105,12.0,495092.0,终结者2：审判日,0.4378334879875183,Q170564,Culture.Media.Entertainment,495092.0,49633.18379202415,13.0,2584.0
7106,12.0,495092.0,终结者2：审判日,0.0,Q170564,Geography.Regions.Americas.North_America,495092.0,49633.18379202415,13.0,2584.0
7107,4.0,497647.0,艾莉絲 (主持人),1.0000100135803225,Q11614557,Culture.Biography.Biography*,497647.0,2567.583166030977,4.0,2473.0
7108,4.0,497647.0,艾莉絲 (主持人),0.9173126816749572,Q11614557,History_and_Society.Society,497647.0,2567.583166030977,4.0,2473.0
7109,4.0,497647.0,艾莉絲 (主持人),0.7490972280502319,Q11614557,Culture.Biography.Women,497647.0,2567.583166030977,4.0,2473.0
7110,4.0,497647.0,艾莉絲 (主持人),0.4904325475692749,Q11614557,Geography.Regions.Asia.East_Asia,497647.0,2567.583166030977,4.0,2473.0
7111,4.0,497647.0,艾莉絲 (主持人),0.459371196269989,Q11614557,Geography.Regions.Asia.Asia*,497647.0,2567.583166030977,4.0,2473.0
7112,4.0,497647.0,艾莉絲 (主持人),0.23371636867523196,Q11614557,Culture.Media.Media*,497647.0,2567.583166030977,4.0,2473.0
7113,4.0,497647.0,艾莉絲 (主持人),0.1778208613395691,Q11614557,Culture.Media.Music,497647.0,2567.583166030977,4.0,2473.0
7114,5.0,498100.0,王書麒,0.9966334104537964,Q9315041,Culture.Biography.Biography*,498100.0,1823.41288753966,12.0,2457.0
7115,5.0,498100.0,王書麒,0.0,Q9315041,Geography.Regions.Asia.Asia*,498100.0,1823.41288753966,12.0,2457.0
7116,3.0,498249.0,臺鐵重大死傷事故列表,1.0,Q15897881,Compilation.List_Disambig,498249.0,562.3465974521438,5.0,2292.0
7117,3.0,498249.0,臺鐵重大死傷事故列表,0.2227101624011993,Q15897881,STEM.STEM*,498249.0,562.3465974521438,5.0,2292.0
7118,3.0,498249.0,臺鐵重大死傷事故列表,0.1259327530860901,Q15897881,Culture.Media.Media*,498249.0,562.3465974521438,5.0,2292.0
7119,3.0,498249.0,臺鐵重大死傷事故列表,0.10088862478733064,Q15897881,Culture.Sports,498249.0,562.3465974521438,5.0,2292.0
7120,3.0,498249.0,臺鐵重大死傷事故列表,0.0,Q15897881,Geography.Regions.Americas.North_America,498249.0,562.3465974521438,5.0,2292.0
7121,3.0,498249.0,臺鐵重大死傷事故列表,0.0,Q15897881,Geography.Regions.Europe.Europe*,498249.0,562.3465974521438,5.0,2292.0
7122,3.0,498249.0,臺鐵重大死傷事故列表,0.0,Q15897881,Geography.Regions.Asia.Asia*,498249.0,562.3465974521438,5.0,2292.0
7123,5.0,498674.0,韓馬利,0.9984612464904784,Q8262304,Culture.Biography.Biography*,498674.0,10744.430484460263,12.0,3157.0
7124,5.0,498674.0,韓馬利,0.538993239402771,Q8262304,Culture.Biography.Women,498674.0,10744.430484460263,12.0,3157.0
7125,5.0,498674.0,韓馬利,0.2596606483459473,Q8262304,Geography.Regions.Asia.East_Asia,498674.0,10744.430484460263,12.0,3157.0
7126,5.0,498674.0,韓馬利,0.1713417043685913,Q8262304,Geography.Regions.Asia.Asia*,498674.0,10744.430484460263,12.0,3157.0
7127,2.0,499381.0,鴻鈞老祖,0.5000100135803223,Q5895846,Culture.Philosophy_and_religion,499381.0,0.0,4.0,2048.0
7128,2.0,499381.0,鴻鈞老祖,0.4990100135803223,Q5895846,Geography.Regions.Asia.East_Asia,499381.0,0.0,4.0,2048.0
7129,2.0,499381.0,鴻鈞老祖,0.4990100135803223,Q5895846,Geography.Regions.Asia.Asia*,499381.0,0.0,4.0,2048.0
7130,2.0,499381.0,鴻鈞老祖,0.1732981950044632,Q5895846,Culture.Literature,499381.0,0.0,4.0,2048.0
7131,4.0,499433.0,尾獸,0.9879562258720398,Q55515,Culture.Literature,499433.0,1139.2186536408099,14.0,2915.0
7132,4.0,499433.0,尾獸,0.967909336090088,Q55515,Culture.Visual_arts.Visual_arts*,499433.0,1139.2186536408099,14.0,2915.0
7133,4.0,499433.0,尾獸,0.9648651480674744,Q55515,Culture.Visual_arts.Comics_and_Anime,499433.0,1139.2186536408099,14.0,2915.0
7134,2.0,499452.0,許秀年,1.0000100135803225,Q9430935,Culture.Biography.Biography*,499452.0,0.0,11.0,1659.0
7135,2.0,499452.0,許秀年,0.8872146010398865,Q9430935,History_and_Society.Society,499452.0,0.0,11.0,1659.0
7136,2.0,499452.0,許秀年,0.6150978803634644,Q9430935,Culture.Biography.Women,499452.0,0.0,11.0,1659.0
7137,2.0,499452.0,許秀年,0.4569222798347473,Q9430935,Geography.Regions.Asia.East_Asia,499452.0,0.0,11.0,1659.0
7138,2.0,499452.0,許秀年,0.4471645226478577,Q9430935,Geography.Regions.Asia.Asia*,499452.0,0.0,11.0,1659.0
7139,4.0,499530.0,东盟成员国列表,1.0,Q1951661,Compilation.List_Disambig,499530.0,3549.815933401545,1.0,2136.0
7140,4.0,499530.0,东盟成员国列表,0.6791887283325195,Q1951661,History_and_Society.Politics_and_government,499530.0,3549.815933401545,1.0,2136.0
7141,4.0,499530.0,东盟成员国列表,0.4968272914886474,Q1951661,Geography.Regions.Asia.Southeast_Asia,499530.0,3549.815933401545,1.0,2136.0
7142,4.0,499530.0,东盟成员国列表,0.4820951094627381,Q1951661,Geography.Regions.Asia.Asia*,499530.0,3549.815933401545,1.0,2136.0
7143,4.0,499530.0,东盟成员国列表,0.14805719256401062,Q1951661,Culture.Media.Media*,499530.0,3549.815933401545,1.0,2136.0
7144,4.0,499530.0,东盟成员国列表,0.0,Q1951661,Geography.Regions.Asia.South_Asia,499530.0,3549.815933401545,1.0,2136.0
7145,1.0,499868.0,送别 (歌曲),0.9995221495628356,Q11504505,Culture.Media.Music,499868.0,0.0,2.0,2607.0
7146,1.0,499868.0,送别 (歌曲),0.9993221759796144,Q11504505,Culture.Media.Media*,499868.0,0.0,2.0,2607.0
7147,18.0,500626.0,野村哲也,0.9886782765388488,Q355062,Culture.Biography.Biography*,500626.0,428.1528133187549,14.0,3227.0
7148,18.0,500626.0,野村哲也,0.8872146010398865,Q355062,Culture.Media.Video_games,500626.0,428.1528133187549,14.0,3227.0
7149,18.0,500626.0,野村哲也,0.8267217874526978,Q355062,Culture.Internet_culture,500626.0,428.1528133187549,14.0,3227.0
7150,18.0,500626.0,野村哲也,0.3998216390609741,Q355062,Culture.Media.Media*,500626.0,428.1528133187549,14.0,3227.0
7151,18.0,500626.0,野村哲也,0.2509227991104126,Q355062,Culture.Visual_arts.Visual_arts*,500626.0,428.1528133187549,14.0,3227.0
7152,18.0,500626.0,野村哲也,0.2069040536880493,Q355062,Culture.Visual_arts.Comics_and_Anime,500626.0,428.1528133187549,14.0,3227.0
7153,18.0,500626.0,野村哲也,0.16886694729328156,Q355062,Culture.Literature,500626.0,428.1528133187549,14.0,3227.0
7154,18.0,500626.0,野村哲也,0.08411114120483397,Q355062,Geography.Regions.Asia.East_Asia,500626.0,428.1528133187549,14.0,3227.0
7155,18.0,500626.0,野村哲也,0.0,Q355062,Geography.Regions.Asia.Asia*,500626.0,428.1528133187549,14.0,3227.0
7156,18.0,500681.0,藤原龍也,0.9987651705741882,Q343598,Culture.Biography.Biography*,500681.0,13881.012035274587,13.0,3222.0
7157,18.0,500681.0,藤原龍也,0.20182321965694427,Q343598,Culture.Literature,500681.0,13881.012035274587,13.0,3222.0
7158,18.0,500681.0,藤原龍也,0.11921291798353195,Q343598,Culture.Visual_arts.Comics_and_Anime,500681.0,13881.012035274587,13.0,3222.0
7159,18.0,500681.0,藤原龍也,0.10375863313674928,Q343598,Culture.Media.Music,500681.0,13881.012035274587,13.0,3222.0
7160,18.0,500681.0,藤原龍也,0.09167657995224,Q343598,Geography.Regions.Asia.Asia*,500681.0,13881.012035274587,13.0,3222.0
7161,18.0,500681.0,藤原龍也,0.08411114120483397,Q343598,Geography.Regions.Asia.East_Asia,500681.0,13881.012035274587,13.0,3222.0
7162,15.0,500795.0,獅子山下 (歌曲),0.9706977605819702,Q15909571,Culture.Media.Media*,500795.0,38185.90637626573,3.0,2022.0
7163,15.0,500795.0,獅子山下 (歌曲),0.9539760947227478,Q15909571,Culture.Media.Music,500795.0,38185.90637626573,3.0,2022.0
7164,15.0,500795.0,獅子山下 (歌曲),0.4986055364608765,Q15909571,Geography.Regions.Asia.East_Asia,500795.0,38185.90637626573,3.0,2022.0
7165,15.0,500795.0,獅子山下 (歌曲),0.4962950220108032,Q15909571,Geography.Regions.Asia.Asia*,500795.0,38185.90637626573,3.0,2022.0
7166,15.0,500795.0,獅子山下 (歌曲),0.14805719256401062,Q15909571,Culture.Media.Television,500795.0,38185.90637626573,3.0,2022.0
7167,26.0,501320.0,大陳島撤退,0.946606695652008,Q710193,Geography.Regions.Asia.Asia*,501320.0,65029.388778819375,5.0,3038.0
7168,26.0,501320.0,大陳島撤退,0.94500470161438,Q710193,Geography.Regions.Asia.East_Asia,501320.0,65029.388778819375,5.0,3038.0
7169,26.0,501320.0,大陳島撤退,0.8354935646057129,Q710193,History_and_Society.Military_and_warfare,501320.0,65029.388778819375,5.0,3038.0
7170,2.0,501699.0,伊尔贡,0.9416641592979432,Q207913,History_and_Society.Politics_and_government,501699.0,0.0,11.0,574.0
7171,2.0,501699.0,伊尔贡,0.2596606483459473,Q207913,Geography.Regions.Asia.Asia*,501699.0,0.0,11.0,574.0
7172,2.0,501699.0,伊尔贡,0.1968362182378769,Q207913,History_and_Society.Military_and_warfare,501699.0,0.0,11.0,574.0
7173,2.0,501699.0,伊尔贡,0.11597072333097458,Q207913,Culture.Philosophy_and_religion,501699.0,0.0,11.0,574.0
7174,2.0,501699.0,伊尔贡,0.11409788036346435,Q207913,Geography.Regions.Asia.West_Asia,501699.0,0.0,11.0,574.0
7175,2.0,501699.0,伊尔贡,0.0,Q207913,Geography.Regions.Africa.Africa*,501699.0,0.0,11.0,574.0
7176,2.0,501699.0,伊尔贡,0.0,Q207913,Geography.Regions.Europe.Europe*,501699.0,0.0,11.0,574.0
7177,9.0,502339.0,高麗虹,0.967909336090088,Q6297491,Culture.Biography.Biography*,502339.0,7162.7352498787695,7.0,1896.0
7178,9.0,502339.0,高麗虹,0.5544804334640503,Q6297491,Culture.Biography.Women,502339.0,7162.7352498787695,7.0,1896.0
7179,9.0,502339.0,高麗虹,0.4543291201591492,Q6297491,Geography.Regions.Asia.East_Asia,502339.0,7162.7352498787695,7.0,1896.0
7180,9.0,502339.0,高麗虹,0.3981314172744751,Q6297491,Geography.Regions.Asia.Asia*,502339.0,7162.7352498787695,7.0,1896.0
7181,17.0,502911.0,吳耀漢,0.9980832934379578,Q4215838,Culture.Biography.Biography*,502911.0,34466.05009306084,12.0,3958.0
7182,17.0,502911.0,吳耀漢,0.13604079389572146,Q4215838,Geography.Regions.Asia.East_Asia,502911.0,34466.05009306084,12.0,3958.0
7183,17.0,502911.0,吳耀漢,0.0,Q4215838,Geography.Regions.Asia.Asia*,502911.0,34466.05009306084,12.0,3958.0
7184,11.0,503584.0,爛賭英雄,0.9539760947227478,Q10404983,Culture.Media.Films,503584.0,9125.418323964042,12.0,819.0
7185,11.0,503584.0,爛賭英雄,0.8479777574539185,Q10404983,Culture.Media.Media*,503584.0,9125.418323964042,12.0,819.0
7186,11.0,503584.0,爛賭英雄,0.6297846436500549,Q10404983,Culture.Biography.Biography*,503584.0,9125.418323964042,12.0,819.0
7187,11.0,503584.0,爛賭英雄,0.5312193632125854,Q10404983,History_and_Society.Society,503584.0,9125.418323964042,12.0,819.0
7188,11.0,503584.0,爛賭英雄,0.495837317943573,Q10404983,Geography.Regions.Asia.East_Asia,503584.0,9125.418323964042,12.0,819.0
7189,11.0,503584.0,爛賭英雄,0.4921061863899231,Q10404983,Geography.Regions.Asia.Asia*,503584.0,9125.418323964042,12.0,819.0
7190,9.0,503935.0,八星報喜,0.6297846436500549,Q4167771,Culture.Media.Media*,503935.0,3181.220069892721,12.0,1248.0
7191,9.0,503935.0,八星報喜,0.4889964332580566,Q4167771,Geography.Regions.Asia.East_Asia,503935.0,3181.220069892721,12.0,1248.0
7192,9.0,503935.0,八星報喜,0.4696977605819702,Q4167771,Geography.Regions.Asia.Asia*,503935.0,3181.220069892721,12.0,1248.0
7193,9.0,503935.0,八星報喜,0.4301573634147644,Q4167771,Culture.Media.Films,503935.0,3181.220069892721,12.0,1248.0
7194,4.0,504327.0,江伊晴,0.9863731861114502,Q877041,Culture.Biography.Biography*,504327.0,3097.919421103377,12.0,0.0
7195,4.0,504327.0,江伊晴,0.4529760947227478,Q877041,Geography.Regions.Asia.Asia*,504327.0,3097.919421103377,12.0,0.0
7196,4.0,504327.0,江伊晴,0.4352950325012207,Q877041,Geography.Regions.Asia.East_Asia,504327.0,3097.919421103377,12.0,0.0
7197,4.0,504327.0,江伊晴,0.3140605390071869,Q877041,Culture.Biography.Women,504327.0,3097.919421103377,12.0,0.0
7198,4.0,504327.0,江伊晴,0.22816647589206696,Q877041,Culture.Media.Music,504327.0,3097.919421103377,12.0,0.0
7199,4.0,504327.0,江伊晴,0.10088862478733064,Q877041,Culture.Media.Media*,504327.0,3097.919421103377,12.0,0.0
7200,24.0,505773.0,中華民國（臺灣）,1.0000100135803225,Q10876495,History_and_Society.Society,505773.0,34314.876965464355,5.0,3401.0
7201,24.0,505773.0,中華民國（臺灣）,1.0000100135803225,Q10876495,Culture.Biography.Biography*,505773.0,34314.876965464355,5.0,3401.0
7202,24.0,505773.0,中華民國（臺灣）,0.4932797422409058,Q10876495,Geography.Regions.Asia.East_Asia,505773.0,34314.876965464355,5.0,3401.0
7203,24.0,505773.0,中華民國（臺灣）,0.4780457487106323,Q10876495,Geography.Regions.Asia.Asia*,505773.0,34314.876965464355,5.0,3401.0
7204,24.0,505773.0,中華民國（臺灣）,0.26285186409950256,Q10876495,Culture.Linguistics,505773.0,34314.876965464355,5.0,3401.0
7205,8.0,506453.0,兩棲突擊艦,0.9790457487106324,Q474748,History_and_Society.Military_and_warfare,506453.0,2160.1882354604268,5.0,2564.0
7206,8.0,506453.0,兩棲突擊艦,0.9381340146064758,Q474748,History_and_Society.Transportation,506453.0,2160.1882354604268,5.0,2564.0
7207,8.0,506453.0,兩棲突擊艦,0.16452647745609286,Q474748,STEM.Engineering,506453.0,2160.1882354604268,5.0,2564.0
7208,8.0,506453.0,兩棲突擊艦,0.13661839067935946,Q474748,STEM.STEM*,506453.0,2160.1882354604268,5.0,2564.0
7209,8.0,506453.0,兩棲突擊艦,0.11597072333097458,Q474748,STEM.Technology,506453.0,2160.1882354604268,5.0,2564.0
7210,8.0,506453.0,兩棲突擊艦,0.10088862478733064,Q474748,History_and_Society.Politics_and_government,506453.0,2160.1882354604268,5.0,2564.0
7211,4.0,507075.0,潘麗麗,0.9955416321754456,Q9309985,Culture.Biography.Biography*,507075.0,11624.905770755293,4.0,2255.0
7212,4.0,507075.0,潘麗麗,0.2047950496673584,Q9309985,Geography.Regions.Asia.Asia*,507075.0,11624.905770755293,4.0,2255.0
7213,4.0,507075.0,潘麗麗,0.14034625887870789,Q9309985,Culture.Media.Media*,507075.0,11624.905770755293,4.0,2255.0
7214,4.0,507075.0,潘麗麗,0.11280541121959685,Q9309985,Culture.Biography.Women,507075.0,11624.905770755293,4.0,2255.0
7215,4.0,507075.0,潘麗麗,0.0,Q9309985,Geography.Regions.Asia.East_Asia,507075.0,11624.905770755293,4.0,2255.0
7216,4.0,507075.0,潘麗麗,0.0,Q9309985,Geography.Regions.Asia.Southeast_Asia,507075.0,11624.905770755293,4.0,2255.0
7217,4.0,508179.0,佛朗基,0.9099169969558716,Q1190670,Culture.Literature,508179.0,336.42625669613,14.0,2630.0
7218,4.0,508179.0,佛朗基,0.8439050912857056,Q1190670,Culture.Visual_arts.Comics_and_Anime,508179.0,336.42625669613,14.0,2630.0
7219,4.0,508179.0,佛朗基,0.7718535065650941,Q1190670,Culture.Visual_arts.Visual_arts*,508179.0,336.42625669613,14.0,2630.0
7220,1.0,508708.0,美洲鬣蜥,0.9993433356285096,Q215376,STEM.Biology,508708.0,0.0,5.0,1583.0
7221,1.0,508708.0,美洲鬣蜥,0.9992059469223022,Q215376,STEM.STEM*,508708.0,0.0,5.0,1583.0
7222,1.0,508708.0,美洲鬣蜥,0.0,Q215376,Geography.Regions.Americas.Central_America,508708.0,0.0,5.0,1583.0
7223,5.0,509285.0,水星计划,0.7663036584854126,Q52162,History_and_Society.Transportation,509285.0,6284.368798870604,10.0,1024.0
7224,5.0,509285.0,水星计划,0.7431780099868774,Q52162,STEM.STEM*,509285.0,6284.368798870604,10.0,1024.0
7225,5.0,509285.0,水星计划,0.6297846436500549,Q52162,STEM.Space,509285.0,6284.368798870604,10.0,1024.0
7226,5.0,509285.0,水星计划,0.5544804334640503,Q52162,STEM.Technology,509285.0,6284.368798870604,10.0,1024.0
7227,5.0,509285.0,水星计划,0.16027602553367615,Q52162,STEM.Engineering,509285.0,6284.368798870604,10.0,1024.0
7228,5.0,509285.0,水星计划,0.14034625887870789,Q52162,History_and_Society.Politics_and_government,509285.0,6284.368798870604,10.0,1024.0
7229,5.0,509285.0,水星计划,0.11921291798353195,Q52162,Culture.Biography.Biography*,509285.0,6284.368798870604,10.0,1024.0
7230,5.0,509285.0,水星计划,0.0,Q52162,Geography.Regions.Americas.North_America,509285.0,6284.368798870604,10.0,1024.0
7231,5.0,509516.0,自由職業,0.23371636867523196,Q215279,History_and_Society.Business_and_economics,509516.0,12946.710456068286,10.0,1995.0
7232,5.0,509516.0,自由職業,0.20182321965694427,Q215279,History_and_Society.Politics_and_government,509516.0,12946.710456068286,10.0,1995.0
7233,5.0,509516.0,自由職業,0.1778208613395691,Q215279,STEM.STEM*,509516.0,12946.710456068286,10.0,1995.0
7234,5.0,509516.0,自由職業,0.16452647745609286,Q215279,History_and_Society.Society,509516.0,12946.710456068286,10.0,1995.0
7235,5.0,509516.0,自由職業,0.11280541121959685,Q215279,History_and_Society.History,509516.0,12946.710456068286,10.0,1995.0
7236,5.0,509516.0,自由職業,0.0,Q215279,Geography.Regions.Europe.Europe*,509516.0,12946.710456068286,10.0,1995.0
7237,5.0,509516.0,自由職業,0.0,Q215279,Geography.Regions.Europe.Northern_Europe,509516.0,12946.710456068286,10.0,1995.0
7238,5.0,509516.0,自由職業,0.0,Q215279,Geography.Regions.Europe.Southern_Europe,509516.0,12946.710456068286,10.0,1995.0
7239,4.0,509600.0,玩命關頭3：東京甩尾,0.99745911359787,Q213208,Culture.Media.Films,509600.0,2910.2473366466133,8.0,4022.0
7240,4.0,509600.0,玩命關頭3：東京甩尾,0.996185541152954,Q213208,Culture.Media.Media*,509600.0,2910.2473366466133,8.0,4022.0
7241,4.0,509600.0,玩命關頭3：東京甩尾,0.2814156115055084,Q213208,Culture.Media.Entertainment,509600.0,2910.2473366466133,8.0,4022.0
7242,4.0,509600.0,玩命關頭3：東京甩尾,0.1097157895565033,Q213208,Culture.Literature,509600.0,2910.2473366466133,8.0,4022.0
7243,4.0,509600.0,玩命關頭3：東京甩尾,0.10375863313674928,Q213208,Culture.Visual_arts.Comics_and_Anime,509600.0,2910.2473366466133,8.0,4022.0
7244,4.0,509600.0,玩命關頭3：東京甩尾,0.0,Q213208,Geography.Regions.Americas.North_America,509600.0,2910.2473366466133,8.0,4022.0
7245,3.0,509922.0,青二製作,0.8311530351638794,Q1359479,Culture.Visual_arts.Comics_and_Anime,509922.0,2884.955104994057,14.0,935.0
7246,3.0,509922.0,青二製作,0.7248802781105042,Q1359479,History_and_Society.Business_and_economics,509922.0,2884.955104994057,14.0,935.0
7247,3.0,509922.0,青二製作,0.6001983880996704,Q1359479,Culture.Literature,509922.0,2884.955104994057,14.0,935.0
7248,3.0,509922.0,青二製作,0.59267657995224,Q1359479,Culture.Visual_arts.Visual_arts*,509922.0,2884.955104994057,14.0,935.0
7249,3.0,509922.0,青二製作,0.4688006341457367,Q1359479,Culture.Media.Media*,509922.0,2884.955104994057,14.0,935.0
7250,3.0,509922.0,青二製作,0.23616819286346435,Q1359479,Geography.Regions.Asia.East_Asia,509922.0,2884.955104994057,14.0,935.0
7251,3.0,509922.0,青二製作,0.20182321965694427,Q1359479,Culture.Internet_culture,509922.0,2884.955104994057,14.0,935.0
7252,3.0,509922.0,青二製作,0.16886694729328156,Q1359479,Culture.Media.Video_games,509922.0,2884.955104994057,14.0,935.0
7253,3.0,509922.0,青二製作,0.13604079389572146,Q1359479,Geography.Regions.Asia.Asia*,509922.0,2884.955104994057,14.0,935.0
7254,3.0,510522.0,派遣女王,0.951152205467224,Q5368367,Culture.Media.Media*,510522.0,4401.652763690385,13.0,3131.0
7255,3.0,510522.0,派遣女王,0.9481645226478576,Q5368367,Culture.Media.Television,510522.0,4401.652763690385,13.0,3131.0
7256,3.0,510522.0,派遣女王,0.3624016513824463,Q5368367,Geography.Regions.Asia.Asia*,510522.0,4401.652763690385,13.0,3131.0
7257,3.0,510522.0,派遣女王,0.2921159734725952,Q5368367,Geography.Regions.Asia.East_Asia,510522.0,4401.652763690385,13.0,3131.0
7258,11.0,510555.0,跳躍吧！時空少女,0.9935217499732972,Q336012,Culture.Media.Media*,510555.0,33779.823784524895,13.0,3143.0
7259,11.0,510555.0,跳躍吧！時空少女,0.9855064153671264,Q336012,Culture.Media.Films,510555.0,33779.823784524895,13.0,3143.0
7260,11.0,510555.0,跳躍吧！時空少女,0.9263137578964232,Q336012,Culture.Visual_arts.Comics_and_Anime,510555.0,33779.823784524895,13.0,3143.0
7261,11.0,510555.0,跳躍吧！時空少女,0.8740872144699097,Q336012,Culture.Visual_arts.Visual_arts*,510555.0,33779.823784524895,13.0,3143.0
7262,11.0,510555.0,跳躍吧！時空少女,0.8479777574539185,Q336012,Culture.Literature,510555.0,33779.823784524895,13.0,3143.0
7263,11.0,510555.0,跳躍吧！時空少女,0.3775506913661957,Q336012,Culture.Media.Entertainment,510555.0,33779.823784524895,13.0,3143.0
7264,11.0,510555.0,跳躍吧！時空少女,0.0,Q336012,Geography.Regions.Asia.East_Asia,510555.0,33779.823784524895,13.0,3143.0
7265,11.0,510555.0,跳躍吧！時空少女,0.0,Q336012,Geography.Regions.Asia.Asia*,510555.0,33779.823784524895,13.0,3143.0
7266,1.0,512274.0,游标卡尺,0.7718535065650941,Q14946576,STEM.STEM*,512274.0,0.0,10.0,1077.0
7267,1.0,512274.0,游标卡尺,0.59267657995224,Q14946576,STEM.Medicine_&_Health,512274.0,0.0,10.0,1077.0
7268,1.0,512274.0,游标卡尺,0.1732981950044632,Q14946576,STEM.Biology,512274.0,0.0,10.0,1077.0
7269,1.0,512274.0,游标卡尺,0.10088862478733064,Q14946576,STEM.Earth_and_environment,512274.0,0.0,10.0,1077.0
7270,4.0,512578.0,安芬尼·哈达威,0.9993221759796144,Q317209,Culture.Biography.Biography*,512578.0,316.27162722915267,17.0,3696.0
7271,4.0,512578.0,安芬尼·哈达威,0.9992306232452391,Q317209,Culture.Sports,512578.0,316.27162722915267,17.0,3696.0
7272,4.0,512578.0,安芬尼·哈达威,0.2816725244522095,Q317209,Geography.Regions.Americas.North_America,512578.0,316.27162722915267,17.0,3696.0
7273,3.0,512840.0,夜半歌声 (1995年电影),0.9951046109199524,Q7756841,Culture.Media.Films,512840.0,0.0,12.0,1983.0
7274,3.0,512840.0,夜半歌声 (1995年电影),0.9942797422409058,Q7756841,Culture.Media.Media*,512840.0,0.0,12.0,1983.0
7275,3.0,512840.0,夜半歌声 (1995年电影),0.4865783920288086,Q7756841,Geography.Regions.Asia.East_Asia,512840.0,0.0,12.0,1983.0
7276,3.0,512840.0,夜半歌声 (1995年电影),0.4798859825134277,Q7756841,Geography.Regions.Asia.Asia*,512840.0,0.0,12.0,1983.0
7277,1.0,513463.0,空军一号 (电影),0.99219411611557,Q407184,Culture.Media.Media*,513463.0,0.0,6.0,1043.0
7278,1.0,513463.0,空军一号 (电影),0.9890230894088744,Q407184,Culture.Media.Films,513463.0,0.0,6.0,1043.0
7279,1.0,513463.0,空军一号 (电影),0.0,Q407184,Geography.Regions.Americas.North_America,513463.0,0.0,6.0,1043.0
7280,13.0,513476.0,東涌西站,0.9893575310707092,Q7852983,History_and_Society.Transportation,513476.0,530.5740458478591,10.0,4378.0
7281,13.0,513476.0,東涌西站,0.9381340146064758,Q7852983,Geography.Regions.Asia.Asia*,513476.0,530.5740458478591,10.0,4378.0
7282,13.0,513476.0,東涌西站,0.9344051480293274,Q7852983,Geography.Regions.Asia.East_Asia,513476.0,530.5740458478591,10.0,4378.0
7283,13.0,513476.0,東涌西站,0.3557848632335663,Q7852983,History_and_Society.Business_and_economics,513476.0,530.5740458478591,10.0,4378.0
7284,18.0,513664.0,章献明肃皇后,0.9219318628311156,Q5374564,Culture.Biography.Women,513664.0,10586.444821041012,15.0,4122.0
7285,18.0,513664.0,章献明肃皇后,0.9099169969558716,Q5374564,Culture.Biography.Biography*,513664.0,10586.444821041012,15.0,4122.0
7286,18.0,513664.0,章献明肃皇后,0.8706072568893433,Q5374564,History_and_Society.History,513664.0,10586.444821041012,15.0,4122.0
7287,18.0,513664.0,章献明肃皇后,0.4986055364608765,Q5374564,Geography.Regions.Asia.East_Asia,513664.0,10586.444821041012,15.0,4122.0
7288,18.0,513664.0,章献明肃皇后,0.4962950220108032,Q5374564,Geography.Regions.Asia.Asia*,513664.0,10586.444821041012,15.0,4122.0
7289,14.0,513702.0,章懿李皇后,0.7981967926025391,Q5163352,Culture.Biography.Biography*,513702.0,5230.999339156577,15.0,6097.0
7290,14.0,513702.0,章懿李皇后,0.6791887283325195,Q5163352,Culture.Biography.Women,513702.0,5230.999339156577,15.0,6097.0
7291,14.0,513702.0,章懿李皇后,0.4942548146247864,Q5163352,Geography.Regions.Asia.East_Asia,513702.0,5230.999339156577,15.0,6097.0
7292,14.0,513702.0,章懿李皇后,0.4861888160705566,Q5163352,Geography.Regions.Asia.Asia*,513702.0,5230.999339156577,15.0,6097.0
7293,14.0,513702.0,章懿李皇后,0.3415925204753876,Q5163352,History_and_Society.History,513702.0,5230.999339156577,15.0,6097.0
7294,1.0,514588.0,娜塔莎·李察遜,0.9983093142509459,Q212545,Culture.Biography.Biography*,514588.0,0.0,6.0,1993.0
7295,1.0,514588.0,娜塔莎·李察遜,0.91965252161026,Q212545,Culture.Biography.Women,514588.0,0.0,6.0,1993.0
7296,1.0,514588.0,娜塔莎·李察遜,0.4843900501728058,Q212545,Culture.Media.Media*,514588.0,0.0,6.0,1993.0
7297,1.0,514588.0,娜塔莎·李察遜,0.33459946513175964,Q212545,History_and_Society.History,514588.0,0.0,6.0,1993.0
7298,1.0,514588.0,娜塔莎·李察遜,0.3073680400848389,Q212545,Culture.Performing_arts,514588.0,0.0,6.0,1993.0
7299,1.0,514588.0,娜塔莎·李察遜,0.275139719247818,Q212545,Culture.Media.Music,514588.0,0.0,6.0,1993.0
7300,1.0,514588.0,娜塔莎·李察遜,0.12253321707248688,Q212545,Culture.Literature,514588.0,0.0,6.0,1993.0
7301,1.0,514588.0,娜塔莎·李察遜,0.11921291798353195,Q212545,History_and_Society.Society,514588.0,0.0,6.0,1993.0
7302,1.0,514588.0,娜塔莎·李察遜,0.10088862478733064,Q212545,Culture.Media.Television,514588.0,0.0,6.0,1993.0
7303,1.0,514588.0,娜塔莎·李察遜,0.0,Q212545,Geography.Regions.Europe.Europe*,514588.0,0.0,6.0,1993.0
7304,1.0,514588.0,娜塔莎·李察遜,0.0,Q212545,Geography.Regions.Europe.Northern_Europe,514588.0,0.0,6.0,1993.0
7305,1.0,514588.0,娜塔莎·李察遜,0.0,Q212545,Geography.Regions.Americas.North_America,514588.0,0.0,6.0,1993.0
7306,2.0,515056.0,协约国武装干涉俄国内战,0.9899964332580566,Q2001082,History_and_Society.Military_and_warfare,515056.0,873.9542823745293,5.0,1345.0
7307,2.0,515056.0,协约国武装干涉俄国内战,0.4873227348327637,Q2001082,Geography.Regions.Europe.Europe*,515056.0,873.9542823745293,5.0,1345.0
7308,2.0,515056.0,协约国武装干涉俄国内战,0.3257217874526977,Q2001082,Geography.Regions.Europe.Eastern_Europe,515056.0,873.9542823745293,5.0,1345.0
7309,2.0,515056.0,协约国武装干涉俄国内战,0.287777841091156,Q2001082,History_and_Society.Politics_and_government,515056.0,873.9542823745293,5.0,1345.0
7310,2.0,515056.0,协约国武装干涉俄国内战,0.10088862478733064,Q2001082,History_and_Society.Society,515056.0,873.9542823745293,5.0,1345.0
7311,2.0,515056.0,协约国武装干涉俄国内战,0.0,Q2001082,Geography.Regions.Asia.Asia*,515056.0,873.9542823745293,5.0,1345.0
7312,1.0,515067.0,牛博网,0.4515841474533081,Q4997004,Geography.Regions.Asia.East_Asia,515067.0,0.0,13.0,2690.0
7313,1.0,515067.0,牛博网,0.4294682612419128,Q4997004,Geography.Regions.Asia.Asia*,515067.0,0.0,13.0,2690.0
7314,1.0,515067.0,牛博网,0.33459946513175964,Q4997004,Culture.Media.Media*,515067.0,0.0,13.0,2690.0
7315,1.0,515067.0,牛博网,0.2393593490123749,Q4997004,Culture.Internet_culture,515067.0,0.0,13.0,2690.0
7316,1.0,515067.0,牛博网,0.1968362182378769,Q4997004,STEM.STEM*,515067.0,0.0,13.0,2690.0
7317,1.0,515067.0,牛博网,0.11921291798353195,Q4997004,Culture.Media.Entertainment,515067.0,0.0,13.0,2690.0
7318,1.0,515067.0,牛博网,0.11597072333097458,Q4997004,STEM.Technology,515067.0,0.0,13.0,2690.0
7319,1.0,515689.0,兔猻,0.9993003606796264,Q166794,STEM.Biology,515689.0,0.0,13.0,1853.0
7320,1.0,515689.0,兔猻,0.9990700483322144,Q166794,STEM.STEM*,515689.0,0.0,13.0,1853.0
7321,1.0,515689.0,兔猻,0.0,Q166794,Geography.Regions.Africa.Africa*,515689.0,0.0,13.0,1853.0
7322,1.0,515689.0,兔猻,0.0,Q166794,Geography.Regions.Asia.Asia*,515689.0,0.0,13.0,1853.0
7323,2.0,517321.0,莫辛-納甘步槍,0.996185541152954,Q154321,History_and_Society.Military_and_warfare,517321.0,443.54934729292466,1.0,2049.0
7324,2.0,517321.0,莫辛-納甘步槍,0.5775054097175598,Q154321,STEM.Technology,517321.0,443.54934729292466,1.0,2049.0
7325,2.0,517321.0,莫辛-納甘步槍,0.5544804334640503,Q154321,History_and_Society.Society,517321.0,443.54934729292466,1.0,2049.0
7326,2.0,517321.0,莫辛-納甘步槍,0.4843900501728058,Q154321,STEM.STEM*,517321.0,443.54934729292466,1.0,2049.0
7327,2.0,517321.0,莫辛-納甘步槍,0.04574816131591797,Q154321,Geography.Regions.Asia.Asia*,517321.0,443.54934729292466,1.0,2049.0
7328,2.0,517321.0,莫辛-納甘步槍,0.0,Q154321,Geography.Regions.Europe.Europe*,517321.0,443.54934729292466,1.0,2049.0
7329,3.0,517452.0,彭愛佳,1.0000100135803225,Q8275695,Culture.Biography.Biography*,517452.0,0.0,2.0,2257.0
7330,3.0,517452.0,彭愛佳,1.0000100135803225,Q8275695,History_and_Society.Society,517452.0,0.0,2.0,2257.0
7331,3.0,517452.0,彭愛佳,0.8311530351638794,Q8275695,Culture.Biography.Women,517452.0,0.0,2.0,2257.0
7332,3.0,517452.0,彭愛佳,0.5312193632125854,Q8275695,Culture.Media.Media*,517452.0,0.0,2.0,2257.0
7333,3.0,517452.0,彭愛佳,0.496894287109375,Q8275695,Geography.Regions.Asia.East_Asia,517452.0,0.0,2.0,2257.0
7334,3.0,517452.0,彭愛佳,0.4929124584197998,Q8275695,Geography.Regions.Asia.Asia*,517452.0,0.0,2.0,2257.0
7335,2.0,517763.0,居家就業,0.5312193632125854,Q1135326,STEM.STEM*,517763.0,0.0,10.0,2344.0
7336,2.0,517763.0,居家就業,0.14805719256401062,Q1135326,History_and_Society.Society,517763.0,0.0,10.0,2344.0
7337,5.0,518169.0,棕枝主日,0.8903042674064636,Q42236,Culture.Philosophy_and_religion,518169.0,1676.6146788519898,11.0,6321.0
7338,5.0,518169.0,棕枝主日,0.0,Q42236,Geography.Regions.Europe.Europe*,518169.0,1676.6146788519898,11.0,6321.0
7339,4.0,518563.0,黑石集团,0.9304682612419128,Q880942,History_and_Society.Business_and_economics,518563.0,10019.281981956818,10.0,2804.0
7340,4.0,518563.0,黑石集团,0.10375863313674928,Q880942,STEM.STEM*,518563.0,10019.281981956818,10.0,2804.0
7341,4.0,518563.0,黑石集团,0.06886266374588013,Q880942,Geography.Regions.Americas.North_America,518563.0,10019.281981956818,10.0,2804.0
7342,9.0,520702.0,馮素波,0.991162657737732,Q9375249,Culture.Biography.Biography*,520702.0,21596.23400574044,12.0,2359.0
7343,9.0,520702.0,馮素波,0.6926519870758057,Q9375249,Culture.Biography.Women,520702.0,21596.23400574044,12.0,2359.0
7344,9.0,520702.0,馮素波,0.4294682612419128,Q9375249,Geography.Regions.Asia.East_Asia,520702.0,21596.23400574044,12.0,2359.0
7345,9.0,520702.0,馮素波,0.38304929637908935,Q9375249,Geography.Regions.Asia.Asia*,520702.0,21596.23400574044,12.0,2359.0
7346,2.0,521217.0,彩雲國物語角色列表,1.0,Q6600034,Compilation.List_Disambig,521217.0,4870.254693647368,4.0,3755.0
7347,2.0,521217.0,彩雲國物語角色列表,0.9808859825134276,Q6600034,Culture.Literature,521217.0,4870.254693647368,4.0,3755.0
7348,2.0,521217.0,彩雲國物語角色列表,0.59267657995224,Q6600034,Culture.Media.Media*,521217.0,4870.254693647368,4.0,3755.0
7349,2.0,521217.0,彩雲國物語角色列表,0.3775506913661957,Q6600034,Culture.Media.Television,521217.0,4870.254693647368,4.0,3755.0
7350,2.0,521217.0,彩雲國物語角色列表,0.3629792034626007,Q6600034,Culture.Visual_arts.Comics_and_Anime,521217.0,4870.254693647368,4.0,3755.0
7351,2.0,521217.0,彩雲國物語角色列表,0.3557848632335663,Q6600034,Culture.Visual_arts.Visual_arts*,521217.0,4870.254693647368,4.0,3755.0
7352,2.0,521217.0,彩雲國物語角色列表,0.20182321965694427,Q6600034,Culture.Media.Entertainment,521217.0,4870.254693647368,4.0,3755.0
7353,1.0,521544.0,广州湾,0.9748311638832092,Q1506615,Geography.Regions.Europe.Western_Europe,521544.0,0.0,12.0,3117.0
7354,1.0,521544.0,广州湾,0.9659096002578736,Q1506615,Geography.Regions.Europe.Europe*,521544.0,0.0,12.0,3117.0
7355,1.0,521544.0,广州湾,0.9566442370414734,Q1506615,History_and_Society.History,521544.0,0.0,12.0,3117.0
7356,1.0,521544.0,广州湾,0.4921981394290924,Q1506615,Geography.Regions.Asia.Asia*,521544.0,0.0,12.0,3117.0
7357,1.0,521544.0,广州湾,0.3998216390609741,Q1506615,Geography.Regions.Asia.East_Asia,521544.0,0.0,12.0,3117.0
7358,1.0,521544.0,广州湾,0.1968362182378769,Q1506615,Geography.Regions.Africa.Africa*,521544.0,0.0,12.0,3117.0
7359,1.0,521544.0,广州湾,0.18714269995689392,Q1506615,Geography.Regions.Europe.Southern_Europe,521544.0,0.0,12.0,3117.0
7360,1.0,521544.0,广州湾,0.15611489117145538,Q1506615,Geography.Regions.Americas.Central_America,521544.0,0.0,12.0,3117.0
7361,1.0,521544.0,广州湾,0.15611489117145538,Q1506615,Geography.Geographical,521544.0,0.0,12.0,3117.0
7362,1.0,521544.0,广州湾,0.10088862478733064,Q1506615,History_and_Society.Military_and_warfare,521544.0,0.0,12.0,3117.0
7363,11.0,522155.0,國防部後備指揮部,0.8175845146179199,Q10927368,History_and_Society.Military_and_warfare,522155.0,328.86110091075136,5.0,1598.0
7364,11.0,522155.0,國防部後備指揮部,0.0,Q10927368,Geography.Regions.Asia.Asia*,522155.0,328.86110091075136,5.0,1598.0
7365,11.0,522155.0,國防部後備指揮部,0.0,Q10927368,Geography.Regions.Americas.North_America,522155.0,328.86110091075136,5.0,1598.0
7366,11.0,522155.0,國防部後備指揮部,0.0,Q10927368,Geography.Regions.Asia.East_Asia,522155.0,328.86110091075136,5.0,1598.0
7367,11.0,522155.0,國防部後備指揮部,0.0,Q10927368,Geography.Regions.Europe.Europe*,522155.0,328.86110091075136,5.0,1598.0
7368,11.0,522155.0,國防部後備指揮部,0.0,Q10927368,Geography.Regions.Europe.Southern_Europe,522155.0,328.86110091075136,5.0,1598.0
7369,4.0,522370.0,陳彥行,0.9688661694526672,Q8943437,Culture.Biography.Biography*,522370.0,4397.82633735575,12.0,2173.0
7370,4.0,522370.0,陳彥行,0.287777841091156,Q8943437,Culture.Biography.Women,522370.0,4397.82633735575,12.0,2173.0
7371,4.0,522370.0,陳彥行,0.0,Q8943437,Geography.Regions.Asia.East_Asia,522370.0,4397.82633735575,12.0,2173.0
7372,4.0,522370.0,陳彥行,0.0,Q8943437,Geography.Regions.Asia.Asia*,522370.0,4397.82633735575,12.0,2173.0
7373,3.0,522509.0,林清岳弒親案,0.8267217874526978,Q11106575,History_and_Society.History,522509.0,0.0,2.0,1983.0
7374,3.0,522509.0,林清岳弒親案,0.348655104637146,Q11106575,Culture.Biography.Biography*,522509.0,0.0,2.0,1983.0
7375,3.0,522509.0,林清岳弒親案,0.2568419873714447,Q11106575,Culture.Sports,522509.0,0.0,2.0,1983.0
7376,3.0,522509.0,林清岳弒親案,0.16452647745609286,Q11106575,Culture.Biography.Women,522509.0,0.0,2.0,1983.0
7377,3.0,522509.0,林清岳弒親案,0.0,Q11106575,Geography.Regions.Europe.Europe*,522509.0,0.0,2.0,1983.0
7378,3.0,522509.0,林清岳弒親案,0.0,Q11106575,Geography.Regions.Americas.North_America,522509.0,0.0,2.0,1983.0
7379,3.0,522509.0,林清岳弒親案,0.0,Q11106575,Geography.Regions.Europe.Northern_Europe,522509.0,0.0,2.0,1983.0
7380,3.0,522509.0,林清岳弒親案,0.0,Q11106575,Geography.Regions.Asia.Asia*,522509.0,0.0,2.0,1983.0
7381,3.0,522509.0,林清岳弒親案,0.0,Q11106575,Geography.Regions.Oceania,522509.0,0.0,2.0,1983.0
7382,3.0,522509.0,林清岳弒親案,0.0,Q11106575,Geography.Regions.Asia.South_Asia,522509.0,0.0,2.0,1983.0
7383,14.0,523392.0,香港環球唱片,0.9648651480674744,Q13489420,Culture.Media.Music,523392.0,27800.145280131866,12.0,1672.0
7384,14.0,523392.0,香港環球唱片,0.8439050912857056,Q13489420,Culture.Media.Media*,523392.0,27800.145280131866,12.0,1672.0
7385,14.0,523392.0,香港環球唱片,0.2227101624011993,Q13489420,History_and_Society.Business_and_economics,523392.0,27800.145280131866,12.0,1672.0
7386,14.0,523392.0,香港環球唱片,0.19826446676254272,Q13489420,Geography.Regions.Asia.East_Asia,523392.0,27800.145280131866,12.0,1672.0
7387,14.0,523392.0,香港環球唱片,0.16442059183120727,Q13489420,Geography.Regions.Asia.Asia*,523392.0,27800.145280131866,12.0,1672.0
7388,14.0,523392.0,香港環球唱片,0.12146936559677125,Q13489420,Geography.Regions.Europe.Europe*,523392.0,27800.145280131866,12.0,1672.0
7389,14.0,523392.0,香港環球唱片,0.0,Q13489420,Geography.Regions.Europe.Northern_Europe,523392.0,27800.145280131866,12.0,1672.0
7390,14.0,523392.0,香港環球唱片,0.0,Q13489420,Geography.Regions.Europe.Southern_Europe,523392.0,27800.145280131866,12.0,1672.0
7391,14.0,523392.0,香港環球唱片,0.0,Q13489420,Geography.Regions.Americas.North_America,523392.0,27800.145280131866,12.0,1672.0
7392,14.0,523392.0,香港環球唱片,0.0,Q13489420,Geography.Regions.Europe.Western_Europe,523392.0,27800.145280131866,12.0,1672.0
7393,14.0,523392.0,香港環球唱片,0.0,Q13489420,Geography.Regions.Oceania,523392.0,27800.145280131866,12.0,1672.0
7394,1.0,523459.0,張美妮,0.9796776771545409,Q8261201,Culture.Biography.Biography*,523459.0,0.0,12.0,1360.0
7395,1.0,523459.0,張美妮,0.9073222279548644,Q8261201,Culture.Biography.Women,523459.0,0.0,12.0,1360.0
7396,1.0,523459.0,張美妮,0.492317186832428,Q8261201,Geography.Regions.Asia.East_Asia,523459.0,0.0,12.0,1360.0
7397,1.0,523459.0,張美妮,0.4780457487106323,Q8261201,Geography.Regions.Asia.Asia*,523459.0,0.0,12.0,1360.0
7398,3.0,523493.0,櫻花大戰 (遊戲),1.0000100135803225,Q3469417,Culture.Media.Video_games,523493.0,13667.351661756644,8.0,1852.0
7399,3.0,523493.0,櫻花大戰 (遊戲),0.9992545843124391,Q3469417,Culture.Internet_culture,523493.0,13667.351661756644,8.0,1852.0
7400,3.0,523493.0,櫻花大戰 (遊戲),0.9984121918678284,Q3469417,Culture.Media.Media*,523493.0,13667.351661756644,8.0,1852.0
7401,6.0,523741.0,大韩民国临时政府,0.6076731681823729,Q28278,History_and_Society.History,523741.0,10289.823328378825,3.0,1166.0
7402,6.0,523741.0,大韩民国临时政府,0.4883575310707092,Q28278,Geography.Regions.Asia.East_Asia,523741.0,10289.823328378825,3.0,1166.0
7403,6.0,523741.0,大韩民国临时政府,0.4804634323120117,Q28278,Geography.Regions.Asia.Asia*,523741.0,10289.823328378825,3.0,1166.0
7404,6.0,523741.0,大韩民国临时政府,0.1294127255678177,Q28278,History_and_Society.Politics_and_government,523741.0,10289.823328378825,3.0,1166.0
7405,1.0,523946.0,張雅婷 (主播),1.0000100135803225,Q9188629,Culture.Biography.Biography*,523946.0,0.0,7.0,4798.0
7406,1.0,523946.0,張雅婷 (主播),0.991162657737732,Q9188629,History_and_Society.Society,523946.0,0.0,7.0,4798.0
7407,1.0,523946.0,張雅婷 (主播),0.8634016513824463,Q9188629,Culture.Media.Media*,523946.0,0.0,7.0,4798.0
7408,1.0,523946.0,張雅婷 (主播),0.4753205647468567,Q9188629,Geography.Regions.Asia.East_Asia,523946.0,0.0,7.0,4798.0
7409,1.0,523946.0,張雅婷 (主播),0.4669093360900879,Q9188629,Geography.Regions.Asia.Asia*,523946.0,0.0,7.0,4798.0
7410,1.0,523946.0,張雅婷 (主播),0.3923468291759491,Q9188629,Culture.Biography.Women,523946.0,0.0,7.0,4798.0
7411,1.0,523946.0,張雅婷 (主播),0.1097157895565033,Q9188629,Culture.Media.Television,523946.0,0.0,7.0,4798.0
7412,6.0,524403.0,戴志偉,0.9263137578964232,Q6796679,Culture.Biography.Biography*,524403.0,5490.29401651712,12.0,11567.0
7413,6.0,524403.0,戴志偉,0.0,Q6796679,Geography.Regions.Asia.Asia*,524403.0,5490.29401651712,12.0,11567.0
7414,3.0,524569.0,尹子維,0.9965265989303588,Q7702031,Culture.Biography.Biography*,524569.0,327.0073981391652,12.0,1420.0
7415,3.0,524569.0,尹子維,0.2393593490123749,Q7702031,Culture.Media.Music,524569.0,327.0073981391652,12.0,1420.0
7416,3.0,524569.0,尹子維,0.2047950496673584,Q7702031,Geography.Regions.Asia.East_Asia,524569.0,327.0073981391652,12.0,1420.0
7417,3.0,524569.0,尹子維,0.17818872833251953,Q7702031,Geography.Regions.Asia.Asia*,524569.0,327.0073981391652,12.0,1420.0
7418,3.0,524569.0,尹子維,0.16886694729328156,Q7702031,Culture.Media.Media*,524569.0,327.0073981391652,12.0,1420.0
7419,5.0,524711.0,唐·尼尔森,0.9995371699333192,Q375600,Culture.Sports,524711.0,19633.539433426842,17.0,946.0
7420,5.0,524711.0,唐·尼尔森,0.9990700483322144,Q375600,Culture.Biography.Biography*,524711.0,19633.539433426842,17.0,946.0
7421,5.0,524711.0,唐·尼尔森,0.4352950325012207,Q375600,Geography.Regions.Americas.North_America,524711.0,19633.539433426842,17.0,946.0
7422,3.0,525444.0,龍的傳人,0.9883227348327636,Q11180610,Culture.Media.Media*,525444.0,6221.9014554577625,2.0,1768.0
7423,3.0,525444.0,龍的傳人,0.8740872144699097,Q11180610,Culture.Media.Music,525444.0,6221.9014554577625,2.0,1768.0
7424,3.0,525444.0,龍的傳人,0.812877357006073,Q11180610,History_and_Society.Society,525444.0,6221.9014554577625,2.0,1768.0
7425,3.0,525444.0,龍的傳人,0.8080772161483765,Q11180610,Culture.Biography.Biography*,525444.0,6221.9014554577625,2.0,1768.0
7426,3.0,525444.0,龍的傳人,0.5698626637458801,Q11180610,Culture.Media.Television,525444.0,6221.9014554577625,2.0,1768.0
7427,3.0,525444.0,龍的傳人,0.4649096002578735,Q11180610,Geography.Regions.Asia.Asia*,525444.0,6221.9014554577625,2.0,1768.0
7428,3.0,525444.0,龍的傳人,0.4486793746948242,Q11180610,Geography.Regions.Asia.East_Asia,525444.0,6221.9014554577625,2.0,1768.0
7429,7.0,527042.0,直-8,1.0000100135803225,Q7314381,History_and_Society.Transportation,527042.0,6179.294580030582,11.0,2850.0
7430,7.0,527042.0,直-8,1.0000100135803225,Q7314381,STEM.Engineering,527042.0,6179.294580030582,11.0,2850.0
7431,7.0,527042.0,直-8,1.0000100135803225,Q7314381,STEM.STEM*,527042.0,6179.294580030582,11.0,2850.0
7432,7.0,527042.0,直-8,0.992888569831848,Q7314381,History_and_Society.Military_and_warfare,527042.0,6179.294580030582,11.0,2850.0
7433,7.0,527042.0,直-8,0.0,Q7314381,Geography.Regions.Asia.Asia*,527042.0,6179.294580030582,11.0,2850.0
7434,7.0,527042.0,直-8,0.0,Q7314381,Geography.Regions.Asia.East_Asia,527042.0,6179.294580030582,11.0,2850.0
7435,5.0,527047.0,直-9,1.0000100135803225,Q645629,STEM.STEM*,527047.0,4533.723871045693,11.0,3528.0
7436,5.0,527047.0,直-9,1.0000100135803225,Q645629,History_and_Society.Transportation,527047.0,4533.723871045693,11.0,3528.0
7437,5.0,527047.0,直-9,1.0000100135803225,Q645629,STEM.Engineering,527047.0,4533.723871045693,11.0,3528.0
7438,5.0,527047.0,直-9,0.951152205467224,Q645629,History_and_Society.Military_and_warfare,527047.0,4533.723871045693,11.0,3528.0
7439,5.0,527047.0,直-9,0.2869412174224853,Q645629,Geography.Regions.Asia.East_Asia,527047.0,4533.723871045693,11.0,3528.0
7440,5.0,527047.0,直-9,0.15742753648757934,Q645629,Geography.Regions.Asia.Asia*,527047.0,4533.723871045693,11.0,3528.0
7441,9.0,527213.0,半斤八兩 (電影),0.9124462008476256,Q3054597,Culture.Media.Media*,527213.0,9704.815463634895,12.0,2285.0
7442,9.0,527213.0,半斤八兩 (電影),0.8439050912857056,Q3054597,Culture.Media.Films,527213.0,9704.815463634895,12.0,2285.0
7443,9.0,527213.0,半斤八兩 (電影),0.4669093360900879,Q3054597,Geography.Regions.Asia.East_Asia,527213.0,9704.815463634895,12.0,2285.0
7444,9.0,527213.0,半斤八兩 (電影),0.42531375789642334,Q3054597,Geography.Regions.Asia.Asia*,527213.0,9704.815463634895,12.0,2285.0
7445,25.0,527887.0,蜘蛛人 (電影),0.996837317943573,Q484442,Culture.Media.Films,527887.0,4482.903213612857,6.0,2381.0
7446,25.0,527887.0,蜘蛛人 (電影),0.9966334104537964,Q484442,Culture.Media.Media*,527887.0,4482.903213612857,6.0,2381.0
7447,25.0,527887.0,蜘蛛人 (電影),0.4765896201133728,Q484442,Culture.Literature,527887.0,4482.903213612857,6.0,2381.0
7448,25.0,527887.0,蜘蛛人 (電影),0.3775506913661957,Q484442,Culture.Visual_arts.Comics_and_Anime,527887.0,4482.903213612857,6.0,2381.0
7449,25.0,527887.0,蜘蛛人 (電影),0.3007555902004242,Q484442,Culture.Media.Entertainment,527887.0,4482.903213612857,6.0,2381.0
7450,25.0,527887.0,蜘蛛人 (電影),0.2568419873714447,Q484442,Culture.Visual_arts.Visual_arts*,527887.0,4482.903213612857,6.0,2381.0
7451,25.0,527887.0,蜘蛛人 (電影),0.0,Q484442,Geography.Regions.Americas.North_America,527887.0,4482.903213612857,6.0,2381.0
7452,2.0,529561.0,奔向地球,1.0000100135803225,Q2668005,Culture.Visual_arts.Visual_arts*,529561.0,1829.9513500328708,13.0,583.0
7453,2.0,529561.0,奔向地球,1.0000100135803225,Q2668005,Culture.Visual_arts.Comics_and_Anime,529561.0,1829.9513500328708,13.0,583.0
7454,2.0,529561.0,奔向地球,1.0000100135803225,Q2668005,Culture.Literature,529561.0,1829.9513500328708,13.0,583.0
7455,2.0,529561.0,奔向地球,0.1520422399044037,Q2668005,Culture.Media.Media*,529561.0,1829.9513500328708,13.0,583.0
7456,12.0,530954.0,黃甘霖,0.966924011707306,Q8968230,Culture.Biography.Biography*,530954.0,851.4191155843414,4.0,1905.0
7457,12.0,530954.0,黃甘霖,0.8558611869812012,Q8968230,Culture.Sports,530954.0,851.4191155843414,4.0,1905.0
7458,12.0,530954.0,黃甘霖,0.4225146472454071,Q8968230,History_and_Society.Society,530954.0,851.4191155843414,4.0,1905.0
7459,12.0,530954.0,黃甘霖,0.21124218606948847,Q8968230,Geography.Regions.Asia.East_Asia,530954.0,851.4191155843414,4.0,1905.0
7460,12.0,530954.0,黃甘霖,0.10667316818237303,Q8968230,Geography.Regions.Asia.Asia*,530954.0,851.4191155843414,4.0,1905.0
7461,4.0,531571.0,松下奈緒,0.99567848443985,Q1041708,Culture.Biography.Biography*,531571.0,820.3717599968602,13.0,4551.0
7462,4.0,531571.0,松下奈緒,0.1259327530860901,Q1041708,Culture.Media.Music,531571.0,820.3717599968602,13.0,4551.0
7463,4.0,531571.0,松下奈緒,0.0,Q1041708,Geography.Regions.Asia.Asia*,531571.0,820.3717599968602,13.0,4551.0
7464,4.0,531571.0,松下奈緒,0.0,Q1041708,Geography.Regions.Asia.East_Asia,531571.0,820.3717599968602,13.0,4551.0
7465,5.0,532910.0,莫可欣,0.9990700483322144,Q5922820,Culture.Biography.Biography*,532910.0,2339.7479418970083,7.0,1747.0
7466,5.0,532910.0,莫可欣,0.7773098945617676,Q5922820,Culture.Biography.Women,532910.0,2339.7479418970083,7.0,1747.0
7467,5.0,532910.0,莫可欣,0.5156299471855164,Q5922820,Culture.Visual_arts.Fashion,532910.0,2339.7479418970083,7.0,1747.0
7468,5.0,532910.0,莫可欣,0.4406641592979431,Q5922820,Geography.Regions.Asia.Asia*,532910.0,2339.7479418970083,7.0,1747.0
7469,5.0,532910.0,莫可欣,0.4114462008476257,Q5922820,Geography.Regions.Asia.East_Asia,532910.0,2339.7479418970083,7.0,1747.0
7470,5.0,532910.0,莫可欣,0.19194278120994568,Q5922820,Culture.Visual_arts.Visual_arts*,532910.0,2339.7479418970083,7.0,1747.0
7471,4.0,532929.0,圣墓教堂,0.812877357006073,Q187702,Culture.Philosophy_and_religion,532929.0,1415.0235486625138,11.0,1746.0
7472,4.0,532929.0,圣墓教堂,0.6723417043685913,Q187702,Geography.Regions.Asia.Asia*,532929.0,1415.0235486625138,11.0,1746.0
7473,4.0,532929.0,圣墓教堂,0.3775506913661957,Q187702,Geography.Regions.Asia.West_Asia,532929.0,1415.0235486625138,11.0,1746.0
7474,4.0,532929.0,圣墓教堂,0.1968362182378769,Q187702,Culture.Visual_arts.Visual_arts*,532929.0,1415.0235486625138,11.0,1746.0
7475,4.0,532929.0,圣墓教堂,0.1778208613395691,Q187702,Culture.Visual_arts.Architecture,532929.0,1415.0235486625138,11.0,1746.0
7476,4.0,532929.0,圣墓教堂,0.1294127255678177,Q187702,Geography.Regions.Europe.Europe*,532929.0,1415.0235486625138,11.0,1746.0
7477,9.0,533270.0,迦南,0.7431780099868774,Q163329,History_and_Society.History,533270.0,5600.415424462919,11.0,2829.0
7478,9.0,533270.0,迦南,0.5698626637458801,Q163329,Geography.Geographical,533270.0,5600.415424462919,11.0,2829.0
7479,9.0,533270.0,迦南,0.4532718360424042,Q163329,Culture.Philosophy_and_religion,533270.0,5600.415424462919,11.0,2829.0
7480,9.0,533270.0,迦南,0.3923468291759491,Q163329,Geography.Regions.Asia.West_Asia,533270.0,5600.415424462919,11.0,2829.0
7481,9.0,533270.0,迦南,0.3557848632335663,Q163329,Geography.Regions.Europe.Europe*,533270.0,5600.415424462919,11.0,2829.0
7482,9.0,533270.0,迦南,0.287777841091156,Q163329,Geography.Regions.Europe.Southern_Europe,533270.0,5600.415424462919,11.0,2829.0
7483,9.0,533270.0,迦南,0.2689514458179474,Q163329,History_and_Society.Society,533270.0,5600.415424462919,11.0,2829.0
7484,9.0,533270.0,迦南,0.18714269995689392,Q163329,Geography.Regions.Asia.Asia*,533270.0,5600.415424462919,11.0,2829.0
7485,9.0,533270.0,迦南,0.1778208613395691,Q163329,Culture.Literature,533270.0,5600.415424462919,11.0,2829.0
7486,3.0,533660.0,泉里香,0.994455099105835,Q272309,Culture.Biography.Biography*,533660.0,4375.841758234361,13.0,1300.0
7487,3.0,533660.0,泉里香,0.3429050912857056,Q272309,Geography.Regions.Asia.East_Asia,533660.0,4375.841758234361,13.0,1300.0
7488,3.0,533660.0,泉里香,0.29719679260253906,Q272309,Geography.Regions.Asia.Asia*,533660.0,4375.841758234361,13.0,1300.0
7489,3.0,533660.0,泉里香,0.287777841091156,Q272309,Culture.Biography.Women,533660.0,4375.841758234361,13.0,1300.0
7490,5.0,534517.0,呂文生,0.9697954058647156,Q6694911,Culture.Sports,534517.0,5.251394792127702,4.0,921.0
7491,5.0,534517.0,呂文生,0.9637899398803712,Q6694911,Culture.Biography.Biography*,534517.0,5.251394792127702,4.0,921.0
7492,5.0,534517.0,呂文生,0.0,Q6694911,Geography.Regions.Asia.East_Asia,534517.0,5.251394792127702,4.0,921.0
7493,5.0,534517.0,呂文生,0.0,Q6694911,Geography.Regions.Asia.Asia*,534517.0,5.251394792127702,4.0,921.0
7494,1.0,534626.0,墓紙,0.2942249774932861,Q10871169,STEM.STEM*,534626.0,0.0,4.0,1954.0
7495,1.0,534626.0,墓紙,0.0,Q10871169,Geography.Regions.Asia.Asia*,534626.0,0.0,4.0,1954.0
7496,1.0,534626.0,墓紙,0.0,Q10871169,Geography.Regions.Americas.North_America,534626.0,0.0,4.0,1954.0
7497,1.0,534626.0,墓紙,0.0,Q10871169,Geography.Regions.Europe.Europe*,534626.0,0.0,4.0,1954.0
7498,4.0,535344.0,存款準備金比率,0.6150978803634644,Q1058762,History_and_Society.Business_and_economics,535344.0,933.8202027988623,1.0,1598.0
7499,4.0,535344.0,存款準備金比率,0.3557848632335663,Q1058762,STEM.STEM*,535344.0,933.8202027988623,1.0,1598.0
7500,1.0,535871.0,梁俊一,0.9019306898117064,Q8998957,Culture.Biography.Biography*,535871.0,0.0,12.0,1718.0
7501,1.0,535871.0,梁俊一,0.2047950496673584,Q8998957,Geography.Regions.Asia.Asia*,535871.0,0.0,12.0,1718.0
7502,1.0,535871.0,梁俊一,0.08411114120483397,Q8998957,Geography.Regions.Asia.East_Asia,535871.0,0.0,12.0,1718.0
7503,1.0,535951.0,美国国家科学院院刊,0.9937201142311096,Q1146531,STEM.STEM*,535951.0,0.0,7.0,963.0
7504,1.0,535951.0,美国国家科学院院刊,0.8872146010398865,Q1146531,Culture.Literature,535951.0,0.0,7.0,963.0
7505,1.0,535951.0,美国国家科学院院刊,0.0,Q1146531,Geography.Regions.Americas.North_America,535951.0,0.0,7.0,963.0
7506,7.0,536125.0,伍衛國,0.9875783920288086,Q9061852,Culture.Biography.Biography*,536125.0,12196.199304155847,12.0,8173.0
7507,7.0,536125.0,伍衛國,0.1778208613395691,Q9061852,Culture.Media.Media*,536125.0,12196.199304155847,12.0,8173.0
7508,7.0,536125.0,伍衛國,0.0,Q9061852,Geography.Regions.Oceania,536125.0,12196.199304155847,12.0,8173.0
7509,1.0,536803.0,超夢,1.0000100135803225,Q2141803,Culture.Media.Video_games,536803.0,0.0,6.0,2617.0
7510,1.0,536803.0,超夢,0.9996179938316344,Q2141803,Culture.Internet_culture,536803.0,0.0,6.0,2617.0
7511,1.0,536803.0,超夢,0.9994572401046752,Q2141803,Culture.Visual_arts.Comics_and_Anime,536803.0,0.0,6.0,2617.0
7512,1.0,536803.0,超夢,0.9992059469223022,Q2141803,Culture.Visual_arts.Visual_arts*,536803.0,0.0,6.0,2617.0
7513,1.0,536803.0,超夢,0.9960646033287048,Q2141803,Culture.Media.Media*,536803.0,0.0,6.0,2617.0
7514,1.0,536803.0,超夢,0.9863731861114502,Q2141803,Culture.Literature,536803.0,0.0,6.0,2617.0
7515,8.0,536980.0,音乐之声 (电影),0.9755869507789612,Q60072,Culture.Media.Films,536980.0,14975.489408937945,6.0,3392.0
7516,8.0,536980.0,音乐之声 (电影),0.9748311638832092,Q60072,Culture.Media.Media*,536980.0,14975.489408937945,6.0,3392.0
7517,8.0,536980.0,音乐之声 (电影),0.0,Q60072,Geography.Regions.Americas.North_America,536980.0,14975.489408937945,6.0,3392.0
7518,6.0,537308.0,珠光寶氣 (無綫電視劇),0.998803436756134,Q986571,Culture.Media.Television,537308.0,5759.658210654948,12.0,3289.0
7519,6.0,537308.0,珠光寶氣 (無綫電視劇),0.9952548146247864,Q986571,Culture.Media.Media*,537308.0,5759.658210654948,12.0,3289.0
7520,6.0,537308.0,珠光寶氣 (無綫電視劇),0.59267657995224,Q986571,Culture.Media.Entertainment,537308.0,5759.658210654948,12.0,3289.0
7521,6.0,537308.0,珠光寶氣 (無綫電視劇),0.30218379402160644,Q986571,Geography.Regions.Asia.Asia*,537308.0,5759.658210654948,12.0,3289.0
7522,6.0,537308.0,珠光寶氣 (無綫電視劇),0.022430347442626952,Q986571,Geography.Regions.Asia.East_Asia,537308.0,5759.658210654948,12.0,3289.0
7523,8.0,538421.0,警察故事續集,0.966924011707306,Q378013,Culture.Media.Media*,538421.0,8283.433890524277,12.0,1402.0
7524,8.0,538421.0,警察故事續集,0.951152205467224,Q378013,Culture.Media.Films,538421.0,8283.433890524277,12.0,1402.0
7525,8.0,538421.0,警察故事續集,0.4820951094627381,Q378013,Geography.Regions.Asia.East_Asia,538421.0,8283.433890524277,12.0,1402.0
7526,8.0,538421.0,警察故事續集,0.4659240117073059,Q378013,Geography.Regions.Asia.Asia*,538421.0,8283.433890524277,12.0,1402.0
7527,1.0,539229.0,卓长仁,0.9416641592979432,Q10906131,Culture.Biography.Biography*,539229.0,0.0,3.0,2953.0
7528,1.0,539229.0,卓长仁,0.6297846436500549,Q10906131,Culture.Biography.Women,539229.0,0.0,3.0,2953.0
7529,1.0,539229.0,卓长仁,0.2120788097381592,Q10906131,History_and_Society.History,539229.0,0.0,3.0,2953.0
7530,1.0,539229.0,卓长仁,0.20182321965694427,Q10906131,History_and_Society.Politics_and_government,539229.0,0.0,3.0,2953.0
7531,1.0,539229.0,卓长仁,0.0,Q10906131,Geography.Regions.Asia.Asia*,539229.0,0.0,3.0,2953.0
7532,1.0,539229.0,卓长仁,0.0,Q10906131,Geography.Regions.Europe.Europe*,539229.0,0.0,3.0,2953.0
7533,1.0,539229.0,卓长仁,0.0,Q10906131,Geography.Regions.Americas.North_America,539229.0,0.0,3.0,2953.0
7534,1.0,539229.0,卓长仁,0.0,Q10906131,Geography.Regions.Asia.East_Asia,539229.0,0.0,3.0,2953.0
7535,1.0,539229.0,卓长仁,0.0,Q10906131,Geography.Regions.Europe.Northern_Europe,539229.0,0.0,3.0,2953.0
7536,3.0,539911.0,鲁迪·汤姆贾诺维奇,1.0000100135803225,Q557526,Culture.Sports,539911.0,2.4857142857142858,17.0,973.0
7537,3.0,539911.0,鲁迪·汤姆贾诺维奇,0.998142421245575,Q557526,Culture.Biography.Biography*,539911.0,2.4857142857142858,17.0,973.0
7538,3.0,539911.0,鲁迪·汤姆贾诺维奇,0.0,Q557526,Geography.Regions.Americas.North_America,539911.0,2.4857142857142858,17.0,973.0
7539,5.0,540804.0,教父2,0.996185541152954,Q184768,Culture.Media.Films,540804.0,12138.194584288767,6.0,2774.0
7540,5.0,540804.0,教父2,0.9875783920288086,Q184768,Culture.Media.Media*,540804.0,12138.194584288767,6.0,2774.0
7541,5.0,540804.0,教父2,0.24809722805023196,Q184768,Geography.Regions.Americas.North_America,540804.0,12138.194584288767,6.0,2774.0
7542,2.0,540893.0,自僱,0.5698626637458801,Q1005490,History_and_Society.Business_and_economics,540893.0,0.0,10.0,1787.0
7543,2.0,540893.0,自僱,0.26285186409950256,Q1005490,History_and_Society.Politics_and_government,540893.0,0.0,10.0,1787.0
7544,2.0,540893.0,自僱,0.13661839067935946,Q1005490,History_and_Society.Society,540893.0,0.0,10.0,1787.0
7545,1.0,541685.0,何式凝,0.974052667617798,Q10886186,Culture.Biography.Biography*,541685.0,0.0,12.0,1486.0
7546,1.0,541685.0,何式凝,0.3548611869812012,Q10886186,Geography.Regions.Asia.East_Asia,541685.0,0.0,12.0,1486.0
7547,1.0,541685.0,何式凝,0.2763098945617676,Q10886186,Geography.Regions.Asia.Asia*,541685.0,0.0,12.0,1486.0
7548,1.0,541685.0,何式凝,0.2120788097381592,Q10886186,Culture.Biography.Women,541685.0,0.0,12.0,1486.0
7549,1.0,541685.0,何式凝,0.14415885508060455,Q10886186,History_and_Society.History,541685.0,0.0,12.0,1486.0
7550,1.0,541685.0,何式凝,0.1067005917429924,Q10886186,Culture.Media.Music,541685.0,0.0,12.0,1486.0
7551,10.0,542217.0,羅莽,0.9969346523284912,Q6663140,Culture.Biography.Biography*,542217.0,33294.17422205642,3.0,2224.0
7552,10.0,542217.0,羅莽,0.3981314172744751,Q6663140,Geography.Regions.Asia.East_Asia,542217.0,33294.17422205642,3.0,2224.0
7553,10.0,542217.0,羅莽,0.3301530351638794,Q6663140,Geography.Regions.Asia.Asia*,542217.0,33294.17422205642,3.0,2224.0
7554,23.0,543653.0,笑傲江湖 (1990年電影),0.9802908897399902,Q942603,Culture.Media.Media*,543653.0,34633.34445405095,12.0,3597.0
7555,23.0,543653.0,笑傲江湖 (1990年電影),0.9626831412315368,Q942603,Culture.Media.Films,543653.0,34633.34445405095,12.0,3597.0
7556,23.0,543653.0,笑傲江湖 (1990年電影),0.4831036200523377,Q942603,Geography.Regions.Asia.East_Asia,543653.0,34633.34445405095,12.0,3597.0
7557,23.0,543653.0,笑傲江湖 (1990年電影),0.4738311638832092,Q942603,Geography.Regions.Asia.Asia*,543653.0,34633.34445405095,12.0,3597.0
7558,3.0,544856.0,丹尼斯·奎德,0.9993836879730223,Q200768,Culture.Biography.Biography*,544856.0,8201.468949500124,6.0,1908.0
7559,3.0,544856.0,丹尼斯·奎德,0.3140605390071869,Q200768,Culture.Media.Media*,544856.0,8201.468949500124,6.0,1908.0
7560,3.0,544856.0,丹尼斯·奎德,0.2227101624011993,Q200768,Culture.Biography.Women,544856.0,8201.468949500124,6.0,1908.0
7561,3.0,544856.0,丹尼斯·奎德,0.16442059183120727,Q200768,Geography.Regions.Americas.North_America,544856.0,8201.468949500124,6.0,1908.0
7562,3.0,545320.0,鍾舒漫,0.9830951094627379,Q986494,Culture.Biography.Biography*,545320.0,122.65036074419443,12.0,1757.0
7563,3.0,545320.0,鍾舒漫,0.3730872144699097,Q986494,Geography.Regions.Asia.East_Asia,545320.0,122.65036074419443,12.0,1757.0
7564,3.0,545320.0,鍾舒漫,0.3624016513824463,Q986494,Geography.Regions.Asia.Asia*,545320.0,122.65036074419443,12.0,1757.0
7565,3.0,545320.0,鍾舒漫,0.348655104637146,Q986494,Culture.Media.Music,545320.0,122.65036074419443,12.0,1757.0
7566,3.0,545320.0,鍾舒漫,0.3140605390071869,Q986494,Culture.Media.Media*,545320.0,122.65036074419443,12.0,1757.0
7567,3.0,545320.0,鍾舒漫,0.20182321965694427,Q986494,Culture.Biography.Women,545320.0,122.65036074419443,12.0,1757.0
7568,8.0,545915.0,莊翰生,1.0000100135803225,Q332336,Culture.Biography.Biography*,545915.0,0.19229313346960408,1.0,1063.0
7569,8.0,545915.0,莊翰生,0.9954004287719728,Q332336,History_and_Society.Politics_and_government,545915.0,0.19229313346960408,1.0,1063.0
7570,8.0,545915.0,莊翰生,0.3952613940238953,Q332336,Geography.Regions.Europe.Northern_Europe,545915.0,0.19229313346960408,1.0,1063.0
7571,8.0,545915.0,莊翰生,0.3730872144699097,Q332336,Geography.Regions.Europe.Europe*,545915.0,0.19229313346960408,1.0,1063.0
7572,8.0,545915.0,莊翰生,0.2942249774932861,Q332336,History_and_Society.Education,545915.0,0.19229313346960408,1.0,1063.0
7573,1.0,546254.0,沖繩島戰役,0.7931159734725952,Q192660,History_and_Society.Military_and_warfare,546254.0,0.0,5.0,3180.0
7574,1.0,546254.0,沖繩島戰役,0.6297846436500549,Q192660,Geography.Regions.Asia.East_Asia,546254.0,0.0,5.0,3180.0
7575,1.0,546254.0,沖繩島戰役,0.6001983880996704,Q192660,Geography.Regions.Asia.Asia*,546254.0,0.0,5.0,3180.0
7576,1.0,546254.0,沖繩島戰役,0.2568419873714447,Q192660,Geography.Regions.Oceania,546254.0,0.0,5.0,3180.0
7577,1.0,546254.0,沖繩島戰役,0.11280541121959685,Q192660,History_and_Society.Politics_and_government,546254.0,0.0,5.0,3180.0
7578,1.0,546405.0,嚴歌苓,0.9980832934379578,Q2495376,Culture.Biography.Biography*,546405.0,0.0,2.0,2228.0
7579,1.0,546405.0,嚴歌苓,0.6442351341247559,Q2495376,Culture.Biography.Women,546405.0,0.0,2.0,2228.0
7580,1.0,546405.0,嚴歌苓,0.4455395638942719,Q2495376,Culture.Literature,546405.0,0.0,2.0,2228.0
7581,1.0,546405.0,嚴歌苓,0.3073680400848389,Q2495376,Culture.Media.Media*,546405.0,0.0,2.0,2228.0
7582,1.0,546405.0,嚴歌苓,0.16442059183120727,Q2495376,Geography.Regions.Asia.Asia*,546405.0,0.0,2.0,2228.0
7583,1.0,546405.0,嚴歌苓,0.11409788036346435,Q2495376,Geography.Regions.Asia.East_Asia,546405.0,0.0,2.0,2228.0
7584,1.0,546405.0,嚴歌苓,0.0,Q2495376,Geography.Regions.Americas.North_America,546405.0,0.0,2.0,2228.0
7585,1.0,546530.0,黄鼬,0.9972090721130372,Q271459,STEM.Biology,546530.0,0.0,10.0,2134.0
7586,1.0,546530.0,黄鼬,0.9965265989303588,Q271459,STEM.STEM*,546530.0,0.0,10.0,2134.0
7587,1.0,546530.0,黄鼬,0.0,Q271459,Geography.Regions.Africa.Africa*,546530.0,0.0,10.0,2134.0
7588,1.0,546530.0,黄鼬,0.0,Q271459,Geography.Regions.Asia.Asia*,546530.0,0.0,10.0,2134.0
7589,1.0,546530.0,黄鼬,0.0,Q271459,Geography.Regions.Europe.Europe*,546530.0,0.0,10.0,2134.0
7590,4.0,546680.0,香港公務員,0.3923468291759491,Q5894401,History_and_Society.Politics_and_government,546680.0,3490.6608083237406,3.0,2139.0
7591,4.0,546680.0,香港公務員,0.1778208613395691,Q5894401,History_and_Society.Business_and_economics,546680.0,3490.6608083237406,3.0,2139.0
7592,4.0,546680.0,香港公務員,0.11921291798353195,Q5894401,Culture.Philosophy_and_religion,546680.0,3490.6608083237406,3.0,2139.0
7593,4.0,546680.0,香港公務員,0.10088862478733064,Q5894401,History_and_Society.Military_and_warfare,546680.0,3490.6608083237406,3.0,2139.0
7594,4.0,546680.0,香港公務員,0.0,Q5894401,Geography.Geographical,546680.0,3490.6608083237406,3.0,2139.0
7595,4.0,546680.0,香港公務員,0.0,Q5894401,Geography.Regions.Asia.Asia*,546680.0,3490.6608083237406,3.0,2139.0
7596,5.0,546707.0,謝志偉 (臺灣),0.951152205467224,Q8357111,Culture.Biography.Biography*,546707.0,13060.131780664493,5.0,4515.0
7597,5.0,546707.0,謝志偉 (臺灣),0.7186043858528137,Q8357111,History_and_Society.Society,546707.0,13060.131780664493,5.0,4515.0
7598,5.0,546707.0,謝志偉 (臺灣),0.40366052293777466,Q8357111,Geography.Regions.Asia.Asia*,546707.0,13060.131780664493,5.0,4515.0
7599,5.0,546707.0,謝志偉 (臺灣),0.338743971824646,Q8357111,Geography.Regions.Asia.East_Asia,546707.0,13060.131780664493,5.0,4515.0
7600,6.0,547057.0,莎朗·史東,0.9996640086174012,Q62975,Culture.Biography.Biography*,547057.0,14543.618012765071,6.0,3334.0
7601,6.0,547057.0,莎朗·史東,0.9899964332580566,Q62975,Culture.Biography.Women,547057.0,14543.618012765071,6.0,3334.0
7602,6.0,547057.0,莎朗·史東,0.32119916582107544,Q62975,Geography.Regions.Americas.North_America,547057.0,14543.618012765071,6.0,3334.0
7603,6.0,547057.0,莎朗·史東,0.26285186409950256,Q62975,Culture.Media.Media*,547057.0,14543.618012765071,6.0,3334.0
7604,6.0,547057.0,莎朗·史東,0.19194278120994568,Q62975,Culture.Literature,547057.0,14543.618012765071,6.0,3334.0
7605,6.0,547057.0,莎朗·史東,0.1824355274438858,Q62975,History_and_Society.Society,547057.0,14543.618012765071,6.0,3334.0
7606,6.0,547057.0,莎朗·史東,0.10375863313674928,Q62975,Culture.Media.Films,547057.0,14543.618012765071,6.0,3334.0
7607,6.0,547057.0,莎朗·史東,0.0,Q62975,Geography.Regions.Europe.Europe*,547057.0,14543.618012765071,6.0,3334.0
7608,6.0,547057.0,莎朗·史東,0.0,Q62975,Geography.Regions.Europe.Northern_Europe,547057.0,14543.618012765071,6.0,3334.0
7609,4.0,547202.0,野豬,0.984585464000702,Q58697,STEM.STEM*,547202.0,19390.508040307486,10.0,2571.0
7610,4.0,547202.0,野豬,0.9763205647468568,Q58697,STEM.Biology,547202.0,19390.508040307486,10.0,2571.0
7611,4.0,547202.0,野豬,0.1824355274438858,Q58697,History_and_Society.Society,547202.0,19390.508040307486,10.0,2571.0
7612,9.0,547732.0,聯合太平洋鐵路,0.8634016513824463,Q725793,History_and_Society.Transportation,547732.0,15039.54153989391,5.0,991.0
7613,9.0,547732.0,聯合太平洋鐵路,0.5312193632125854,Q725793,History_and_Society.Business_and_economics,547732.0,15039.54153989391,5.0,991.0
7614,9.0,547732.0,聯合太平洋鐵路,0.4314633479118347,Q725793,Geography.Regions.Americas.North_America,547732.0,15039.54153989391,5.0,991.0
7615,1.0,548207.0,切尔诺贝利,0.9783946871757508,Q129677,Geography.Regions.Europe.Europe*,548207.0,0.0,10.0,2081.0
7616,1.0,548207.0,切尔诺贝利,0.9124462008476256,Q129677,Geography.Regions.Europe.Eastern_Europe,548207.0,0.0,10.0,2081.0
7617,1.0,548207.0,切尔诺贝利,0.5078218579292297,Q129677,Geography.Geographical,548207.0,0.0,10.0,2081.0
7618,1.0,548207.0,切尔诺贝利,0.12253321707248688,Q129677,History_and_Society.Military_and_warfare,548207.0,0.0,10.0,2081.0
7619,4.0,549379.0,陳怡真,1.0000100135803225,Q15922973,Culture.Biography.Biography*,549379.0,5714.430144023984,4.0,1709.0
7620,4.0,549379.0,陳怡真,0.952584147453308,Q15922973,History_and_Society.Society,549379.0,5714.430144023984,4.0,1709.0
7621,4.0,549379.0,陳怡真,0.4486793746948242,Q15922973,Geography.Regions.Asia.East_Asia,549379.0,5714.430144023984,4.0,1709.0
7622,4.0,549379.0,陳怡真,0.4352950325012207,Q15922973,Geography.Regions.Asia.Asia*,549379.0,5714.430144023984,4.0,1709.0
7623,4.0,549379.0,陳怡真,0.3140605390071869,Q15922973,Culture.Biography.Women,549379.0,5714.430144023984,4.0,1709.0
7624,3.0,550930.0,山姆·雷米,0.9995927214622498,Q275402,Culture.Biography.Biography*,550930.0,4145.682357188156,6.0,706.0
7625,3.0,550930.0,山姆·雷米,0.0,Q275402,Geography.Regions.Americas.North_America,550930.0,4145.682357188156,6.0,706.0
7626,3.0,550930.0,山姆·雷米,0.0,Q275402,Geography.Regions.Europe.Europe*,550930.0,4145.682357188156,6.0,706.0
7627,3.0,550930.0,山姆·雷米,0.0,Q275402,Geography.Regions.Europe.Northern_Europe,550930.0,4145.682357188156,6.0,706.0
7628,3.0,550930.0,山姆·雷米,0.0,Q275402,Geography.Regions.Asia.Asia*,550930.0,4145.682357188156,6.0,706.0
7629,3.0,551229.0,2003年香港,0.6723417043685913,Q15905064,History_and_Society.History,551229.0,5591.437251987188,11.0,1117.0
7630,3.0,551229.0,2003年香港,0.16027602553367615,Q15905064,Culture.Sports,551229.0,5591.437251987188,11.0,1117.0
7631,3.0,551229.0,2003年香港,0.11921291798353195,Q15905064,Culture.Media.Media*,551229.0,5591.437251987188,11.0,1117.0
7632,3.0,551229.0,2003年香港,0.0,Q15905064,Geography.Regions.Europe.Europe*,551229.0,5591.437251987188,11.0,1117.0
7633,3.0,551229.0,2003年香港,0.0,Q15905064,Geography.Regions.Europe.Northern_Europe,551229.0,5591.437251987188,11.0,1117.0
7634,3.0,551229.0,2003年香港,0.0,Q15905064,Geography.Regions.Asia.Asia*,551229.0,5591.437251987188,11.0,1117.0
7635,18.0,552752.0,謝偉俊,0.9955416321754456,Q3479098,Culture.Biography.Biography*,552752.0,5419.264850772786,3.0,2678.0
7636,18.0,552752.0,謝偉俊,0.4556442370414734,Q3479098,Geography.Regions.Asia.East_Asia,552752.0,5419.264850772786,3.0,2678.0
7637,18.0,552752.0,謝偉俊,0.3764868249893189,Q3479098,Geography.Regions.Asia.Asia*,552752.0,5419.264850772786,3.0,2678.0
7638,11.0,553090.0,湯米·李·瓊斯,0.9996179938316344,Q170587,Culture.Biography.Biography*,553090.0,17246.140858073366,6.0,2171.0
7639,11.0,553090.0,湯米·李·瓊斯,0.3469777574539185,Q170587,Geography.Regions.Americas.North_America,553090.0,17246.140858073366,6.0,2171.0
7640,11.0,553090.0,湯米·李·瓊斯,0.13661839067935946,Q170587,Culture.Sports,553090.0,17246.140858073366,6.0,2171.0
7641,4.0,553386.0,美国节日,1.0,Q1934708,Compilation.List_Disambig,553386.0,4313.633988857925,11.0,2997.0
7642,4.0,553386.0,美国节日,0.5544804334640503,Q1934708,Culture.Philosophy_and_religion,553386.0,4313.633988857925,11.0,2997.0
7643,4.0,553386.0,美国节日,0.0,Q1934708,Geography.Regions.Europe.Europe*,553386.0,4313.633988857925,11.0,2997.0
7644,4.0,553386.0,美国节日,0.0,Q1934708,Geography.Regions.Asia.Asia*,553386.0,4313.633988857925,11.0,2997.0
7645,4.0,553386.0,美国节日,0.0,Q1934708,Geography.Regions.Europe.Southern_Europe,553386.0,4313.633988857925,11.0,2997.0
7646,4.0,553386.0,美国节日,0.0,Q1934708,Geography.Regions.Americas.South_America,553386.0,4313.633988857925,11.0,2997.0
7647,10.0,553695.0,繆騫人,0.9991804361343384,Q5169406,Culture.Biography.Biography*,553695.0,36096.86325297414,7.0,2930.0
7648,10.0,553695.0,繆騫人,0.8221991658210754,Q5169406,Culture.Biography.Women,553695.0,36096.86325297414,7.0,2930.0
7649,10.0,553695.0,繆騫人,0.2653036584854126,Q5169406,Geography.Regions.Asia.Asia*,553695.0,36096.86325297414,7.0,2930.0
7650,10.0,553695.0,繆騫人,0.22388027811050412,Q5169406,Geography.Regions.Asia.East_Asia,553695.0,36096.86325297414,7.0,2930.0
7651,10.0,553695.0,繆騫人,0.11280541121959685,Q5169406,Culture.Media.Music,553695.0,36096.86325297414,7.0,2930.0
7652,10.0,553695.0,繆騫人,0.1097157895565033,Q5169406,Culture.Media.Media*,553695.0,36096.86325297414,7.0,2930.0
7653,10.0,553695.0,繆騫人,0.10375863313674928,Q5169406,History_and_Society.Society,553695.0,36096.86325297414,7.0,2930.0
7654,3.0,553711.0,经济大衰退,0.2814156115055084,Q154510,History_and_Society.Politics_and_government,553711.0,13244.783718249304,6.0,2959.0
7655,3.0,553711.0,经济大衰退,0.2689514458179474,Q154510,History_and_Society.Business_and_economics,553711.0,13244.783718249304,6.0,2959.0
7656,3.0,553711.0,经济大衰退,0.23371636867523196,Q154510,STEM.STEM*,553711.0,13244.783718249304,6.0,2959.0
7657,3.0,553711.0,经济大衰退,0.13661839067935946,Q154510,History_and_Society.Society,553711.0,13244.783718249304,6.0,2959.0
7658,3.0,553711.0,经济大衰退,0.0,Q154510,Geography.Regions.Americas.North_America,553711.0,13244.783718249304,6.0,2959.0
7659,3.0,553711.0,经济大衰退,0.0,Q154510,Geography.Regions.Europe.Europe*,553711.0,13244.783718249304,6.0,2959.0
7660,3.0,553711.0,经济大衰退,0.0,Q154510,Geography.Regions.Asia.Asia*,553711.0,13244.783718249304,6.0,2959.0
7661,2.0,554483.0,珠颈斑鸠,0.9981998205184937,Q116686,STEM.STEM*,554483.0,2303.2993167222016,10.0,2874.0
7662,2.0,554483.0,珠颈斑鸠,0.9980832934379578,Q116686,STEM.Biology,554483.0,2303.2993167222016,10.0,2874.0
7663,2.0,554483.0,珠颈斑鸠,0.4722507467269898,Q116686,Geography.Regions.Oceania,554483.0,2303.2993167222016,10.0,2874.0
7664,2.0,554483.0,珠颈斑鸠,0.0,Q116686,Geography.Regions.Asia.Asia*,554483.0,2303.2993167222016,10.0,2874.0
7665,2.0,554483.0,珠颈斑鸠,0.0,Q116686,Geography.Regions.Asia.Southeast_Asia,554483.0,2303.2993167222016,10.0,2874.0
7666,9.0,555023.0,洪榮宏,0.9995657801628112,Q8970492,Culture.Biography.Biography*,555023.0,10751.315432229527,4.0,2445.0
7667,9.0,555023.0,洪榮宏,0.8439050912857056,Q8970492,History_and_Society.Society,555023.0,10751.315432229527,4.0,2445.0
7668,9.0,555023.0,洪榮宏,0.4231518378257752,Q8970492,Geography.Regions.Asia.East_Asia,555023.0,10751.315432229527,4.0,2445.0
7669,9.0,555023.0,洪榮宏,0.3764868249893189,Q8970492,Geography.Regions.Asia.Asia*,555023.0,10751.315432229527,4.0,2445.0
7670,9.0,555023.0,洪榮宏,0.1778208613395691,Q8970492,Culture.Media.Music,555023.0,10751.315432229527,4.0,2445.0
7671,9.0,555023.0,洪榮宏,0.14034625887870789,Q8970492,Culture.Media.Media*,555023.0,10751.315432229527,4.0,2445.0
7672,18.0,555278.0,變形金剛 (2007年電影),0.9976133108139038,Q171453,Culture.Media.Media*,555278.0,79363.0517452902,6.0,2681.0
7673,18.0,555278.0,變形金剛 (2007年電影),0.994455099105835,Q171453,Culture.Media.Films,555278.0,79363.0517452902,6.0,2681.0
7674,18.0,555278.0,變形金剛 (2007年電影),0.7431780099868774,Q171453,Culture.Media.Entertainment,555278.0,79363.0517452902,6.0,2681.0
7675,18.0,555278.0,變形金剛 (2007年電影),0.4455395638942719,Q171453,Culture.Visual_arts.Comics_and_Anime,555278.0,79363.0517452902,6.0,2681.0
7676,18.0,555278.0,變形金剛 (2007年電影),0.320831298828125,Q171453,Culture.Visual_arts.Visual_arts*,555278.0,79363.0517452902,6.0,2681.0
7677,18.0,555278.0,變形金剛 (2007年電影),0.21734751760959625,Q171453,Culture.Literature,555278.0,79363.0517452902,6.0,2681.0
7678,18.0,555278.0,變形金剛 (2007年電影),0.0,Q171453,Geography.Regions.Americas.North_America,555278.0,79363.0517452902,6.0,2681.0
7679,10.0,555632.0,辛曉琪,1.0000100135803225,Q701431,Culture.Biography.Biography*,555632.0,5844.436423500633,12.0,2389.0
7680,10.0,555632.0,辛曉琪,0.9979592561721802,Q701431,History_and_Society.Society,555632.0,5844.436423500633,12.0,2389.0
7681,10.0,555632.0,辛曉琪,0.7371681928634644,Q701431,Culture.Media.Music,555632.0,5844.436423500633,12.0,2389.0
7682,10.0,555632.0,辛曉琪,0.4889964332580566,Q701431,Geography.Regions.Asia.East_Asia,555632.0,5844.436423500633,12.0,2389.0
7683,10.0,555632.0,辛曉琪,0.4843900501728058,Q701431,Culture.Media.Media*,555632.0,5844.436423500633,12.0,2389.0
7684,10.0,555632.0,辛曉琪,0.4705740084648132,Q701431,Geography.Regions.Asia.Asia*,555632.0,5844.436423500633,12.0,2389.0
7685,10.0,555632.0,辛曉琪,0.33459946513175964,Q701431,Culture.Biography.Women,555632.0,5844.436423500633,12.0,2389.0
7686,3.0,555664.0,盜海豪情,0.9947898983955384,Q205447,Culture.Media.Media*,555664.0,109.30720796773392,6.0,2871.0
7687,3.0,555664.0,盜海豪情,0.9946250915527344,Q205447,Culture.Media.Films,555664.0,109.30720796773392,6.0,2871.0
7688,3.0,555664.0,盜海豪情,0.3276783227920532,Q205447,Culture.Media.Entertainment,555664.0,109.30720796773392,6.0,2871.0
7689,3.0,555664.0,盜海豪情,0.014629947185516357,Q205447,Geography.Regions.Americas.North_America,555664.0,109.30720796773392,6.0,2871.0
7690,4.0,555858.0,天地豪情,0.9777238368988036,Q4739025,Culture.Media.Television,555858.0,2352.722164216881,12.0,4761.0
7691,4.0,555858.0,天地豪情,0.9724247455596924,Q4739025,Culture.Media.Media*,555858.0,2352.722164216881,12.0,4761.0
7692,4.0,555858.0,天地豪情,0.3301530351638794,Q4739025,Geography.Regions.Asia.Asia*,555858.0,2352.722164216881,12.0,4761.0
7693,4.0,555858.0,天地豪情,0.311877357006073,Q4739025,Geography.Regions.Asia.East_Asia,555858.0,2352.722164216881,12.0,4761.0
7694,4.0,556649.0,黃雀行動,0.5312193632125854,Q7097727,History_and_Society.Politics_and_government,556649.0,7415.441815259779,5.0,2721.0
7695,4.0,556649.0,黃雀行動,0.4990100135803223,Q7097727,Geography.Regions.Asia.East_Asia,556649.0,7415.441815259779,5.0,2721.0
7696,4.0,556649.0,黃雀行動,0.4985371699333191,Q7097727,Geography.Regions.Asia.Asia*,556649.0,7415.441815259779,5.0,2721.0
7697,1.0,557034.0,Astro AEC,0.6513648629188538,Q4811485,Culture.Media.Television,557034.0,0.0,12.0,2143.0
7698,1.0,557034.0,Astro AEC,0.6513648629188538,Q4811485,Culture.Media.Media*,557034.0,0.0,12.0,2143.0
7699,1.0,557034.0,Astro AEC,0.06118653917312623,Q4811485,Geography.Regions.Asia.Asia*,557034.0,0.0,12.0,2143.0
7700,1.0,557034.0,Astro AEC,0.014629947185516357,Q4811485,Geography.Regions.Asia.Southeast_Asia,557034.0,0.0,12.0,2143.0
7701,1.0,557246.0,仲量联行,0.7663036584854126,Q1703389,History_and_Society.Business_and_economics,557246.0,0.0,10.0,1527.0
7702,1.0,557246.0,仲量联行,0.3862146010398865,Q1703389,Geography.Regions.Americas.North_America,557246.0,0.0,10.0,1527.0
7703,1.0,557246.0,仲量联行,0.24509501457214355,Q1703389,STEM.STEM*,557246.0,0.0,10.0,1527.0
7704,1.0,557246.0,仲量联行,0.14805719256401062,Q1703389,STEM.Technology,557246.0,0.0,10.0,1527.0
7705,7.0,557389.0,UH-60黑鹰直升机,0.9770326614379884,Q189491,STEM.STEM*,557389.0,11714.499812058277,5.0,2751.0
7706,7.0,557389.0,UH-60黑鹰直升机,0.9697954058647156,Q189491,STEM.Engineering,557389.0,11714.499812058277,5.0,2751.0
7707,7.0,557389.0,UH-60黑鹰直升机,0.9697954058647156,Q189491,History_and_Society.Transportation,557389.0,11714.499812058277,5.0,2751.0
7708,7.0,557389.0,UH-60黑鹰直升机,0.8479777574539185,Q189491,History_and_Society.Military_and_warfare,557389.0,11714.499812058277,5.0,2751.0
7709,4.0,558204.0,實尾島風雲,0.9886782765388488,Q494993,Culture.Media.Media*,558204.0,8383.678428559431,1.0,2413.0
7710,4.0,558204.0,實尾島風雲,0.98678719997406,Q494993,Culture.Media.Films,558204.0,8383.678428559431,1.0,2413.0
7711,4.0,558204.0,實尾島風雲,0.4274188151359558,Q494993,Geography.Regions.Asia.Asia*,558204.0,8383.678428559431,1.0,2413.0
7712,4.0,558204.0,實尾島風雲,0.42531375789642334,Q494993,Geography.Regions.Asia.East_Asia,558204.0,8383.678428559431,1.0,2413.0
7713,12.0,558913.0,洪卓立,0.9724247455596924,Q712074,Culture.Biography.Biography*,558913.0,22025.2366161616,12.0,2621.0
7714,12.0,558913.0,洪卓立,0.3429050912857056,Q712074,Geography.Regions.Asia.East_Asia,558913.0,22025.2366161616,12.0,2621.0
7715,12.0,558913.0,洪卓立,0.3257217874526977,Q712074,Geography.Regions.Asia.Asia*,558913.0,22025.2366161616,12.0,2621.0
7716,12.0,558913.0,洪卓立,0.2689514458179474,Q712074,Culture.Media.Media*,558913.0,22025.2366161616,12.0,2621.0
7717,12.0,558913.0,洪卓立,0.1968362182378769,Q712074,Culture.Media.Music,558913.0,22025.2366161616,12.0,2621.0
7718,1.0,559479.0,丹佛國際機場,0.997758150100708,Q330015,STEM.Engineering,559479.0,0.0,6.0,1715.0
7719,1.0,559479.0,丹佛國際機場,0.9966334104537964,Q330015,STEM.STEM*,559479.0,0.0,6.0,1715.0
7720,1.0,559479.0,丹佛國際機場,0.99593985080719,Q330015,History_and_Society.Transportation,559479.0,0.0,6.0,1715.0
7721,1.0,559479.0,丹佛國際機場,0.7248802781105042,Q330015,Geography.Regions.Americas.North_America,559479.0,0.0,6.0,1715.0
7722,5.0,559562.0,卡麥蓉·狄亞茲,0.9990094900131226,Q44380,Culture.Biography.Biography*,559562.0,4137.467412927906,6.0,3439.0
7723,5.0,559562.0,卡麥蓉·狄亞茲,0.7606606483459473,Q44380,Culture.Biography.Women,559562.0,4137.467412927906,6.0,3439.0
7724,5.0,559562.0,卡麥蓉·狄亞茲,0.3007555902004242,Q44380,Culture.Media.Media*,559562.0,4137.467412927906,6.0,3439.0
7725,5.0,559562.0,卡麥蓉·狄亞茲,0.17818872833251953,Q44380,Geography.Regions.Americas.North_America,559562.0,4137.467412927906,6.0,3439.0
7726,5.0,559562.0,卡麥蓉·狄亞茲,0.13661839067935946,Q44380,History_and_Society.Society,559562.0,4137.467412927906,6.0,3439.0
7727,5.0,559562.0,卡麥蓉·狄亞茲,0.10375863313674928,Q44380,Culture.Visual_arts.Visual_arts*,559562.0,4137.467412927906,6.0,3439.0
7728,5.0,559562.0,卡麥蓉·狄亞茲,0.0,Q44380,Geography.Regions.Europe.Europe*,559562.0,4137.467412927906,6.0,3439.0
7729,5.0,559562.0,卡麥蓉·狄亞茲,0.0,Q44380,Geography.Regions.Europe.Northern_Europe,559562.0,4137.467412927906,6.0,3439.0
7730,4.0,560943.0,特伦顿 (新泽西州),0.952584147453308,Q25330,Geography.Regions.Americas.North_America,560943.0,1593.9311170450449,5.0,896.0
7731,4.0,560943.0,特伦顿 (新泽西州),0.8479777574539185,Q25330,Geography.Geographical,560943.0,1593.9311170450449,5.0,896.0
7732,15.0,562430.0,雷利·史考特,0.9991269707679749,Q56005,Culture.Biography.Biography*,562430.0,34943.02033265028,6.0,2176.0
7733,15.0,562430.0,雷利·史考特,0.3007555902004242,Q56005,Culture.Media.Media*,562430.0,34943.02033265028,6.0,2176.0
7734,15.0,562430.0,雷利·史考特,0.13297423720359802,Q56005,Culture.Literature,562430.0,34943.02033265028,6.0,2176.0
7735,15.0,562430.0,雷利·史考特,0.0,Q56005,Geography.Regions.Europe.Europe*,562430.0,34943.02033265028,6.0,2176.0
7736,15.0,562430.0,雷利·史考特,0.0,Q56005,Geography.Regions.Americas.North_America,562430.0,34943.02033265028,6.0,2176.0
7737,15.0,562430.0,雷利·史考特,0.0,Q56005,Geography.Regions.Europe.Northern_Europe,562430.0,34943.02033265028,6.0,2176.0
7738,8.0,562715.0,航權,0.7606606483459473,Q1454302,STEM.STEM*,562715.0,6076.561068878536,10.0,3619.0
7739,8.0,562715.0,航權,0.3629792034626007,Q1454302,STEM.Medicine_&_Health,562715.0,6076.561068878536,10.0,3619.0
7740,8.0,562715.0,航權,0.2942249774932861,Q1454302,History_and_Society.Military_and_warfare,562715.0,6076.561068878536,10.0,3619.0
7741,8.0,562715.0,航權,0.287777841091156,Q1454302,STEM.Space,562715.0,6076.561068878536,10.0,3619.0
7742,8.0,562715.0,航權,0.26285186409950256,Q1454302,STEM.Technology,562715.0,6076.561068878536,10.0,3619.0
7743,8.0,562715.0,航權,0.2568419873714447,Q1454302,STEM.Biology,562715.0,6076.561068878536,10.0,3619.0
7744,8.0,562715.0,航權,0.1824355274438858,Q1454302,History_and_Society.Society,562715.0,6076.561068878536,10.0,3619.0
7745,8.0,562715.0,航權,0.1097157895565033,Q1454302,History_and_Society.Transportation,562715.0,6076.561068878536,10.0,3619.0
7746,8.0,562715.0,航權,0.037993239402771,Q1454302,Geography.Regions.Asia.Asia*,562715.0,6076.561068878536,10.0,3619.0
7747,8.0,562715.0,航權,0.0,Q1454302,Geography.Regions.Asia.East_Asia,562715.0,6076.561068878536,10.0,3619.0
7748,8.0,562715.0,航權,0.0,Q1454302,Geography.Regions.Asia.Southeast_Asia,562715.0,6076.561068878536,10.0,3619.0
7749,8.0,562715.0,航權,0.0,Q1454302,Geography.Regions.Europe.Europe*,562715.0,6076.561068878536,10.0,3619.0
7750,8.0,562715.0,航權,0.0,Q1454302,Geography.Regions.Europe.Southern_Europe,562715.0,6076.561068878536,10.0,3619.0
7751,8.0,562715.0,航權,0.0,Q1454302,Geography.Regions.Americas.North_America,562715.0,6076.561068878536,10.0,3619.0
7752,8.0,562715.0,航權,0.0,Q1454302,Geography.Regions.Asia.West_Asia,562715.0,6076.561068878536,10.0,3619.0
7753,8.0,562715.0,航權,0.0,Q1454302,Geography.Regions.Americas.Central_America,562715.0,6076.561068878536,10.0,3619.0
7754,8.0,562715.0,航權,0.0,Q1454302,Geography.Regions.Europe.Western_Europe,562715.0,6076.561068878536,10.0,3619.0
7755,7.0,562982.0,閃電俠,0.9979592561721802,Q180784,Culture.Literature,562982.0,9392.950687883203,6.0,3089.0
7756,7.0,562982.0,閃電俠,0.9019306898117064,Q180784,Culture.Visual_arts.Visual_arts*,562982.0,9392.950687883203,6.0,3089.0
7757,7.0,562982.0,閃電俠,0.8991314172744751,Q180784,Culture.Visual_arts.Comics_and_Anime,562982.0,9392.950687883203,6.0,3089.0
7758,7.0,562982.0,閃電俠,0.0,Q180784,Geography.Regions.Americas.North_America,562982.0,9392.950687883203,6.0,3089.0
7759,1.0,563748.0,速度 (音樂),0.4921981394290924,Q189214,STEM.STEM*,563748.0,0.0,3.0,2823.0
7760,1.0,563748.0,速度 (音樂),0.19194278120994568,Q189214,STEM.Medicine_&_Health,563748.0,0.0,3.0,2823.0
7761,1.0,563748.0,速度 (音樂),0.15611489117145538,Q189214,Culture.Media.Media*,563748.0,0.0,3.0,2823.0
7762,1.0,563748.0,速度 (音樂),0.1520422399044037,Q189214,History_and_Society.Politics_and_government,563748.0,0.0,3.0,2823.0
7763,1.0,563748.0,速度 (音樂),0.1259327530860901,Q189214,Culture.Media.Music,563748.0,0.0,3.0,2823.0
7764,1.0,563748.0,速度 (音樂),0.1097157895565033,Q189214,History_and_Society.Society,563748.0,0.0,3.0,2823.0
7765,1.0,563748.0,速度 (音樂),0.0,Q189214,Geography.Regions.Asia.Asia*,563748.0,0.0,3.0,2823.0
7766,1.0,563748.0,速度 (音樂),0.0,Q189214,Geography.Regions.Europe.Europe*,563748.0,0.0,3.0,2823.0
7767,5.0,565468.0,人類之子,0.99593985080719,Q221090,Culture.Media.Media*,565468.0,9708.466141389139,6.0,1909.0
7768,5.0,565468.0,人類之子,0.994098961353302,Q221090,Culture.Media.Films,565468.0,9708.466141389139,6.0,1909.0
7769,5.0,565468.0,人類之子,0.33459946513175964,Q221090,Culture.Media.Entertainment,565468.0,9708.466141389139,6.0,1909.0
7770,5.0,565468.0,人類之子,0.0,Q221090,Geography.Regions.Americas.North_America,565468.0,9708.466141389139,6.0,1909.0
7771,5.0,565468.0,人類之子,0.0,Q221090,Geography.Regions.Europe.Northern_Europe,565468.0,9708.466141389139,6.0,1909.0
7772,5.0,565468.0,人類之子,0.0,Q221090,Geography.Regions.Europe.Europe*,565468.0,9708.466141389139,6.0,1909.0
7773,1.0,565473.0,軌道車輛速度紀錄,1.0,Q1519329,Compilation.List_Disambig,565473.0,0.0,1.0,1026.0
7774,1.0,565473.0,軌道車輛速度紀錄,0.8080772161483765,Q1519329,Culture.Sports,565473.0,0.0,1.0,1026.0
7775,1.0,565473.0,軌道車輛速度紀錄,0.0,Q1519329,Geography.Regions.Europe.Europe*,565473.0,0.0,1.0,1026.0
7776,1.0,565473.0,軌道車輛速度紀錄,0.0,Q1519329,Geography.Regions.Europe.Northern_Europe,565473.0,0.0,1.0,1026.0
7777,1.0,565473.0,軌道車輛速度紀錄,0.0,Q1519329,Geography.Regions.Americas.North_America,565473.0,0.0,1.0,1026.0
7778,1.0,565765.0,景林邨,0.9939124584197998,Q16923212,Geography.Regions.Asia.East_Asia,565765.0,0.0,13.0,1612.0
7779,1.0,565765.0,景林邨,0.9748311638832092,Q16923212,Geography.Regions.Asia.Asia*,565765.0,0.0,13.0,1612.0
7780,4.0,565888.0,陸正案,0.2942249774932861,Q15907791,STEM.STEM*,565888.0,4823.512616281624,2.0,2413.0
7781,4.0,565888.0,陸正案,0.0,Q15907791,Geography.Regions.Asia.Asia*,565888.0,4823.512616281624,2.0,2413.0
7782,4.0,565888.0,陸正案,0.0,Q15907791,Geography.Regions.Americas.North_America,565888.0,4823.512616281624,2.0,2413.0
7783,4.0,565888.0,陸正案,0.0,Q15907791,Geography.Regions.Europe.Europe*,565888.0,4823.512616281624,2.0,2413.0
7784,5.0,567987.0,標準軌,0.9324633479118348,Q1999572,History_and_Society.Transportation,567987.0,5882.291252436631,17.0,1360.0
7785,5.0,567987.0,標準軌,0.0,Q1999572,Geography.Regions.Europe.Europe*,567987.0,5882.291252436631,17.0,1360.0
7786,5.0,567987.0,標準軌,0.0,Q1999572,Geography.Regions.Europe.Northern_Europe,567987.0,5882.291252436631,17.0,1360.0
7787,1.0,568025.0,劣幣驅逐良幣,0.5000100135803223,Q648404,STEM.STEM*,568025.0,0.0,12.0,2348.0
7788,1.0,568025.0,劣幣驅逐良幣,0.2568419873714447,Q648404,History_and_Society.Society,568025.0,0.0,12.0,2348.0
7789,1.0,568025.0,劣幣驅逐良幣,0.2227101624011993,Q648404,Culture.Philosophy_and_religion,568025.0,0.0,12.0,2348.0
7790,1.0,568025.0,劣幣驅逐良幣,0.19194278120994568,Q648404,History_and_Society.Politics_and_government,568025.0,0.0,12.0,2348.0
7791,1.0,568025.0,劣幣驅逐良幣,0.19194278120994568,Q648404,STEM.Physics,568025.0,0.0,12.0,2348.0
7792,1.0,568025.0,劣幣驅逐良幣,0.1778208613395691,Q648404,History_and_Society.Military_and_warfare,568025.0,0.0,12.0,2348.0
7793,1.0,568025.0,劣幣驅逐良幣,0.1294127255678177,Q648404,History_and_Society.Business_and_economics,568025.0,0.0,12.0,2348.0
7794,1.0,568025.0,劣幣驅逐良幣,0.1294127255678177,Q648404,STEM.Biology,568025.0,0.0,12.0,2348.0
7795,1.0,568025.0,劣幣驅逐良幣,0.1097157895565033,Q648404,STEM.Medicine_&_Health,568025.0,0.0,12.0,2348.0
7796,1.0,568160.0,新十二生肖,0.9808859825134276,Q11081546,Culture.Media.Films,568160.0,0.0,4.0,2619.0
7797,1.0,568160.0,新十二生肖,0.9263137578964232,Q11081546,Culture.Media.Media*,568160.0,0.0,4.0,2619.0
7798,1.0,568160.0,新十二生肖,0.6076731681823729,Q11081546,Culture.Biography.Biography*,568160.0,0.0,4.0,2619.0
7799,1.0,568160.0,新十二生肖,0.4886818399429321,Q11081546,Geography.Regions.Asia.East_Asia,568160.0,0.0,4.0,2619.0
7800,1.0,568160.0,新十二生肖,0.4857871999740601,Q11081546,Geography.Regions.Asia.Asia*,568160.0,0.0,4.0,2619.0
7801,1.0,568160.0,新十二生肖,0.40734341740608215,Q11081546,History_and_Society.Society,568160.0,0.0,4.0,2619.0
7802,4.0,568863.0,紐約中央鐵路公司 (1831年-1968年),0.9149109721183776,Q1371464,History_and_Society.Transportation,568863.0,891.3025599978282,5.0,0.0
7803,4.0,568863.0,紐約中央鐵路公司 (1831年-1968年),0.04574816131591797,Q1371464,Geography.Regions.Americas.North_America,568863.0,891.3025599978282,5.0,0.0
7804,7.0,569174.0,邱騰華,0.99219411611557,Q5346019,Culture.Biography.Biography*,569174.0,834.4949453618852,3.0,12851.0
7805,7.0,569174.0,邱騰華,0.4714247455596924,Q5346019,Geography.Regions.Asia.East_Asia,569174.0,834.4949453618852,3.0,12851.0
7806,7.0,569174.0,邱騰華,0.4352950325012207,Q5346019,Geography.Regions.Asia.Asia*,569174.0,834.4949453618852,3.0,12851.0
7807,1.0,569519.0,陳重光 (1945年),1.0000100135803225,Q8944707,Culture.Biography.Biography*,569519.0,0.0,2.0,0.0
7808,1.0,569519.0,陳重光 (1945年),0.9863731861114502,Q8944707,History_and_Society.Society,569519.0,0.0,2.0,0.0
7809,1.0,569519.0,陳重光 (1945年),0.4669093360900879,Q8944707,Geography.Regions.Asia.Asia*,569519.0,0.0,2.0,0.0
7810,1.0,569519.0,陳重光 (1945年),0.4659240117073059,Q8944707,Geography.Regions.Asia.East_Asia,569519.0,0.0,2.0,0.0
7811,3.0,570606.0,天子尋龍,0.9886782765388488,Q10939341,Culture.Media.Media*,570606.0,3402.1630093551184,2.0,2768.0
7812,3.0,570606.0,天子尋龍,0.967909336090088,Q10939341,Culture.Media.Television,570606.0,3402.1630093551184,2.0,2768.0
7813,3.0,570606.0,天子尋龍,0.4616831412315369,Q10939341,Geography.Regions.Asia.East_Asia,570606.0,3402.1630093551184,2.0,2768.0
7814,3.0,570606.0,天子尋龍,0.40093068981170654,Q10939341,Geography.Regions.Asia.Asia*,570606.0,3402.1630093551184,2.0,2768.0
7815,3.0,571113.0,狀王宋世傑（貳）,0.9890230894088744,Q6317098,Culture.Media.Media*,571113.0,2245.2439769259486,12.0,3084.0
7816,3.0,571113.0,狀王宋世傑（貳）,0.9850529432296752,Q6317098,Culture.Media.Television,571113.0,2245.2439769259486,12.0,3084.0
7817,3.0,571113.0,狀王宋世傑（貳）,0.4543291201591492,Q6317098,Geography.Regions.Asia.East_Asia,571113.0,2245.2439769259486,12.0,3084.0
7818,3.0,571113.0,狀王宋世傑（貳）,0.4274188151359558,Q6317098,Geography.Regions.Asia.Asia*,571113.0,2245.2439769259486,12.0,3084.0
7819,5.0,571643.0,陳孝萱,0.99753737449646,Q8942969,Culture.Biography.Biography*,571643.0,9761.152561669527,4.0,2761.0
7820,5.0,571643.0,陳孝萱,0.8031837940216064,Q8942969,Culture.Biography.Women,571643.0,9761.152561669527,4.0,2761.0
7821,5.0,571643.0,陳孝萱,0.4301573634147644,Q8942969,History_and_Society.Society,571643.0,9761.152561669527,4.0,2761.0
7822,5.0,571643.0,陳孝萱,0.23006861114501956,Q8942969,Geography.Regions.Asia.East_Asia,571643.0,9761.152561669527,4.0,2761.0
7823,5.0,571643.0,陳孝萱,0.19165198707580566,Q8942969,Geography.Regions.Asia.Asia*,571643.0,9761.152561669527,4.0,2761.0
7824,5.0,572754.0,北美东部时区,0.6001983880996704,Q941023,STEM.STEM*,572754.0,3416.150916643084,5.0,2712.0
7825,5.0,572754.0,北美东部时区,0.4063222279548645,Q941023,Geography.Regions.Americas.South_America,572754.0,3416.150916643084,5.0,2712.0
7826,5.0,572754.0,北美东部时区,0.3660457601547241,Q941023,Geography.Regions.Americas.North_America,572754.0,3416.150916643084,5.0,2712.0
7827,5.0,572754.0,北美东部时区,0.0,Q941023,Geography.Regions.Americas.Central_America,572754.0,3416.150916643084,5.0,2712.0
7828,7.0,573586.0,文華東方酒店集團,0.839743971824646,Q1236521,History_and_Society.Business_and_economics,573586.0,3989.304808341658,10.0,2156.0
7829,7.0,573586.0,文華東方酒店集團,0.16452647745609286,Q1236521,Culture.Visual_arts.Visual_arts*,573586.0,3989.304808341658,10.0,2156.0
7830,7.0,573586.0,文華東方酒店集團,0.053480433464050285,Q1236521,Geography.Regions.Asia.East_Asia,573586.0,3989.304808341658,10.0,2156.0
7831,7.0,573586.0,文華東方酒店集團,0.0,Q1236521,Geography.Regions.Asia.Asia*,573586.0,3989.304808341658,10.0,2156.0
7832,7.0,573586.0,文華東方酒店集團,0.0,Q1236521,Geography.Regions.Americas.North_America,573586.0,3989.304808341658,10.0,2156.0
7833,7.0,573586.0,文華東方酒店集團,0.0,Q1236521,Geography.Regions.Europe.Europe*,573586.0,3989.304808341658,10.0,2156.0
7834,7.0,573586.0,文華東方酒店集團,0.0,Q1236521,Geography.Regions.Europe.Northern_Europe,573586.0,3989.304808341658,10.0,2156.0
7835,5.0,575767.0,希爾斯堡慘劇,0.5775054097175598,Q234132,Geography.Regions.Europe.Europe*,575767.0,2954.914593234728,1.0,1791.0
7836,5.0,575767.0,希爾斯堡慘劇,0.538993239402771,Q234132,Geography.Regions.Europe.Northern_Europe,575767.0,2954.914593234728,1.0,1791.0
7837,5.0,575767.0,希爾斯堡慘劇,0.4843900501728058,Q234132,History_and_Society.Politics_and_government,575767.0,2954.914593234728,1.0,1791.0
7838,5.0,575767.0,希爾斯堡慘劇,0.275139719247818,Q234132,Geography.Regions.Asia.Asia*,575767.0,2954.914593234728,1.0,1791.0
7839,5.0,575767.0,希爾斯堡慘劇,0.16027602553367615,Q234132,Culture.Sports,575767.0,2954.914593234728,1.0,1791.0
7840,5.0,575767.0,希爾斯堡慘劇,0.11597072333097458,Q234132,Geography.Regions.Asia.South_Asia,575767.0,2954.914593234728,1.0,1791.0
7841,6.0,576212.0,范雲 (臺灣),1.0000100135803225,Q8954159,Culture.Biography.Biography*,576212.0,5328.092313488754,2.0,2266.0
7842,6.0,576212.0,范雲 (臺灣),0.9994397163391112,Q8954159,History_and_Society.Society,576212.0,5328.092313488754,2.0,2266.0
7843,6.0,576212.0,范雲 (臺灣),0.9399233460426332,Q8954159,Culture.Biography.Women,576212.0,5328.092313488754,2.0,2266.0
7844,6.0,576212.0,范雲 (臺灣),0.4471645226478577,Q8954159,Geography.Regions.Asia.Asia*,576212.0,5328.092313488754,2.0,2266.0
7845,6.0,576212.0,范雲 (臺灣),0.4274188151359558,Q8954159,Geography.Regions.Asia.East_Asia,576212.0,5328.092313488754,2.0,2266.0
7846,1.0,576437.0,李莫愁,0.9796776771545409,Q987414,Culture.Literature,576437.0,0.0,12.0,2023.0
7847,1.0,576437.0,李莫愁,0.9539760947227478,Q987414,Culture.Media.Books,576437.0,0.0,12.0,2023.0
7848,1.0,576437.0,李莫愁,0.8840492963790894,Q987414,Culture.Media.Media*,576437.0,0.0,12.0,2023.0
7849,1.0,576437.0,李莫愁,0.4990100135803223,Q987414,Geography.Regions.Asia.East_Asia,576437.0,0.0,12.0,2023.0
7850,1.0,576437.0,李莫愁,0.4986640086174011,Q987414,Geography.Regions.Asia.Asia*,576437.0,0.0,12.0,2023.0
7851,1.0,576437.0,李莫愁,0.4843900501728058,Q987414,Culture.Sports,576437.0,0.0,12.0,2023.0
7852,2.0,576592.0,彭丹,0.996185541152954,Q5271263,Culture.Biography.Biography*,576592.0,255.75602806513228,12.0,2434.0
7853,2.0,576592.0,彭丹,0.3702353835105896,Q5271263,Culture.Biography.Women,576592.0,255.75602806513228,12.0,2434.0
7854,2.0,576592.0,彭丹,0.13661839067935946,Q5271263,Culture.Media.Music,576592.0,255.75602806513228,12.0,2434.0
7855,2.0,576592.0,彭丹,0.1294127255678177,Q5271263,Culture.Media.Media*,576592.0,255.75602806513228,12.0,2434.0
7856,2.0,576592.0,彭丹,0.0,Q5271263,Geography.Regions.Asia.Asia*,576592.0,255.75602806513228,12.0,2434.0
7857,2.0,576592.0,彭丹,0.0,Q5271263,Geography.Regions.Asia.East_Asia,576592.0,255.75602806513228,12.0,2434.0
7858,3.0,576634.0,林投姐,0.2942249774932861,Q11106189,STEM.STEM*,576634.0,4241.255873592932,4.0,2099.0
7859,3.0,576634.0,林投姐,0.0,Q11106189,Geography.Regions.Asia.Asia*,576634.0,4241.255873592932,4.0,2099.0
7860,3.0,576634.0,林投姐,0.0,Q11106189,Geography.Regions.Americas.North_America,576634.0,4241.255873592932,4.0,2099.0
7861,3.0,576634.0,林投姐,0.0,Q11106189,Geography.Regions.Europe.Europe*,576634.0,4241.255873592932,4.0,2099.0
7862,1.0,577430.0,沈卓盈,0.9946250915527344,Q4215941,Culture.Biography.Biography*,577430.0,0.0,12.0,2557.0
7863,1.0,577430.0,沈卓盈,0.38492217659950256,Q4215941,Culture.Biography.Women,577430.0,0.0,12.0,2557.0
7864,1.0,577430.0,沈卓盈,0.24809722805023196,Q4215941,Geography.Regions.Asia.East_Asia,577430.0,0.0,12.0,2557.0
7865,1.0,577430.0,沈卓盈,0.23006861114501956,Q4215941,Geography.Regions.Asia.Asia*,577430.0,0.0,12.0,2557.0
7866,6.0,577607.0,筒井康隆,0.99593985080719,Q719250,Culture.Biography.Biography*,577607.0,10451.212559919044,13.0,3341.0
7867,6.0,577607.0,筒井康隆,0.1778208613395691,Q719250,Culture.Literature,577607.0,10451.212559919044,13.0,3341.0
7868,6.0,577607.0,筒井康隆,0.12878464365005493,Q719250,Geography.Regions.Asia.Asia*,577607.0,10451.212559919044,13.0,3341.0
7869,6.0,577607.0,筒井康隆,0.11409788036346435,Q719250,Geography.Regions.Asia.East_Asia,577607.0,10451.212559919044,13.0,3341.0
7870,6.0,577607.0,筒井康隆,0.10088862478733064,Q719250,Culture.Biography.Women,577607.0,10451.212559919044,13.0,3341.0
7871,3.0,577631.0,十三罗汉,0.996837317943573,Q635632,Culture.Media.Media*,577631.0,1000.0480633550303,6.0,1098.0
7872,3.0,577631.0,十三罗汉,0.9964163899421692,Q635632,Culture.Media.Films,577631.0,1000.0480633550303,6.0,1098.0
7873,3.0,577631.0,十三罗汉,0.3775506913661957,Q635632,Culture.Media.Entertainment,577631.0,1000.0480633550303,6.0,1098.0
7874,3.0,577631.0,十三罗汉,0.0,Q635632,Geography.Regions.Americas.North_America,577631.0,1000.0480633550303,6.0,1098.0
7875,3.0,577726.0,81 Produce,0.7186043858528137,Q1154833,History_and_Society.Business_and_economics,577726.0,3603.5925068573188,14.0,1917.0
7876,3.0,577726.0,81 Produce,0.3007555902004242,Q1154833,Culture.Visual_arts.Comics_and_Anime,577726.0,3603.5925068573188,14.0,1917.0
7877,3.0,577726.0,81 Produce,0.3007555902004242,Q1154833,Culture.Media.Media*,577726.0,3603.5925068573188,14.0,1917.0
7878,3.0,577726.0,81 Produce,0.287777841091156,Q1154833,Culture.Literature,577726.0,3603.5925068573188,14.0,1917.0
7879,3.0,577726.0,81 Produce,0.2596606483459473,Q1154833,Geography.Regions.Asia.East_Asia,577726.0,3603.5925068573188,14.0,1917.0
7880,3.0,577726.0,81 Produce,0.2509227991104126,Q1154833,Culture.Visual_arts.Visual_arts*,577726.0,3603.5925068573188,14.0,1917.0
7881,3.0,577726.0,81 Produce,0.23371636867523196,Q1154833,Culture.Media.Video_games,577726.0,3603.5925068573188,14.0,1917.0
7882,3.0,577726.0,81 Produce,0.21760438585281366,Q1154833,Geography.Regions.Asia.Asia*,577726.0,3603.5925068573188,14.0,1917.0
7883,3.0,577726.0,81 Produce,0.19194278120994568,Q1154833,Culture.Internet_culture,577726.0,3603.5925068573188,14.0,1917.0
7884,3.0,577726.0,81 Produce,0.13661839067935946,Q1154833,Culture.Media.Films,577726.0,3603.5925068573188,14.0,1917.0
7885,5.0,578429.0,黃妃,1.0000100135803225,Q7187005,Culture.Biography.Biography*,578429.0,4835.97014464476,4.0,1606.0
7886,5.0,578429.0,黃妃,0.9173126816749572,Q7187005,History_and_Society.Society,578429.0,4835.97014464476,4.0,1606.0
7887,5.0,578429.0,黃妃,0.3702353835105896,Q7187005,Culture.Biography.Women,578429.0,4835.97014464476,4.0,1606.0
7888,5.0,578429.0,黃妃,0.32119916582107544,Q7187005,Geography.Regions.Asia.East_Asia,578429.0,4835.97014464476,4.0,1606.0
7889,5.0,578429.0,黃妃,0.29719679260253906,Q7187005,Geography.Regions.Asia.Asia*,578429.0,4835.97014464476,4.0,1606.0
7890,5.0,578429.0,黃妃,0.24509501457214355,Q7187005,Culture.Media.Media*,578429.0,4835.97014464476,4.0,1606.0
7891,5.0,578429.0,黃妃,0.22816647589206696,Q7187005,Culture.Media.Music,578429.0,4835.97014464476,4.0,1606.0
7892,13.0,578715.0,坂口博信,0.9966334104537964,Q312525,Culture.Biography.Biography*,578715.0,59.7972878562925,14.0,2310.0
7893,13.0,578715.0,坂口博信,0.8596737384796143,Q312525,Culture.Internet_culture,578715.0,59.7972878562925,14.0,2310.0
7894,13.0,578715.0,坂口博信,0.812877357006073,Q312525,Culture.Media.Video_games,578715.0,59.7972878562925,14.0,2310.0
7895,13.0,578715.0,坂口博信,0.7826725244522095,Q312525,Culture.Media.Media*,578715.0,59.7972878562925,14.0,2310.0
7896,13.0,578715.0,坂口博信,0.1294127255678177,Q312525,Culture.Visual_arts.Visual_arts*,578715.0,59.7972878562925,14.0,2310.0
7897,13.0,578715.0,坂口博信,0.11597072333097458,Q312525,Culture.Literature,578715.0,59.7972878562925,14.0,2310.0
7898,13.0,578715.0,坂口博信,0.0,Q312525,Geography.Regions.Asia.East_Asia,578715.0,59.7972878562925,14.0,2310.0
7899,13.0,578715.0,坂口博信,0.0,Q312525,Geography.Regions.Asia.Asia*,578715.0,59.7972878562925,14.0,2310.0
7900,4.0,579768.0,公共广播电视公司,0.5234303474426271,Q215616,Culture.Media.Media*,579768.0,2054.485485278138,5.0,1953.0
7901,4.0,579768.0,公共广播电视公司,0.4301573634147644,Q215616,Culture.Media.Television,579768.0,2054.485485278138,5.0,1953.0
7902,4.0,579768.0,公共广播电视公司,0.2814156115055084,Q215616,History_and_Society.Business_and_economics,579768.0,2054.485485278138,5.0,1953.0
7903,4.0,579768.0,公共广播电视公司,0.13604079389572146,Q215616,Geography.Regions.Americas.North_America,579768.0,2054.485485278138,5.0,1953.0
7904,4.0,579768.0,公共广播电视公司,0.10088862478733064,Q215616,STEM.STEM*,579768.0,2054.485485278138,5.0,1953.0
7905,4.0,582050.0,法務部調查局,0.99219411611557,Q986761,Culture.Biography.Biography*,582050.0,2783.3715229547906,2.0,2714.0
7906,4.0,582050.0,法務部調查局,0.9814634323120116,Q986761,History_and_Society.Society,582050.0,2783.3715229547906,2.0,2714.0
7907,4.0,582050.0,法務部調查局,0.5698626637458801,Q986761,History_and_Society.Politics_and_government,582050.0,2783.3715229547906,2.0,2714.0
7908,4.0,582050.0,法務部調查局,0.4853731861114502,Q986761,Geography.Regions.Asia.Asia*,582050.0,2783.3715229547906,2.0,2714.0
7909,4.0,582050.0,法務部調查局,0.41865252161026,Q986761,Geography.Regions.Asia.East_Asia,582050.0,2783.3715229547906,2.0,2714.0
7910,7.0,582633.0,科洛弗檔案,0.99745911359787,Q123742,Culture.Media.Films,582633.0,9544.558467241955,6.0,2259.0
7911,7.0,582633.0,科洛弗檔案,0.9965265989303588,Q123742,Culture.Media.Media*,582633.0,9544.558467241955,6.0,2259.0
7912,7.0,582633.0,科洛弗檔案,0.6442351341247559,Q123742,Culture.Media.Entertainment,582633.0,9544.558467241955,6.0,2259.0
7913,7.0,582633.0,科洛弗檔案,0.0991983880996704,Q123742,Geography.Regions.Americas.North_America,582633.0,9544.558467241955,6.0,2259.0
7914,1.0,582902.0,力王,0.9591643214225768,Q1815016,Culture.Media.Films,582902.0,0.0,12.0,2631.0
7915,1.0,582902.0,力王,0.951152205467224,Q1815016,Culture.Media.Media*,582902.0,0.0,12.0,2631.0
7916,1.0,582902.0,力王,0.4876782765388489,Q1815016,Geography.Regions.Asia.East_Asia,582902.0,0.0,12.0,2631.0
7917,1.0,582902.0,力王,0.4440047016143799,Q1815016,Geography.Regions.Asia.Asia*,582902.0,0.0,12.0,2631.0
7918,1.0,582902.0,力王,0.20182321965694427,Q1815016,Culture.Visual_arts.Comics_and_Anime,582902.0,0.0,12.0,2631.0
7919,1.0,582902.0,力王,0.20182321965694427,Q1815016,Culture.Visual_arts.Visual_arts*,582902.0,0.0,12.0,2631.0
7920,1.0,582902.0,力王,0.1732981950044632,Q1815016,Culture.Literature,582902.0,0.0,12.0,2631.0
7921,1.0,583219.0,吳智昊,0.984585464000702,Q489078,Culture.Biography.Biography*,583219.0,0.0,13.0,2696.0
7922,1.0,583219.0,吳智昊,0.0,Q489078,Geography.Regions.Asia.Asia*,583219.0,0.0,13.0,2696.0
7923,1.0,583219.0,吳智昊,0.0,Q489078,Geography.Regions.Asia.East_Asia,583219.0,0.0,13.0,2696.0
7924,14.0,584813.0,張瑪莉,0.984585464000702,Q9139062,Culture.Biography.Biography*,584813.0,22481.116035215327,7.0,3103.0
7925,14.0,584813.0,張瑪莉,0.41490885615348816,Q9139062,Culture.Biography.Women,584813.0,22481.116035215327,7.0,3103.0
7926,14.0,584813.0,張瑪莉,0.17818872833251953,Q9139062,Geography.Regions.Asia.East_Asia,584813.0,22481.116035215327,7.0,3103.0
7927,14.0,584813.0,張瑪莉,0.04574816131591797,Q9139062,Geography.Regions.Asia.Asia*,584813.0,22481.116035215327,7.0,3103.0
7928,3.0,585226.0,陳嘉輝,0.996185541152954,Q7199653,Culture.Biography.Biography*,585226.0,14787.493125909796,7.0,2409.0
7929,3.0,585226.0,陳嘉輝,0.3923194279670715,Q7199653,Geography.Regions.Asia.East_Asia,585226.0,14787.493125909796,7.0,2409.0
7930,3.0,585226.0,陳嘉輝,0.3344935646057129,Q7199653,Geography.Regions.Asia.Asia*,585226.0,14787.493125909796,7.0,2409.0
7931,7.0,586138.0,約書亞,0.8933194279670715,Q7734,History_and_Society.History,586138.0,7691.387764119558,11.0,1617.0
7932,7.0,586138.0,約書亞,0.8740872144699097,Q7734,Culture.Philosophy_and_religion,586138.0,7691.387764119558,11.0,1617.0
7933,7.0,586138.0,約書亞,0.8311530351638794,Q7734,Culture.Biography.Biography*,586138.0,7691.387764119558,11.0,1617.0
7934,7.0,586138.0,約書亞,0.4765896201133728,Q7734,Culture.Literature,586138.0,7691.387764119558,11.0,1617.0
7935,7.0,586138.0,約書亞,0.0,Q7734,Geography.Regions.Asia.West_Asia,586138.0,7691.387764119558,11.0,1617.0
7936,7.0,586138.0,約書亞,0.0,Q7734,Geography.Regions.Asia.Asia*,586138.0,7691.387764119558,11.0,1617.0
7937,2.0,587844.0,落日殺神,0.984585464000702,Q110203,Culture.Media.Media*,587844.0,7882.0,14.0,1712.0
7938,2.0,587844.0,落日殺神,0.9802908897399902,Q110203,Culture.Media.Films,587844.0,7882.0,14.0,1712.0
7939,2.0,587844.0,落日殺神,0.16442059183120727,Q110203,Geography.Regions.Americas.North_America,587844.0,7882.0,14.0,1712.0
7940,20.0,589276.0,三上真司,0.9724247455596924,Q741631,Culture.Internet_culture,589276.0,28954.33367199982,9.0,5463.0
7941,20.0,589276.0,三上真司,0.9688661694526672,Q741631,Culture.Media.Video_games,589276.0,28954.33367199982,9.0,5463.0
7942,20.0,589276.0,三上真司,0.9553291201591492,Q741631,Culture.Biography.Biography*,589276.0,28954.33367199982,9.0,5463.0
7943,20.0,589276.0,三上真司,0.9099169969558716,Q741631,Culture.Media.Media*,589276.0,28954.33367199982,9.0,5463.0
7944,20.0,589276.0,三上真司,0.0,Q741631,Geography.Regions.Asia.Asia*,589276.0,28954.33367199982,9.0,5463.0
7945,20.0,589276.0,三上真司,0.0,Q741631,Geography.Regions.Asia.East_Asia,589276.0,28954.33367199982,9.0,5463.0
7946,2.0,589389.0,天地男兒,0.9890230894088744,Q5142194,Culture.Media.Media*,589389.0,185.17574808644542,12.0,2361.0
7947,2.0,589389.0,天地男兒,0.9284188151359558,Q5142194,Culture.Media.Television,589389.0,185.17574808644542,12.0,2361.0
7948,2.0,589389.0,天地男兒,0.24217800998687744,Q5142194,Geography.Regions.Asia.East_Asia,589389.0,185.17574808644542,12.0,2361.0
7949,2.0,589389.0,天地男兒,0.23006861114501956,Q5142194,Geography.Regions.Asia.Asia*,589389.0,185.17574808644542,12.0,2361.0
7950,2.0,589389.0,天地男兒,0.1067005917429924,Q5142194,Culture.Media.Films,589389.0,185.17574808644542,12.0,2361.0
7951,5.0,589776.0,臺灣電視史,1.0000100135803225,Q24841576,Culture.Biography.Biography*,589776.0,25509.702143344883,5.0,2090.0
7952,5.0,589776.0,臺灣電視史,1.0000100135803225,Q24841576,History_and_Society.Society,589776.0,25509.702143344883,5.0,2090.0
7953,5.0,589776.0,臺灣電視史,0.4990100135803223,Q24841576,Geography.Regions.Asia.East_Asia,589776.0,25509.702143344883,5.0,2090.0
7954,5.0,589776.0,臺灣電視史,0.497803436756134,Q24841576,Geography.Regions.Asia.Asia*,589776.0,25509.702143344883,5.0,2090.0
7955,5.0,589776.0,臺灣電視史,0.3073680400848389,Q24841576,STEM.STEM*,589776.0,25509.702143344883,5.0,2090.0
7956,5.0,589776.0,臺灣電視史,0.1520422399044037,Q24841576,History_and_Society.Education,589776.0,25509.702143344883,5.0,2090.0
7957,5.0,589776.0,臺灣電視史,0.14805719256401062,Q24841576,History_and_Society.Politics_and_government,589776.0,25509.702143344883,5.0,2090.0
7958,5.0,589776.0,臺灣電視史,0.10088862478733064,Q24841576,Culture.Media.Media*,589776.0,25509.702143344883,5.0,2090.0
7959,1.0,590414.0,塞尔希奥·阿奎罗,0.9963027834892272,Q119562,Culture.Sports,590414.0,0.0,5.0,1616.0
7960,1.0,590414.0,塞尔希奥·阿奎罗,0.994098961353302,Q119562,Culture.Biography.Biography*,590414.0,0.0,5.0,1616.0
7961,1.0,590414.0,塞尔希奥·阿奎罗,0.053480433464050285,Q119562,Geography.Regions.Americas.South_America,590414.0,0.0,5.0,1616.0
7962,6.0,590739.0,小嫻,1.0000100135803225,Q9068903,Culture.Biography.Biography*,590739.0,9195.681686599592,4.0,4245.0
7963,6.0,590739.0,小嫻,0.8740872144699097,Q9068903,History_and_Society.Society,590739.0,9195.681686599592,4.0,4245.0
7964,6.0,590739.0,小嫻,0.6513648629188538,Q9068903,Culture.Biography.Women,590739.0,9195.681686599592,4.0,4245.0
7965,6.0,590739.0,小嫻,0.24809722805023196,Q9068903,Geography.Regions.Asia.East_Asia,590739.0,9195.681686599592,4.0,4245.0
7966,6.0,590739.0,小嫻,0.24217800998687744,Q9068903,Geography.Regions.Asia.Asia*,590739.0,9195.681686599592,4.0,4245.0
7967,6.0,590739.0,小嫻,0.1097157895565033,Q9068903,Culture.Media.Media*,590739.0,9195.681686599592,4.0,4245.0
7968,1.0,590982.0,追風箏的孩子,0.9879562258720398,Q637839,Culture.Media.Media*,590982.0,0.0,3.0,4887.0
7969,1.0,590982.0,追風箏的孩子,0.9855064153671264,Q637839,Culture.Media.Books,590982.0,0.0,3.0,4887.0
7970,1.0,590982.0,追風箏的孩子,0.9796776771545409,Q637839,Culture.Literature,590982.0,0.0,3.0,4887.0
7971,1.0,590982.0,追風箏的孩子,0.0,Q637839,Geography.Regions.Asia.Asia*,590982.0,0.0,3.0,4887.0
7972,1.0,590982.0,追風箏的孩子,0.0,Q637839,Geography.Regions.Asia.South_Asia,590982.0,0.0,3.0,4887.0
7973,5.0,592519.0,李綺虹,1.0000100135803225,Q7782878,Culture.Biography.Biography*,592519.0,4359.0741912264675,12.0,3335.0
7974,5.0,592519.0,李綺虹,0.8840492963790894,Q7782878,Culture.Biography.Women,592519.0,4359.0741912264675,12.0,3335.0
7975,5.0,592519.0,李綺虹,0.25392501258850103,Q7782878,Geography.Regions.Asia.East_Asia,592519.0,4359.0741912264675,12.0,3335.0
7976,5.0,592519.0,李綺虹,0.1097157895565033,Q7782878,Culture.Media.Media*,592519.0,4359.0741912264675,12.0,3335.0
7977,5.0,592519.0,李綺虹,0.04574816131591797,Q7782878,Geography.Regions.Asia.Asia*,592519.0,4359.0741912264675,12.0,3335.0
7978,5.0,594262.0,破壞之王,0.9344051480293274,Q988368,Culture.Media.Media*,594262.0,1103.937207227771,12.0,2933.0
7979,5.0,594262.0,破壞之王,0.8991314172744751,Q988368,Culture.Media.Films,594262.0,1103.937207227771,12.0,2933.0
7980,5.0,594262.0,破壞之王,0.4810237755775452,Q988368,Geography.Regions.Asia.East_Asia,594262.0,1103.937207227771,12.0,2933.0
7981,5.0,594262.0,破壞之王,0.4501522054672241,Q988368,Geography.Regions.Asia.Asia*,594262.0,1103.937207227771,12.0,2933.0
7982,5.0,594262.0,破壞之王,0.13297423720359802,Q988368,Culture.Media.Entertainment,594262.0,1103.937207227771,12.0,2933.0
7983,8.0,594672.0,陳進興 (罪犯),0.8596737384796143,Q15903730,Culture.Biography.Biography*,594672.0,16319.09688338077,4.0,21709.0
7984,8.0,594672.0,陳進興 (罪犯),0.14415885508060455,Q15903730,History_and_Society.Military_and_warfare,594672.0,16319.09688338077,4.0,21709.0
7985,8.0,594672.0,陳進興 (罪犯),0.1067005917429924,Q15903730,History_and_Society.History,594672.0,16319.09688338077,4.0,21709.0
7986,8.0,594672.0,陳進興 (罪犯),0.037993239402771,Q15903730,Geography.Regions.Asia.Asia*,594672.0,16319.09688338077,4.0,21709.0
7987,8.0,594672.0,陳進興 (罪犯),0.0,Q15903730,Geography.Regions.Asia.East_Asia,594672.0,16319.09688338077,4.0,21709.0
7988,8.0,594672.0,陳進興 (罪犯),0.0,Q15903730,Geography.Regions.Asia.Southeast_Asia,594672.0,16319.09688338077,4.0,21709.0
7989,8.0,594672.0,陳進興 (罪犯),0.0,Q15903730,Geography.Regions.Oceania,594672.0,16319.09688338077,4.0,21709.0
7990,5.0,595393.0,晶華國際酒店集團,0.9935217499732972,Q11090227,Culture.Biography.Biography*,595393.0,0.0,10.0,1883.0
7991,5.0,595393.0,晶華國際酒店集團,0.9579222798347472,Q11090227,History_and_Society.Society,595393.0,0.0,10.0,1883.0
7992,5.0,595393.0,晶華國際酒店集團,0.91965252161026,Q11090227,History_and_Society.Business_and_economics,595393.0,0.0,10.0,1883.0
7993,5.0,595393.0,晶華國際酒店集團,0.493098961353302,Q11090227,Geography.Regions.Asia.East_Asia,595393.0,0.0,10.0,1883.0
7994,5.0,595393.0,晶華國際酒店集團,0.4893015494346618,Q11090227,Geography.Regions.Asia.Asia*,595393.0,0.0,10.0,1883.0
7995,5.0,595393.0,晶華國際酒店集團,0.2393593490123749,Q11090227,Culture.Media.Media*,595393.0,0.0,10.0,1883.0
7996,5.0,595393.0,晶華國際酒店集團,0.1097157895565033,Q11090227,STEM.STEM*,595393.0,0.0,10.0,1883.0
7997,5.0,596408.0,朱凱廸,0.997758150100708,Q7227847,Culture.Biography.Biography*,596408.0,9493.083197946891,3.0,1991.0
7998,5.0,596408.0,朱凱廸,0.4980989565849304,Q7227847,Geography.Regions.Asia.East_Asia,596408.0,9493.083197946891,3.0,1991.0
7999,5.0,596408.0,朱凱廸,0.4889964332580566,Q7227847,Geography.Regions.Asia.Asia*,596408.0,9493.083197946891,3.0,1991.0
8000,3.0,596720.0,國軍示範公墓,0.9263137578964232,Q8039418,Geography.Regions.Asia.East_Asia,596720.0,3942.0,2.0,4202.0
8001,3.0,596720.0,國軍示範公墓,0.9149109721183776,Q8039418,Geography.Regions.Asia.Asia*,596720.0,3942.0,2.0,4202.0
8002,3.0,596720.0,國軍示範公墓,0.8774868249893188,Q8039418,History_and_Society.Military_and_warfare,596720.0,3942.0,2.0,4202.0
8003,3.0,596720.0,國軍示範公墓,0.6513648629188538,Q8039418,Culture.Biography.Biography*,596720.0,3942.0,2.0,4202.0
8004,3.0,596720.0,國軍示範公墓,0.5312193632125854,Q8039418,History_and_Society.Society,596720.0,3942.0,2.0,4202.0
8005,3.0,596720.0,國軍示範公墓,0.3073680400848389,Q8039418,Geography.Regions.Americas.North_America,596720.0,3942.0,2.0,4202.0
8006,2.0,596994.0,光源氏計畫,0.348655104637146,Q10890552,STEM.STEM*,596994.0,3942.0,13.0,2348.0
8007,2.0,596994.0,光源氏計畫,0.2227101624011993,Q10890552,History_and_Society.History,596994.0,3942.0,13.0,2348.0
8008,3.0,597153.0,一眉道人,0.9914325475692748,Q7913011,Culture.Media.Films,597153.0,0.0,12.0,1423.0
8009,3.0,597153.0,一眉道人,0.989681839942932,Q7913011,Culture.Media.Media*,597153.0,0.0,12.0,1423.0
8010,3.0,597153.0,一眉道人,0.4274188151359558,Q7913011,Geography.Regions.Asia.Asia*,597153.0,0.0,12.0,1423.0
8011,3.0,597153.0,一眉道人,0.4209318628311157,Q7913011,Geography.Regions.Asia.East_Asia,597153.0,0.0,12.0,1423.0
8012,1.0,597695.0,林培瑞,0.992888569831848,Q2478527,Culture.Biography.Biography*,597695.0,0.0,1.0,3480.0
8013,1.0,597695.0,林培瑞,0.0,Q2478527,Geography.Regions.Asia.East_Asia,597695.0,0.0,1.0,3480.0
8014,1.0,597695.0,林培瑞,0.0,Q2478527,Geography.Regions.Asia.Asia*,597695.0,0.0,1.0,3480.0
8015,1.0,597695.0,林培瑞,0.0,Q2478527,Geography.Regions.Americas.North_America,597695.0,0.0,1.0,3480.0
8016,2.0,598228.0,香港奇案之吸血貴利王,0.997120440006256,Q15924595,Culture.Media.Films,598228.0,1321.6872635360207,12.0,1489.0
8017,2.0,598228.0,香港奇案之吸血貴利王,0.9659096002578736,Q15924595,Culture.Media.Media*,598228.0,1321.6872635360207,12.0,1489.0
8018,2.0,598228.0,香港奇案之吸血貴利王,0.4949398508071899,Q15924595,Geography.Regions.Asia.East_Asia,598228.0,1321.6872635360207,12.0,1489.0
8019,2.0,598228.0,香港奇案之吸血貴利王,0.4835854640007019,Q15924595,Geography.Regions.Asia.Asia*,598228.0,1321.6872635360207,12.0,1489.0
8020,5.0,599207.0,神鬼認證 (電影),0.9926641583442688,Q105624,Culture.Media.Media*,599207.0,14996.818146602558,12.0,3102.0
8021,5.0,599207.0,神鬼認證 (電影),0.9883227348327636,Q105624,Culture.Media.Films,599207.0,14996.818146602558,12.0,3102.0
8022,5.0,599207.0,神鬼認證 (電影),0.1824355274438858,Q105624,Culture.Media.Entertainment,599207.0,14996.818146602558,12.0,3102.0
8023,5.0,599207.0,神鬼認證 (電影),0.1097157895565033,Q105624,Culture.Literature,599207.0,14996.818146602558,12.0,3102.0
8024,5.0,599207.0,神鬼認證 (電影),0.0,Q105624,Geography.Regions.Europe.Europe*,599207.0,14996.818146602558,12.0,3102.0
8025,5.0,599207.0,神鬼認證 (電影),0.0,Q105624,Geography.Regions.Americas.North_America,599207.0,14996.818146602558,12.0,3102.0
8026,10.0,599668.0,高雄市市長,1.0000100135803225,Q11812506,Culture.Biography.Biography*,599668.0,36247.47582567725,2.0,2932.0
8027,10.0,599668.0,高雄市市長,0.9983093142509459,Q11812506,History_and_Society.Society,599668.0,36247.47582567725,2.0,2932.0
8028,10.0,599668.0,高雄市市長,0.8903042674064636,Q11812506,History_and_Society.Politics_and_government,599668.0,36247.47582567725,2.0,2932.0
8029,10.0,599668.0,高雄市市長,0.4925217499732971,Q11812506,Geography.Regions.Asia.East_Asia,599668.0,36247.47582567725,2.0,2932.0
8030,10.0,599668.0,高雄市市長,0.4804634323120117,Q11812506,Geography.Regions.Asia.Asia*,599668.0,36247.47582567725,2.0,2932.0
8031,4.0,599783.0,神鬼認證：神鬼疑雲,0.9970290064811708,Q156608,Culture.Media.Media*,599783.0,6718.754133036262,12.0,1105.0
8032,4.0,599783.0,神鬼認證：神鬼疑雲,0.9955416321754456,Q156608,Culture.Media.Films,599783.0,6718.754133036262,12.0,1105.0
8033,4.0,599783.0,神鬼認證：神鬼疑雲,0.275139719247818,Q156608,Culture.Media.Entertainment,599783.0,6718.754133036262,12.0,1105.0
8034,4.0,599783.0,神鬼認證：神鬼疑雲,0.1097157895565033,Q156608,Culture.Literature,599783.0,6718.754133036262,12.0,1105.0
8035,4.0,599783.0,神鬼認證：神鬼疑雲,0.0,Q156608,Geography.Regions.Americas.North_America,599783.0,6718.754133036262,12.0,1105.0
8036,4.0,599783.0,神鬼認證：神鬼疑雲,0.0,Q156608,Geography.Regions.Europe.Europe*,599783.0,6718.754133036262,12.0,1105.0
8037,19.0,600869.0,聯合國大會觀察員列表,1.0,Q219082,Compilation.List_Disambig,600869.0,34016.44703783824,5.0,2672.0
8038,19.0,600869.0,聯合國大會觀察員列表,0.2942249774932861,Q219082,STEM.STEM*,600869.0,34016.44703783824,5.0,2672.0
8039,19.0,600869.0,聯合國大會觀察員列表,0.13661839067935946,Q219082,History_and_Society.Transportation,600869.0,34016.44703783824,5.0,2672.0
8040,19.0,600869.0,聯合國大會觀察員列表,0.11921291798353195,Q219082,Culture.Philosophy_and_religion,600869.0,34016.44703783824,5.0,2672.0
8041,19.0,600869.0,聯合國大會觀察員列表,0.11597072333097458,Q219082,History_and_Society.Politics_and_government,600869.0,34016.44703783824,5.0,2672.0
8042,19.0,600869.0,聯合國大會觀察員列表,0.1097157895565033,Q219082,Culture.Visual_arts.Visual_arts*,600869.0,34016.44703783824,5.0,2672.0
8043,19.0,600869.0,聯合國大會觀察員列表,0.1067005917429924,Q219082,STEM.Engineering,600869.0,34016.44703783824,5.0,2672.0
8044,19.0,600869.0,聯合國大會觀察員列表,0.1067005917429924,Q219082,Culture.Biography.Biography*,600869.0,34016.44703783824,5.0,2672.0
8045,19.0,600869.0,聯合國大會觀察員列表,0.0,Q219082,Geography.Regions.Europe.Europe*,600869.0,34016.44703783824,5.0,2672.0
8046,19.0,600869.0,聯合國大會觀察員列表,0.0,Q219082,Geography.Regions.Asia.Asia*,600869.0,34016.44703783824,5.0,2672.0
8047,19.0,600869.0,聯合國大會觀察員列表,0.0,Q219082,Geography.Regions.Americas.North_America,600869.0,34016.44703783824,5.0,2672.0
8048,19.0,600869.0,聯合國大會觀察員列表,0.0,Q219082,Geography.Regions.Asia.East_Asia,600869.0,34016.44703783824,5.0,2672.0
8049,19.0,600869.0,聯合國大會觀察員列表,0.0,Q219082,Geography.Regions.Europe.Northern_Europe,600869.0,34016.44703783824,5.0,2672.0
8050,19.0,600869.0,聯合國大會觀察員列表,0.0,Q219082,Geography.Regions.Europe.Western_Europe,600869.0,34016.44703783824,5.0,2672.0
8051,2.0,600909.0,Hey! Say! JUMP,0.8774868249893188,Q1061174,Culture.Media.Music,600909.0,968.9126103030438,14.0,2809.0
8052,2.0,600909.0,Hey! Say! JUMP,0.8479777574539185,Q1061174,Culture.Media.Media*,600909.0,968.9126103030438,14.0,2809.0
8053,2.0,600909.0,Hey! Say! JUMP,0.6513648629188538,Q1061174,Culture.Biography.Biography*,600909.0,968.9126103030438,14.0,2809.0
8054,2.0,600909.0,Hey! Say! JUMP,0.493098961353302,Q1061174,Geography.Regions.Asia.East_Asia,600909.0,968.9126103030438,14.0,2809.0
8055,2.0,600909.0,Hey! Say! JUMP,0.4687954058647156,Q1061174,Geography.Regions.Asia.Asia*,600909.0,968.9126103030438,14.0,2809.0
8056,6.0,601891.0,太子傳說,0.9615437984466552,Q10941163,Culture.Media.Films,601891.0,1329.5513414217892,12.0,966.0
8057,6.0,601891.0,太子傳說,0.9496793746948242,Q10941163,Culture.Media.Media*,601891.0,1329.5513414217892,12.0,966.0
8058,6.0,601891.0,太子傳說,0.4486793746948242,Q10941163,Geography.Regions.Asia.East_Asia,601891.0,1329.5513414217892,12.0,966.0
8059,6.0,601891.0,太子傳說,0.4440047016143799,Q10941163,Geography.Regions.Asia.Asia*,601891.0,1329.5513414217892,12.0,966.0
8060,18.0,601905.0,生化危機3 最終逃脫,0.9993836879730223,Q739784,Culture.Media.Video_games,601905.0,0.0,9.0,42799.0
8061,18.0,601905.0,生化危機3 最終逃脫,0.9992059469223022,Q739784,Culture.Internet_culture,601905.0,0.0,9.0,42799.0
8062,18.0,601905.0,生化危機3 最終逃脫,0.99753737449646,Q739784,Culture.Media.Media*,601905.0,0.0,9.0,42799.0
8063,5.0,601998.0,白髮魔女傳 (1993年電影),0.9715740084648132,Q987752,Culture.Media.Films,601998.0,8035.6001489437085,12.0,2515.0
8064,5.0,601998.0,白髮魔女傳 (1993年電影),0.9659096002578736,Q987752,Culture.Media.Media*,601998.0,8035.6001489437085,12.0,2515.0
8065,5.0,601998.0,白髮魔女傳 (1993年電影),0.4773946871757507,Q987752,Geography.Regions.Asia.East_Asia,601998.0,8035.6001489437085,12.0,2515.0
8066,5.0,601998.0,白髮魔女傳 (1993年電影),0.4638651480674744,Q987752,Geography.Regions.Asia.Asia*,601998.0,8035.6001489437085,12.0,2515.0
8067,1.0,602856.0,黃長發,0.9591643214225768,Q4207265,Culture.Biography.Biography*,602856.0,0.0,7.0,1067.0
8068,1.0,602856.0,黃長發,0.0,Q4207265,Geography.Regions.Asia.Asia*,602856.0,0.0,7.0,1067.0
8069,19.0,602864.0,生化危機 安布雷拉編年史,1.0000100135803225,Q1053024,Culture.Media.Media*,602864.0,40.58799236469674,9.0,2502.0
8070,19.0,602864.0,生化危機 安布雷拉編年史,1.0000100135803225,Q1053024,Culture.Internet_culture,602864.0,40.58799236469674,9.0,2502.0
8071,19.0,602864.0,生化危機 安布雷拉編年史,1.0000100135803225,Q1053024,Culture.Media.Video_games,602864.0,40.58799236469674,9.0,2502.0
8072,19.0,603907.0,安布雷拉,0.4765896201133728,Q1066784,STEM.STEM*,603907.0,40.58799236469674,9.0,4367.0
8073,19.0,603907.0,安布雷拉,0.16452647745609286,Q1066784,STEM.Medicine_&_Health,603907.0,40.58799236469674,9.0,4367.0
8074,19.0,603907.0,安布雷拉,0.14805719256401062,Q1066784,History_and_Society.Business_and_economics,603907.0,40.58799236469674,9.0,4367.0
8075,2.0,603997.0,林衡道,0.9972950220108032,Q11106964,Culture.Biography.Biography*,603997.0,3942.0,2.0,938.0
8076,2.0,603997.0,林衡道,0.4960290064811706,Q11106964,Geography.Regions.Asia.East_Asia,603997.0,3942.0,2.0,938.0
8077,2.0,603997.0,林衡道,0.4925217499732971,Q11106964,Geography.Regions.Asia.Asia*,603997.0,3942.0,2.0,938.0
8078,2.0,603997.0,林衡道,0.4532718360424042,Q11106964,History_and_Society.Society,603997.0,3942.0,2.0,938.0
8079,13.0,604012.0,平岡祐太,0.98678719997406,Q1190315,Culture.Biography.Biography*,604012.0,15360.642400476108,13.0,2098.0
8080,13.0,604012.0,平岡祐太,0.2047950496673584,Q1190315,Geography.Regions.Asia.Asia*,604012.0,15360.642400476108,13.0,2098.0
8081,13.0,604012.0,平岡祐太,0.14323513412475586,Q1190315,Geography.Regions.Asia.East_Asia,604012.0,15360.642400476108,13.0,2098.0
8082,13.0,604012.0,平岡祐太,0.11921291798353195,Q1190315,Culture.Media.Media*,604012.0,15360.642400476108,13.0,2098.0
8083,1.0,604276.0,恐怖社區,0.9976133108139038,Q592445,Culture.Media.Films,604276.0,0.0,6.0,2852.0
8084,1.0,604276.0,恐怖社區,0.9949496984481812,Q592445,Culture.Media.Media*,604276.0,0.0,6.0,2852.0
8085,1.0,604276.0,恐怖社區,0.1713417043685913,Q592445,Geography.Regions.Americas.North_America,604276.0,0.0,6.0,2852.0
8086,1.0,604276.0,恐怖社區,0.0,Q592445,Geography.Regions.Europe.Northern_Europe,604276.0,0.0,6.0,2852.0
8087,1.0,607952.0,浙江省缙云中学,0.4990100135803223,Q10476430,Geography.Regions.Asia.East_Asia,607952.0,0.0,2.0,1290.0
8088,1.0,607952.0,浙江省缙云中学,0.49675815010070795,Q10476430,Geography.Regions.Asia.Asia*,607952.0,0.0,2.0,1290.0
8089,1.0,608056.0,卡拉卡拉,0.9715740084648132,Q1446,Culture.Biography.Biography*,608056.0,0.0,13.0,1597.0
8090,1.0,608056.0,卡拉卡拉,0.952584147453308,Q1446,History_and_Society.History,608056.0,0.0,13.0,1597.0
8091,1.0,608056.0,卡拉卡拉,0.6859594583511353,Q1446,History_and_Society.Military_and_warfare,608056.0,0.0,13.0,1597.0
8092,1.0,608056.0,卡拉卡拉,0.38492217659950256,Q1446,Culture.Philosophy_and_religion,608056.0,0.0,13.0,1597.0
8093,1.0,608056.0,卡拉卡拉,0.23616819286346435,Q1446,Geography.Regions.Europe.Europe*,608056.0,0.0,13.0,1597.0
8094,1.0,608056.0,卡拉卡拉,0.14415885508060455,Q1446,History_and_Society.Politics_and_government,608056.0,0.0,13.0,1597.0
8095,1.0,608056.0,卡拉卡拉,0.11280541121959685,Q1446,History_and_Society.Society,608056.0,0.0,13.0,1597.0
8096,1.0,608056.0,卡拉卡拉,0.0,Q1446,Geography.Regions.Europe.Southern_Europe,608056.0,0.0,13.0,1597.0
8097,1.0,608056.0,卡拉卡拉,0.0,Q1446,Geography.Regions.Europe.Eastern_Europe,608056.0,0.0,13.0,1597.0
8098,2.0,610300.0,阿里山國家風景區,0.9965265989303588,Q707585,Culture.Biography.Biography*,610300.0,0.0,4.0,2350.0
8099,2.0,610300.0,阿里山國家風景區,0.9855064153671264,Q707585,History_and_Society.Society,610300.0,0.0,4.0,2350.0
8100,2.0,610300.0,阿里山國家風景區,0.9724247455596924,Q707585,Geography.Regions.Asia.Asia*,610300.0,0.0,4.0,2350.0
8101,2.0,610300.0,阿里山國家風景區,0.9715740084648132,Q707585,Geography.Regions.Asia.East_Asia,610300.0,0.0,4.0,2350.0
8102,2.0,610300.0,阿里山國家風景區,0.6001983880996704,Q707585,Geography.Geographical,610300.0,0.0,4.0,2350.0
8103,2.0,610300.0,阿里山國家風景區,0.10088862478733064,Q707585,STEM.STEM*,610300.0,0.0,4.0,2350.0
8104,7.0,610758.0,南華大學 (臺灣),0.9073222279548644,Q6963583,Geography.Regions.Asia.Asia*,610758.0,1530.670917329468,0.0,2398.0
8105,7.0,610758.0,南華大學 (臺灣),0.8840492963790894,Q6963583,Culture.Biography.Biography*,610758.0,1530.670917329468,0.0,2398.0
8106,7.0,610758.0,南華大學 (臺灣),0.8670457601547241,Q6963583,History_and_Society.Education,610758.0,1530.670917329468,0.0,2398.0
8107,7.0,610758.0,南華大學 (臺灣),0.8080772161483765,Q6963583,Geography.Regions.Asia.East_Asia,610758.0,1530.670917329468,0.0,2398.0
8108,7.0,610758.0,南華大學 (臺灣),0.754925012588501,Q6963583,History_and_Society.Society,610758.0,1530.670917329468,0.0,2398.0
8109,7.0,610758.0,南華大學 (臺灣),0.10375863313674928,Q6963583,Culture.Philosophy_and_religion,610758.0,1530.670917329468,0.0,2398.0
8110,10.0,611018.0,苦路,0.3629792034626007,Q231685,Culture.Visual_arts.Visual_arts*,611018.0,54.60051182035776,11.0,2530.0
8111,10.0,611018.0,苦路,0.16452647745609286,Q231685,STEM.STEM*,611018.0,54.60051182035776,11.0,2530.0
8112,10.0,611018.0,苦路,0.1520422399044037,Q231685,History_and_Society.History,611018.0,54.60051182035776,11.0,2530.0
8113,10.0,611018.0,苦路,0.0,Q231685,Geography.Regions.Europe.Europe*,611018.0,54.60051182035776,11.0,2530.0
8114,6.0,611530.0,蒼井翔太,0.9946250915527344,Q3270610,Culture.Biography.Biography*,611530.0,14108.490948616867,13.0,2763.0
8115,6.0,611530.0,蒼井翔太,0.7773098945617676,Q3270610,Culture.Visual_arts.Visual_arts*,611530.0,14108.490948616867,13.0,2763.0
8116,6.0,611530.0,蒼井翔太,0.7718535065650941,Q3270610,Culture.Visual_arts.Comics_and_Anime,611530.0,14108.490948616867,13.0,2763.0
8117,6.0,611530.0,蒼井翔太,0.4378334879875183,Q3270610,Culture.Literature,611530.0,14108.490948616867,13.0,2763.0
8118,6.0,611530.0,蒼井翔太,0.40734341740608215,Q3270610,Culture.Media.Media*,611530.0,14108.490948616867,13.0,2763.0
8119,6.0,611530.0,蒼井翔太,0.3557848632335663,Q3270610,Culture.Media.Music,611530.0,14108.490948616867,13.0,2763.0
8120,6.0,611530.0,蒼井翔太,0.06118653917312623,Q3270610,Geography.Regions.Asia.East_Asia,611530.0,14108.490948616867,13.0,2763.0
8121,6.0,611530.0,蒼井翔太,0.0,Q3270610,Geography.Regions.Asia.Asia*,611530.0,14108.490948616867,13.0,2763.0
8122,13.0,611937.0,古惑仔3之隻手遮天,0.9381340146064758,Q8058512,Culture.Media.Media*,611937.0,12019.44323291513,12.0,2954.0
8123,13.0,611937.0,古惑仔3之隻手遮天,0.9219318628311156,Q8058512,Culture.Media.Films,611937.0,12019.44323291513,12.0,2954.0
8124,13.0,611937.0,古惑仔3之隻手遮天,0.4916641583442688,Q8058512,Geography.Regions.Asia.East_Asia,611937.0,12019.44323291513,12.0,2954.0
8125,13.0,611937.0,古惑仔3之隻手遮天,0.4815675487518311,Q8058512,Geography.Regions.Asia.Asia*,611937.0,12019.44323291513,12.0,2954.0
8126,1.0,612370.0,大富豪,0.2120788097381592,Q704271,Culture.Media.Media*,612370.0,0.0,10.0,1611.0
8127,1.0,612370.0,大富豪,0.13661839067935946,Q704271,Culture.Media.Entertainment,612370.0,0.0,10.0,1611.0
8128,1.0,612370.0,大富豪,0.10667316818237303,Q704271,Geography.Regions.Europe.Europe*,612370.0,0.0,10.0,1611.0
8129,1.0,612370.0,大富豪,0.006821857929229736,Q704271,Geography.Regions.Europe.Western_Europe,612370.0,0.0,10.0,1611.0
8130,1.0,612370.0,大富豪,0.0,Q704271,Geography.Regions.Asia.Asia*,612370.0,0.0,10.0,1611.0
8131,15.0,612394.0,台灣國際造船,0.9496793746948242,Q703928,History_and_Society.Society,612394.0,2908.729774460582,5.0,1753.0
8132,15.0,612394.0,台灣國際造船,0.8596737384796143,Q703928,History_and_Society.Transportation,612394.0,2908.729774460582,5.0,1753.0
8133,15.0,612394.0,台灣國際造船,0.6654205918312073,Q703928,History_and_Society.Business_and_economics,612394.0,2908.729774460582,5.0,1753.0
8134,15.0,612394.0,台灣國際造船,0.59267657995224,Q703928,Culture.Biography.Biography*,612394.0,2908.729774460582,5.0,1753.0
8135,15.0,612394.0,台灣國際造船,0.4063222279548645,Q703928,Geography.Regions.Asia.Asia*,612394.0,2908.729774460582,5.0,1753.0
8136,15.0,612394.0,台灣國際造船,0.4063222279548645,Q703928,Geography.Regions.Asia.East_Asia,612394.0,2908.729774460582,5.0,1753.0
8137,3.0,613168.0,冬目景,0.9984121918678284,Q453372,Culture.Literature,613168.0,1105.1655726989047,13.0,2768.0
8138,3.0,613168.0,冬目景,0.99753737449646,Q453372,Culture.Visual_arts.Comics_and_Anime,613168.0,1105.1655726989047,13.0,2768.0
8139,3.0,613168.0,冬目景,0.99745911359787,Q453372,Culture.Biography.Biography*,613168.0,1105.1655726989047,13.0,2768.0
8140,3.0,613168.0,冬目景,0.9972090721130372,Q453372,Culture.Visual_arts.Visual_arts*,613168.0,1105.1655726989047,13.0,2768.0
8141,3.0,613168.0,冬目景,0.7663036584854126,Q453372,Culture.Biography.Women,613168.0,1105.1655726989047,13.0,2768.0
8142,3.0,613168.0,冬目景,0.0,Q453372,Geography.Regions.Asia.East_Asia,613168.0,1105.1655726989047,13.0,2768.0
8143,3.0,613168.0,冬目景,0.0,Q453372,Geography.Regions.Asia.Asia*,613168.0,1105.1655726989047,13.0,2768.0
8144,3.0,613273.0,格蘭特·希爾 (籃球員),0.9993836879730223,Q311895,Culture.Biography.Biography*,613273.0,0.0,17.0,2068.0
8145,3.0,613273.0,格蘭特·希爾 (籃球員),0.9970290064811708,Q311895,Culture.Sports,613273.0,0.0,17.0,2068.0
8146,3.0,613273.0,格蘭特·希爾 (籃球員),0.338743971824646,Q311895,Geography.Regions.Americas.North_America,613273.0,0.0,17.0,2068.0
8147,4.0,614071.0,黃祥興,0.9972950220108032,Q7606334,Culture.Biography.Biography*,614071.0,8170.543809329782,7.0,2539.0
8148,4.0,614071.0,黃祥興,0.15036486291885376,Q7606334,Geography.Regions.Asia.East_Asia,614071.0,8170.543809329782,7.0,2539.0
8149,4.0,614071.0,黃祥興,0.0,Q7606334,Geography.Regions.Asia.Asia*,614071.0,8170.543809329782,7.0,2539.0
8150,4.0,614462.0,古惑仔情義篇之洪興十三妹,0.9591643214225768,Q5944090,Culture.Media.Films,614462.0,1955.014956291292,12.0,2905.0
8151,4.0,614462.0,古惑仔情義篇之洪興十三妹,0.94500470161438,Q5944090,Culture.Media.Media*,614462.0,1955.014956291292,12.0,2905.0
8152,4.0,614462.0,古惑仔情義篇之洪興十三妹,0.538993239402771,Q5944090,History_and_Society.Society,614462.0,1955.014956291292,12.0,2905.0
8153,4.0,614462.0,古惑仔情義篇之洪興十三妹,0.4826069941520691,Q5944090,Geography.Regions.Asia.East_Asia,614462.0,1955.014956291292,12.0,2905.0
8154,4.0,614462.0,古惑仔情義篇之洪興十三妹,0.4745869507789612,Q5944090,Geography.Regions.Asia.Asia*,614462.0,1955.014956291292,12.0,2905.0
8155,4.0,615166.0,許懷欣,0.946606695652008,Q1021803,Culture.Biography.Biography*,615166.0,4477.458883102245,12.0,13274.0
8156,4.0,615166.0,許懷欣,0.3998216390609741,Q1021803,Culture.Media.Music,615166.0,4477.458883102245,12.0,13274.0
8157,4.0,615166.0,許懷欣,0.3730872144699097,Q1021803,Geography.Regions.Asia.East_Asia,615166.0,4477.458883102245,12.0,13274.0
8158,4.0,615166.0,許懷欣,0.21760438585281366,Q1021803,Geography.Regions.Asia.Asia*,615166.0,4477.458883102245,12.0,13274.0
8159,4.0,615166.0,許懷欣,0.2069040536880493,Q1021803,Culture.Media.Media*,615166.0,4477.458883102245,12.0,13274.0
8160,8.0,615927.0,何晶,0.9967369437217712,Q455666,Culture.Biography.Biography*,615927.0,5464.722151133235,3.0,46695.0
8161,8.0,615927.0,何晶,0.8439050912857056,Q455666,Culture.Biography.Women,615927.0,5464.722151133235,3.0,46695.0
8162,8.0,615927.0,何晶,0.4163126816749573,Q455666,Geography.Regions.Asia.Southeast_Asia,615927.0,5464.722151133235,3.0,46695.0
8163,8.0,615927.0,何晶,0.4089169969558716,Q455666,Geography.Regions.Asia.Asia*,615927.0,5464.722151133235,3.0,46695.0
8164,8.0,615927.0,何晶,0.2814156115055084,Q455666,History_and_Society.Business_and_economics,615927.0,5464.722151133235,3.0,46695.0
8165,8.0,615927.0,何晶,0.1097157895565033,Q455666,History_and_Society.History,615927.0,5464.722151133235,3.0,46695.0
8166,8.0,615927.0,何晶,0.10088862478733064,Q455666,STEM.STEM*,615927.0,5464.722151133235,3.0,46695.0
8167,4.0,616464.0,世界百名权威女性,1.0,Q1969175,Compilation.List_Disambig,616464.0,445.5479465569584,3.0,1954.0
8168,4.0,616464.0,世界百名权威女性,0.2689514458179474,Q1969175,Culture.Media.Media*,616464.0,445.5479465569584,3.0,1954.0
8169,4.0,616464.0,世界百名权威女性,0.2509227991104126,Q1969175,History_and_Society.Society,616464.0,445.5479465569584,3.0,1954.0
8170,4.0,616464.0,世界百名权威女性,0.1259327530860901,Q1969175,Culture.Media.Films,616464.0,445.5479465569584,3.0,1954.0
8171,4.0,616464.0,世界百名权威女性,0.0,Q1969175,Geography.Regions.Europe.Europe*,616464.0,445.5479465569584,3.0,1954.0
8172,4.0,616464.0,世界百名权威女性,0.0,Q1969175,Geography.Regions.Americas.North_America,616464.0,445.5479465569584,3.0,1954.0
8173,4.0,617833.0,諾丁漢大學,0.9073222279548644,Q472316,History_and_Society.Education,617833.0,4860.2220932567025,10.0,2061.0
8174,4.0,617833.0,諾丁漢大學,0.8031837940216064,Q472316,Geography.Regions.Europe.Europe*,617833.0,4860.2220932567025,10.0,2061.0
8175,4.0,617833.0,諾丁漢大學,0.6442351341247559,Q472316,Geography.Regions.Europe.Northern_Europe,617833.0,4860.2220932567025,10.0,2061.0
8176,3.0,618464.0,大法師,0.9850529432296752,Q274167,Culture.Media.Films,618464.0,378.48758723840143,6.0,2314.0
8177,3.0,618464.0,大法師,0.974052667617798,Q274167,Culture.Media.Media*,618464.0,378.48758723840143,6.0,2314.0
8178,3.0,618464.0,大法師,0.270853506565094,Q274167,Geography.Regions.Americas.North_America,618464.0,378.48758723840143,6.0,2314.0
8179,2.0,618856.0,艾瑞克·巴納,0.999506652355194,Q4440,Culture.Biography.Biography*,618856.0,290.98855713166125,17.0,1918.0
8180,2.0,618856.0,艾瑞克·巴納,0.14415885508060455,Q4440,Culture.Media.Media*,618856.0,290.98855713166125,17.0,1918.0
8181,2.0,618856.0,艾瑞克·巴納,0.10375863313674928,Q4440,Culture.Biography.Women,618856.0,290.98855713166125,17.0,1918.0
8182,2.0,618856.0,艾瑞克·巴納,0.0,Q4440,Geography.Regions.Oceania,618856.0,290.98855713166125,17.0,1918.0
8183,2.0,618856.0,艾瑞克·巴納,0.0,Q4440,Geography.Regions.Americas.North_America,618856.0,290.98855713166125,17.0,1918.0
8184,2.0,618856.0,艾瑞克·巴納,0.0,Q4440,Geography.Regions.Europe.Europe*,618856.0,290.98855713166125,17.0,1918.0
8185,4.0,619321.0,溫莎城堡,0.9046605229377748,Q42646,Geography.Regions.Europe.Northern_Europe,619321.0,1168.3634199838355,1.0,2499.0
8186,4.0,619321.0,溫莎城堡,0.8740872144699097,Q42646,Geography.Regions.Europe.Europe*,619321.0,1168.3634199838355,1.0,2499.0
8187,4.0,619321.0,溫莎城堡,0.6150978803634644,Q42646,Culture.Visual_arts.Visual_arts*,619321.0,1168.3634199838355,1.0,2499.0
8188,4.0,619321.0,溫莎城堡,0.59267657995224,Q42646,Culture.Visual_arts.Architecture,619321.0,1168.3634199838355,1.0,2499.0
8189,4.0,619321.0,溫莎城堡,0.3007555902004242,Q42646,History_and_Society.Military_and_warfare,619321.0,1168.3634199838355,1.0,2499.0
8190,4.0,619321.0,溫莎城堡,0.1778208613395691,Q42646,Culture.Biography.Biography*,619321.0,1168.3634199838355,1.0,2499.0
8191,4.0,619321.0,溫莎城堡,0.1067005917429924,Q42646,History_and_Society.History,619321.0,1168.3634199838355,1.0,2499.0
8192,2.0,619777.0,福茂唱片,0.9890230894088744,Q15907794,History_and_Society.Society,619777.0,722.7277467881391,4.0,1976.0
8193,2.0,619777.0,福茂唱片,0.9886782765388488,Q15907794,Culture.Biography.Biography*,619777.0,722.7277467881391,4.0,1976.0
8194,2.0,619777.0,福茂唱片,0.9381340146064758,Q15907794,Culture.Media.Music,619777.0,722.7277467881391,4.0,1976.0
8195,2.0,619777.0,福茂唱片,0.8740872144699097,Q15907794,History_and_Society.Business_and_economics,619777.0,722.7277467881391,4.0,1976.0
8196,2.0,619777.0,福茂唱片,0.8670457601547241,Q15907794,Culture.Media.Media*,619777.0,722.7277467881391,4.0,1976.0
8197,2.0,619777.0,福茂唱片,0.4970832934379578,Q15907794,Geography.Regions.Asia.East_Asia,619777.0,722.7277467881391,4.0,1976.0
8198,2.0,619777.0,福茂唱片,0.4849463572502136,Q15907794,Geography.Regions.Asia.Asia*,619777.0,722.7277467881391,4.0,1976.0
8199,1.0,620794.0,國際衛生條例,0.9591643214225768,Q600315,STEM.STEM*,620794.0,0.0,11.0,2182.0
8200,1.0,620794.0,國際衛生條例,0.7931159734725952,Q600315,History_and_Society.Society,620794.0,0.0,11.0,2182.0
8201,1.0,620794.0,國際衛生條例,0.2568419873714447,Q600315,STEM.Earth_and_environment,620794.0,0.0,11.0,2182.0
8202,1.0,620794.0,國際衛生條例,0.11921291798353195,Q600315,History_and_Society.Politics_and_government,620794.0,0.0,11.0,2182.0
8203,1.0,621399.0,張家寧,1.0000100135803225,Q9138124,Culture.Biography.Biography*,621399.0,0.0,4.0,3176.0
8204,1.0,621399.0,張家寧,0.9724247455596924,Q9138124,History_and_Society.Society,621399.0,0.0,4.0,3176.0
8205,1.0,621399.0,張家寧,0.4722507467269898,Q9138124,Geography.Regions.Asia.East_Asia,621399.0,0.0,4.0,3176.0
8206,1.0,621399.0,張家寧,0.4529760947227478,Q9138124,Geography.Regions.Asia.Asia*,621399.0,0.0,4.0,3176.0
8207,1.0,621399.0,張家寧,0.3415925204753876,Q9138124,Culture.Biography.Women,621399.0,0.0,4.0,3176.0
8208,6.0,621405.0,MVP情人,0.94500470161438,Q3868872,Culture.Media.Media*,621405.0,23446.944468186466,4.0,2957.0
8209,6.0,621405.0,MVP情人,0.8774868249893188,Q3868872,Culture.Media.Television,621405.0,23446.944468186466,4.0,2957.0
8210,6.0,621405.0,MVP情人,0.7981967926025391,Q3868872,Culture.Biography.Biography*,621405.0,23446.944468186466,4.0,2957.0
8211,6.0,621405.0,MVP情人,0.7310686111450195,Q3868872,History_and_Society.Society,621405.0,23446.944468186466,4.0,2957.0
8212,6.0,621405.0,MVP情人,0.32119916582107544,Q3868872,Geography.Regions.Asia.East_Asia,621405.0,23446.944468186466,4.0,2957.0
8213,6.0,621405.0,MVP情人,0.30218379402160644,Q3868872,Geography.Regions.Asia.Asia*,621405.0,23446.944468186466,4.0,2957.0
8214,2.0,621514.0,熊旅揚,0.9724247455596924,Q9070903,Culture.Biography.Biography*,621514.0,7882.0,2.0,1635.0
8215,2.0,621514.0,熊旅揚,0.2689514458179474,Q9070903,Culture.Sports,621514.0,7882.0,2.0,1635.0
8216,2.0,621514.0,熊旅揚,0.06886266374588013,Q9070903,Geography.Regions.Asia.East_Asia,621514.0,7882.0,2.0,1635.0
8217,2.0,621514.0,熊旅揚,0.0,Q9070903,Geography.Regions.Asia.Asia*,621514.0,7882.0,2.0,1635.0
8218,2.0,621514.0,熊旅揚,0.0,Q9070903,Geography.Regions.Americas.North_America,621514.0,7882.0,2.0,1635.0
8219,2.0,621514.0,熊旅揚,0.0,Q9070903,Geography.Regions.Europe.Europe*,621514.0,7882.0,2.0,1635.0
8220,4.0,622136.0,註生娘娘,0.5698626637458801,Q24841560,Culture.Literature,622136.0,8164.8255060976135,4.0,1590.0
8221,4.0,622136.0,註生娘娘,0.2816725244522095,Q24841560,Geography.Regions.Asia.Asia*,622136.0,8164.8255060976135,4.0,1590.0
8222,4.0,622136.0,註生娘娘,0.2393593490123749,Q24841560,Culture.Philosophy_and_religion,622136.0,8164.8255060976135,4.0,1590.0
8223,4.0,622136.0,註生娘娘,0.037993239402771,Q24841560,Geography.Regions.Asia.East_Asia,622136.0,8164.8255060976135,4.0,1590.0
8224,25.0,622424.0,地獄犬的輓歌 -最終幻想VII-,1.0000100135803225,Q367135,Culture.Internet_culture,622424.0,9964.241165401078,14.0,4596.0
8225,25.0,622424.0,地獄犬的輓歌 -最終幻想VII-,1.0000100135803225,Q367135,Culture.Media.Video_games,622424.0,9964.241165401078,14.0,4596.0
8226,25.0,622424.0,地獄犬的輓歌 -最終幻想VII-,0.9996640086174012,Q367135,Culture.Media.Media*,622424.0,9964.241165401078,14.0,4596.0
8227,30.0,622583.0,克勞德·史特萊夫,0.9996179938316344,Q1798592,Culture.Internet_culture,622583.0,14807.89543523598,14.0,42278.0
8228,30.0,622583.0,克勞德·史特萊夫,0.9994907379150392,Q1798592,Culture.Media.Video_games,622583.0,14807.89543523598,14.0,42278.0
8229,30.0,622583.0,克勞德·史特萊夫,0.9615437984466552,Q1798592,Culture.Media.Media*,622583.0,14807.89543523598,14.0,42278.0
8230,30.0,622583.0,克勞德·史特萊夫,0.946606695652008,Q1798592,Culture.Literature,622583.0,14807.89543523598,14.0,42278.0
8231,3.0,622649.0,英皇教育,0.94500470161438,Q6410950,History_and_Society.Education,622649.0,4260.801928376576,3.0,1266.0
8232,3.0,622649.0,英皇教育,0.03021936321258545,Q6410950,Geography.Regions.Asia.Asia*,622649.0,4260.801928376576,3.0,1266.0
8233,3.0,622649.0,英皇教育,0.0,Q6410950,Geography.Regions.Americas.North_America,622649.0,4260.801928376576,3.0,1266.0
8234,3.0,622649.0,英皇教育,0.0,Q6410950,Geography.Regions.Europe.Europe*,622649.0,4260.801928376576,3.0,1266.0
8235,3.0,622649.0,英皇教育,0.0,Q6410950,Geography.Regions.Asia.Southeast_Asia,622649.0,4260.801928376576,3.0,1266.0
8236,3.0,622649.0,英皇教育,0.0,Q6410950,Geography.Regions.Asia.South_Asia,622649.0,4260.801928376576,3.0,1266.0
8237,3.0,622649.0,英皇教育,0.0,Q6410950,Geography.Regions.Europe.Northern_Europe,622649.0,4260.801928376576,3.0,1266.0
8238,3.0,622649.0,英皇教育,0.0,Q6410950,Geography.Regions.Asia.East_Asia,622649.0,4260.801928376576,3.0,1266.0
8239,2.0,622650.0,香港教育國際,0.4865783920288086,Q6888647,Geography.Regions.Asia.Asia*,622650.0,0.0,3.0,2281.0
8240,2.0,622650.0,香港教育國際,0.4849463572502136,Q6888647,Geography.Regions.Asia.East_Asia,622650.0,0.0,3.0,2281.0
8241,2.0,622650.0,香港教育國際,0.3415925204753876,Q6888647,History_and_Society.Business_and_economics,622650.0,0.0,3.0,2281.0
8242,3.0,623023.0,白蕉,0.9688661694526672,Q45489611,Culture.Biography.Biography*,623023.0,527.3847948173685,2.0,1041.0
8243,3.0,623023.0,白蕉,0.4804634323120117,Q45489611,Geography.Regions.Asia.East_Asia,623023.0,527.3847948173685,2.0,1041.0
8244,3.0,623023.0,白蕉,0.4738311638832092,Q45489611,Geography.Regions.Asia.Asia*,623023.0,527.3847948173685,2.0,1041.0
8245,3.0,623023.0,白蕉,0.15611489117145538,Q45489611,Culture.Literature,623023.0,527.3847948173685,2.0,1041.0
8246,6.0,623820.0,出埃及記 (香港電影),0.7431780099868774,Q5420543,Culture.Media.Films,623820.0,2339.014181427573,12.0,1177.0
8247,6.0,623820.0,出埃及記 (香港電影),0.7310686111450195,Q5420543,Culture.Media.Media*,623820.0,2339.014181427573,12.0,1177.0
8248,6.0,623820.0,出埃及記 (香港電影),0.4798859825134277,Q5420543,Geography.Regions.Asia.East_Asia,623820.0,2339.014181427573,12.0,1177.0
8249,6.0,623820.0,出埃及記 (香港電影),0.4745869507789612,Q5420543,Geography.Regions.Asia.Asia*,623820.0,2339.014181427573,12.0,1177.0
8250,6.0,625000.0,歐文·威爾森,0.9988405108451844,Q161916,Culture.Biography.Biography*,625000.0,34789.119569618,6.0,1652.0
8251,6.0,625000.0,歐文·威爾森,0.24509501457214355,Q161916,Culture.Media.Media*,625000.0,34789.119569618,6.0,1652.0
8252,6.0,625000.0,歐文·威爾森,0.16452647745609286,Q161916,Culture.Media.Entertainment,625000.0,34789.119569618,6.0,1652.0
8253,6.0,625000.0,歐文·威爾森,0.07650540971755981,Q161916,Geography.Regions.Americas.North_America,625000.0,34789.119569618,6.0,1652.0
8254,6.0,625000.0,歐文·威爾森,0.0,Q161916,Geography.Regions.Europe.Northern_Europe,625000.0,34789.119569618,6.0,1652.0
8255,6.0,625000.0,歐文·威爾森,0.0,Q161916,Geography.Regions.Europe.Europe*,625000.0,34789.119569618,6.0,1652.0
8256,21.0,625948.0,耶稣复活,0.989681839942932,Q51624,Culture.Philosophy_and_religion,625948.0,18261.655964906542,11.0,4852.0
8257,21.0,625948.0,耶稣复活,0.5156299471855164,Q51624,Culture.Literature,625948.0,18261.655964906542,11.0,4852.0
8258,2.0,626497.0,茅于轼,0.990301549434662,Q3380956,Culture.Biography.Biography*,626497.0,3942.0,13.0,2826.0
8259,2.0,626497.0,茅于轼,0.3775506913661957,Q3380956,History_and_Society.Business_and_economics,626497.0,3942.0,13.0,2826.0
8260,2.0,626497.0,茅于轼,0.23006861114501956,Q3380956,Geography.Regions.Asia.East_Asia,626497.0,3942.0,13.0,2826.0
8261,2.0,626497.0,茅于轼,0.15742753648757934,Q3380956,Geography.Regions.Asia.Asia*,626497.0,3942.0,13.0,2826.0
8262,11.0,626693.0,航空器註冊編號,0.6584275364875793,Q838849,STEM.STEM*,626693.0,8020.4911576780005,10.0,3256.0
8263,11.0,626693.0,航空器註冊編號,0.21734751760959625,Q838849,STEM.Technology,626693.0,8020.4911576780005,10.0,3256.0
8264,11.0,626693.0,航空器註冊編號,0.14415885508060455,Q838849,History_and_Society.Business_and_economics,626693.0,8020.4911576780005,10.0,3256.0
8265,11.0,626693.0,航空器註冊編號,0.13297423720359802,Q838849,STEM.Medicine_&_Health,626693.0,8020.4911576780005,10.0,3256.0
8266,11.0,626693.0,航空器註冊編號,0.11280541121959685,Q838849,STEM.Computing,626693.0,8020.4911576780005,10.0,3256.0
8267,11.0,626693.0,航空器註冊編號,0.0,Q838849,Geography.Regions.Asia.Asia*,626693.0,8020.4911576780005,10.0,3256.0
8268,4.0,628726.0,荷魯斯之眼,0.9399233460426332,Q211286,History_and_Society.History,628726.0,416.3356342881535,11.0,3521.0
8269,4.0,628726.0,荷魯斯之眼,0.20182321965694427,Q211286,STEM.STEM*,628726.0,416.3356342881535,11.0,3521.0
8270,4.0,628726.0,荷魯斯之眼,0.16452647745609286,Q211286,Culture.Visual_arts.Visual_arts*,628726.0,416.3356342881535,11.0,3521.0
8271,4.0,628726.0,荷魯斯之眼,0.1520422399044037,Q211286,Culture.Linguistics,628726.0,416.3356342881535,11.0,3521.0
8272,4.0,628726.0,荷魯斯之眼,0.11921291798353195,Q211286,STEM.Technology,628726.0,416.3356342881535,11.0,3521.0
8273,4.0,628726.0,荷魯斯之眼,0.11597072333097458,Q211286,Culture.Literature,628726.0,416.3356342881535,11.0,3521.0
8274,1.0,628915.0,喬許·哈奈特,1.0000100135803225,Q303957,Culture.Biography.Biography*,628915.0,0.0,13.0,2382.0
8275,1.0,628915.0,喬許·哈奈特,0.14323513412475586,Q303957,Geography.Regions.Americas.North_America,628915.0,0.0,13.0,2382.0
8276,1.0,628915.0,喬許·哈奈特,0.1067005917429924,Q303957,Culture.Media.Media*,628915.0,0.0,13.0,2382.0
8277,1.0,628915.0,喬許·哈奈特,0.0,Q303957,Geography.Regions.Europe.Europe*,628915.0,0.0,13.0,2382.0
8278,11.0,629752.0,環星娛樂,0.8774868249893188,Q1284735,Culture.Media.Media*,629752.0,38321.70818476655,12.0,1590.0
8279,11.0,629752.0,環星娛樂,0.8740872144699097,Q1284735,Culture.Media.Music,629752.0,38321.70818476655,12.0,1590.0
8280,11.0,629752.0,環星娛樂,0.21124218606948847,Q1284735,Geography.Regions.Asia.East_Asia,629752.0,38321.70818476655,12.0,1590.0
8281,11.0,629752.0,環星娛樂,0.1520422399044037,Q1284735,History_and_Society.Business_and_economics,629752.0,38321.70818476655,12.0,1590.0
8282,11.0,629752.0,環星娛樂,0.0,Q1284735,Geography.Regions.Asia.Asia*,629752.0,38321.70818476655,12.0,1590.0
8283,22.0,630317.0,惡靈古堡3：大滅絕,0.997758150100708,Q156069,Culture.Media.Media*,630317.0,4585.113470170471,9.0,3097.0
8284,22.0,630317.0,惡靈古堡3：大滅絕,0.99593985080719,Q156069,Culture.Media.Films,630317.0,4585.113470170471,9.0,3097.0
8285,22.0,630317.0,惡靈古堡3：大滅絕,0.5234303474426271,Q156069,Culture.Media.Entertainment,630317.0,4585.113470170471,9.0,3097.0
8286,22.0,630317.0,惡靈古堡3：大滅絕,0.10088862478733064,Q156069,Culture.Literature,630317.0,4585.113470170471,9.0,3097.0
8287,22.0,630317.0,惡靈古堡3：大滅絕,0.0,Q156069,Geography.Regions.Americas.North_America,630317.0,4585.113470170471,9.0,3097.0
8288,3.0,630966.0,纳吉·阿都拉萨,0.9924327731132508,Q57675,Culture.Biography.Biography*,630966.0,1347.120538544854,3.0,2761.0
8289,3.0,630966.0,纳吉·阿都拉萨,0.4294682612419128,Q57675,Geography.Regions.Asia.Asia*,630966.0,1347.120538544854,3.0,2761.0
8290,3.0,630966.0,纳吉·阿都拉萨,0.3660457601547241,Q57675,Geography.Regions.Asia.Southeast_Asia,630966.0,1347.120538544854,3.0,2761.0
8291,3.0,630966.0,纳吉·阿都拉萨,0.22816647589206696,Q57675,History_and_Society.Politics_and_government,630966.0,1347.120538544854,3.0,2761.0
8292,3.0,630966.0,纳吉·阿都拉萨,0.0,Q57675,Geography.Regions.Europe.Europe*,630966.0,1347.120538544854,3.0,2761.0
8293,4.0,631006.0,賓夕法尼亞鐵路,0.6992644667625427,Q1197895,History_and_Society.Transportation,631006.0,1194.9829035073608,5.0,803.0
8294,4.0,631006.0,賓夕法尼亞鐵路,0.32119916582107544,Q1197895,Geography.Regions.Americas.North_America,631006.0,1194.9829035073608,5.0,803.0
8295,4.0,631006.0,賓夕法尼亞鐵路,0.2393593490123749,Q1197895,History_and_Society.Business_and_economics,631006.0,1194.9829035073608,5.0,803.0
8296,4.0,631006.0,賓夕法尼亞鐵路,0.1067005917429924,Q1197895,Culture.Visual_arts.Architecture,631006.0,1194.9829035073608,5.0,803.0
8297,1.0,631549.0,急性呼吸窘迫症候群,1.0000100135803225,Q344873,STEM.Medicine_&_Health,631549.0,0.0,3.0,2431.0
8298,1.0,631549.0,急性呼吸窘迫症候群,0.9995657801628112,Q344873,STEM.STEM*,631549.0,0.0,3.0,2431.0
8299,4.0,632108.0,仓田保昭,0.9992545843124391,Q999296,Culture.Biography.Biography*,632108.0,3028.5249132078875,12.0,3593.0
8300,4.0,632108.0,仓田保昭,0.270853506565094,Q999296,Geography.Regions.Asia.East_Asia,632108.0,3028.5249132078875,12.0,3593.0
8301,4.0,632108.0,仓田保昭,0.2689514458179474,Q999296,Culture.Sports,632108.0,3028.5249132078875,12.0,3593.0
8302,4.0,632108.0,仓田保昭,0.23616819286346435,Q999296,Geography.Regions.Asia.Asia*,632108.0,3028.5249132078875,12.0,3593.0
8303,2.0,632960.0,凱特·瑪拉,1.0000100135803225,Q231249,Culture.Biography.Biography*,632960.0,280.60499315422163,6.0,3182.0
8304,2.0,632960.0,凱特·瑪拉,0.960371196269989,Q231249,Culture.Biography.Women,632960.0,280.60499315422163,6.0,3182.0
8305,2.0,632960.0,凱特·瑪拉,0.12878464365005493,Q231249,Geography.Regions.Americas.North_America,632960.0,280.60499315422163,6.0,3182.0
8306,2.0,632960.0,凱特·瑪拉,0.12253321707248688,Q231249,Culture.Media.Media*,632960.0,280.60499315422163,6.0,3182.0
8307,2.0,632960.0,凱特·瑪拉,0.0,Q231249,Geography.Regions.Europe.Northern_Europe,632960.0,280.60499315422163,6.0,3182.0
8308,2.0,632960.0,凱特·瑪拉,0.0,Q231249,Geography.Regions.Europe.Europe*,632960.0,280.60499315422163,6.0,3182.0
8309,2.0,635625.0,Myself; Yourself,1.0000100135803225,Q1191926,Culture.Visual_arts.Comics_and_Anime,635625.0,4166.0396309981925,13.0,900.0
8310,2.0,635625.0,Myself; Yourself,1.0000100135803225,Q1191926,Culture.Visual_arts.Visual_arts*,635625.0,4166.0396309981925,13.0,900.0
8311,2.0,635625.0,Myself; Yourself,0.9993003606796264,Q1191926,Culture.Literature,635625.0,4166.0396309981925,13.0,900.0
8312,2.0,635625.0,Myself; Yourself,0.9814634323120116,Q1191926,Culture.Media.Video_games,635625.0,4166.0396309981925,13.0,900.0
8313,2.0,635625.0,Myself; Yourself,0.9808859825134276,Q1191926,Culture.Internet_culture,635625.0,4166.0396309981925,13.0,900.0
8314,2.0,635625.0,Myself; Yourself,0.7981967926025391,Q1191926,Culture.Media.Media*,635625.0,4166.0396309981925,13.0,900.0
8315,2.0,637791.0,詹仁雄,0.9931061863899232,Q9084862,Culture.Biography.Biography*,637791.0,405.7371568006282,4.0,2424.0
8316,2.0,637791.0,詹仁雄,0.1968362182378769,Q9084862,Culture.Visual_arts.Visual_arts*,637791.0,405.7371568006282,4.0,2424.0
8317,2.0,637791.0,詹仁雄,0.16452647745609286,Q9084862,Culture.Visual_arts.Comics_and_Anime,637791.0,405.7371568006282,4.0,2424.0
8318,1.0,639087.0,屯門至赤鱲角連接路,0.7371681928634644,Q7240310,Culture.Visual_arts.Visual_arts*,639087.0,0.0,3.0,2622.0
8319,1.0,639087.0,屯門至赤鱲角連接路,0.7122421860694885,Q7240310,Culture.Visual_arts.Architecture,639087.0,0.0,3.0,2622.0
8320,1.0,639087.0,屯門至赤鱲角連接路,0.4471645226478577,Q7240310,Geography.Regions.Asia.East_Asia,639087.0,0.0,3.0,2622.0
8321,1.0,639087.0,屯門至赤鱲角連接路,0.3923194279670715,Q7240310,Geography.Regions.Asia.Asia*,639087.0,0.0,3.0,2622.0
8322,1.0,639087.0,屯門至赤鱲角連接路,0.14415885508060455,Q7240310,STEM.STEM*,639087.0,0.0,3.0,2622.0
8323,1.0,639087.0,屯門至赤鱲角連接路,0.11597072333097458,Q7240310,History_and_Society.Transportation,639087.0,0.0,3.0,2622.0
8324,1.0,639893.0,新冠町,1.0000100135803225,Q1355583,Geography.Regions.Asia.East_Asia,639893.0,0.0,13.0,1899.0
8325,1.0,639893.0,新冠町,0.9992545843124391,Q1355583,Geography.Regions.Asia.Asia*,639893.0,0.0,13.0,1899.0
8326,1.0,639893.0,新冠町,0.4301573634147644,Q1355583,Geography.Geographical,639893.0,0.0,13.0,1899.0
8327,1.0,640245.0,熊海靈,1.0000100135803225,Q10403644,Culture.Biography.Biography*,640245.0,0.0,2.0,1223.0
8328,1.0,640245.0,熊海靈,0.9783946871757508,Q10403644,History_and_Society.Society,640245.0,0.0,2.0,1223.0
8329,1.0,640245.0,熊海靈,0.4406641592979431,Q10403644,Geography.Regions.Asia.Asia*,640245.0,0.0,2.0,1223.0
8330,1.0,640245.0,熊海靈,0.4209318628311157,Q10403644,Geography.Regions.Asia.East_Asia,640245.0,0.0,2.0,1223.0
8331,1.0,640245.0,熊海靈,0.1824355274438858,Q10403644,Culture.Biography.Women,640245.0,0.0,2.0,1223.0
8332,2.0,640672.0,麥爾坎·X,0.9987651705741882,Q43303,Culture.Biography.Biography*,640672.0,1345.8306510261998,6.0,1385.0
8333,2.0,640672.0,麥爾坎·X,0.7773098945617676,Q43303,History_and_Society.Society,640672.0,1345.8306510261998,6.0,1385.0
8334,2.0,640672.0,麥爾坎·X,0.38492217659950256,Q43303,History_and_Society.Politics_and_government,640672.0,1345.8306510261998,6.0,1385.0
8335,2.0,640672.0,麥爾坎·X,0.3073680400848389,Q43303,Culture.Philosophy_and_religion,640672.0,1345.8306510261998,6.0,1385.0
8336,2.0,640672.0,麥爾坎·X,0.2120788097381592,Q43303,History_and_Society.Military_and_warfare,640672.0,1345.8306510261998,6.0,1385.0
8337,2.0,640672.0,麥爾坎·X,0.18714269995689392,Q43303,History_and_Society.History,640672.0,1345.8306510261998,6.0,1385.0
8338,2.0,640672.0,麥爾坎·X,0.11409788036346435,Q43303,Geography.Regions.Americas.North_America,640672.0,1345.8306510261998,6.0,1385.0
8339,2.0,640672.0,麥爾坎·X,0.0,Q43303,Geography.Regions.Europe.Europe*,640672.0,1345.8306510261998,6.0,1385.0
8340,2.0,640672.0,麥爾坎·X,0.0,Q43303,Geography.Regions.Europe.Northern_Europe,640672.0,1345.8306510261998,6.0,1385.0
8341,1.0,641536.0,珍妮佛·嘉納,0.9992778301239014,Q172044,Culture.Biography.Biography*,641536.0,0.0,6.0,2672.0
8342,1.0,641536.0,珍妮佛·嘉納,0.7371681928634644,Q172044,Culture.Biography.Women,641536.0,0.0,6.0,2672.0
8343,1.0,641536.0,珍妮佛·嘉納,0.2596606483459473,Q172044,Geography.Regions.Americas.North_America,641536.0,0.0,6.0,2672.0
8344,1.0,641536.0,珍妮佛·嘉納,0.1824355274438858,Q172044,Culture.Media.Media*,641536.0,0.0,6.0,2672.0
8345,1.0,641536.0,珍妮佛·嘉納,0.0,Q172044,Geography.Regions.Europe.Europe*,641536.0,0.0,6.0,2672.0
8346,1.0,641536.0,珍妮佛·嘉納,0.0,Q172044,Geography.Regions.Europe.Northern_Europe,641536.0,0.0,6.0,2672.0
8347,4.0,641600.0,比亚迪,0.8991314172744751,Q2608329,History_and_Society.Business_and_economics,641600.0,2200.6625942468754,10.0,2843.0
8348,4.0,641600.0,比亚迪,0.6370407938957214,Q2608329,STEM.STEM*,641600.0,2200.6625942468754,10.0,2843.0
8349,4.0,641600.0,比亚迪,0.3557848632335663,Q2608329,STEM.Technology,641600.0,2200.6625942468754,10.0,2843.0
8350,4.0,641600.0,比亚迪,0.3509628047943115,Q2608329,Geography.Regions.Asia.East_Asia,641600.0,2200.6625942468754,10.0,2843.0
8351,4.0,641600.0,比亚迪,0.32119916582107544,Q2608329,Geography.Regions.Asia.Asia*,641600.0,2200.6625942468754,10.0,2843.0
8352,4.0,641600.0,比亚迪,0.15611489117145538,Q2608329,History_and_Society.Transportation,641600.0,2200.6625942468754,10.0,2843.0
8353,4.0,641600.0,比亚迪,0.11597072333097458,Q2608329,STEM.Engineering,641600.0,2200.6625942468754,10.0,2843.0
8354,1.0,642137.0,斑驢,0.9875783920288086,Q45969,STEM.Biology,642137.0,0.0,10.0,2007.0
8355,1.0,642137.0,斑驢,0.9855064153671264,Q45969,STEM.STEM*,642137.0,0.0,10.0,2007.0
8356,1.0,642137.0,斑驢,0.0,Q45969,Geography.Regions.Africa.Africa*,642137.0,0.0,10.0,2007.0
8357,1.0,642589.0,驚魂記,0.9980832934379578,Q163038,Culture.Media.Films,642589.0,0.0,12.0,2350.0
8358,1.0,642589.0,驚魂記,0.9951046109199524,Q163038,Culture.Media.Media*,642589.0,0.0,12.0,2350.0
8359,1.0,642589.0,驚魂記,0.12878464365005493,Q163038,Geography.Regions.Americas.North_America,642589.0,0.0,12.0,2350.0
8360,3.0,643109.0,中华人民共和国出版物审查制度,0.4990100135803223,Q4942967,Geography.Regions.Asia.East_Asia,643109.0,11389.15926562311,10.0,1109.0
8361,3.0,643109.0,中华人民共和国出版物审查制度,0.49675815010070795,Q4942967,Geography.Regions.Asia.Asia*,643109.0,11389.15926562311,10.0,1109.0
8362,1.0,645245.0,劉明峰,0.9871888160705566,Q8991812,Culture.Biography.Biography*,645245.0,0.0,12.0,1224.0
8363,1.0,645245.0,劉明峰,0.22388027811050412,Q8991812,Geography.Regions.Asia.Asia*,645245.0,0.0,12.0,1224.0
8364,1.0,645245.0,劉明峰,0.07650540971755981,Q8991812,Geography.Regions.Asia.East_Asia,645245.0,0.0,12.0,1224.0
8365,3.0,645375.0,凱特·貝琴薩,0.9995221495628356,Q179414,Culture.Biography.Biography*,645375.0,7883.0,13.0,3394.0
8366,3.0,645375.0,凱特·貝琴薩,0.8634016513824463,Q179414,Culture.Biography.Women,645375.0,7883.0,13.0,3394.0
8367,3.0,645375.0,凱特·貝琴薩,0.38492217659950256,Q179414,Culture.Media.Media*,645375.0,7883.0,13.0,3394.0
8368,3.0,645375.0,凱特·貝琴薩,0.18714269995689392,Q179414,Culture.Media.Films,645375.0,7883.0,13.0,3394.0
8369,3.0,645375.0,凱特·貝琴薩,0.1732981950044632,Q179414,Culture.Media.Television,645375.0,7883.0,13.0,3394.0
8370,3.0,645375.0,凱特·貝琴薩,0.15742753648757934,Q179414,Geography.Regions.Europe.Europe*,645375.0,7883.0,13.0,3394.0
8371,3.0,645375.0,凱特·貝琴薩,0.1067005917429924,Q179414,Culture.Media.Entertainment,645375.0,7883.0,13.0,3394.0
8372,3.0,645375.0,凱特·貝琴薩,0.10667316818237303,Q179414,Geography.Regions.Europe.Northern_Europe,645375.0,7883.0,13.0,3394.0
8373,3.0,645375.0,凱特·貝琴薩,0.10375863313674928,Q179414,Culture.Literature,645375.0,7883.0,13.0,3394.0
8374,3.0,645375.0,凱特·貝琴薩,0.0,Q179414,Geography.Regions.Americas.North_America,645375.0,7883.0,13.0,3394.0
8375,3.0,646034.0,夏宇童,1.0000100135803225,Q9200698,Culture.Biography.Biography*,646034.0,11904.105462417017,4.0,3018.0
8376,3.0,646034.0,夏宇童,0.6442351341247559,Q9200698,Culture.Biography.Women,646034.0,11904.105462417017,4.0,3018.0
8377,3.0,646034.0,夏宇童,0.4765896201133728,Q9200698,Culture.Media.Media*,646034.0,11904.105462417017,4.0,3018.0
8378,3.0,646034.0,夏宇童,0.41865252161026,Q9200698,Geography.Regions.Asia.Asia*,646034.0,11904.105462417017,4.0,3018.0
8379,3.0,646034.0,夏宇童,0.4163126816749573,Q9200698,Geography.Regions.Asia.East_Asia,646034.0,11904.105462417017,4.0,3018.0
8380,3.0,646034.0,夏宇童,0.3276783227920532,Q9200698,Culture.Media.Music,646034.0,11904.105462417017,4.0,3018.0
8381,3.0,646034.0,夏宇童,0.16886694729328156,Q9200698,History_and_Society.Society,646034.0,11904.105462417017,4.0,3018.0
8382,3.0,646034.0,夏宇童,0.11921291798353195,Q9200698,Culture.Media.Television,646034.0,11904.105462417017,4.0,3018.0
8383,2.0,646452.0,蒙塔·埃利斯,0.99745911359787,Q381746,Culture.Sports,646452.0,3886.236675738771,17.0,1168.0
8384,2.0,646452.0,蒙塔·埃利斯,0.9939124584197998,Q381746,Culture.Biography.Biography*,646452.0,3886.236675738771,17.0,1168.0
8385,2.0,646452.0,蒙塔·埃利斯,0.3660457601547241,Q381746,Geography.Regions.Americas.North_America,646452.0,3886.236675738771,17.0,1168.0
8386,4.0,646765.0,中川雅也,0.9914325475692748,Q5359795,Culture.Biography.Biography*,646765.0,387.0136677298602,13.0,7979.0
8387,4.0,646765.0,中川雅也,0.24509501457214355,Q5359795,Culture.Media.Media*,646765.0,387.0136677298602,13.0,7979.0
8388,4.0,646765.0,中川雅也,0.22388027811050412,Q5359795,Geography.Regions.Asia.Asia*,646765.0,387.0136677298602,13.0,7979.0
8389,4.0,646765.0,中川雅也,0.21124218606948847,Q5359795,Geography.Regions.Asia.East_Asia,646765.0,387.0136677298602,13.0,7979.0
8390,2.0,647218.0,碳纖維,0.946606695652008,Q5860,STEM.STEM*,647218.0,7882.0,10.0,3069.0
8391,2.0,647218.0,碳纖維,0.41490885615348816,Q5860,STEM.Technology,647218.0,7882.0,10.0,3069.0
8392,2.0,647218.0,碳纖維,0.275139719247818,Q5860,STEM.Biology,647218.0,7882.0,10.0,3069.0
8393,2.0,647218.0,碳纖維,0.21734751760959625,Q5860,STEM.Medicine_&_Health,647218.0,7882.0,10.0,3069.0
8394,2.0,647218.0,碳纖維,0.1520422399044037,Q5860,History_and_Society.Society,647218.0,7882.0,10.0,3069.0
8395,2.0,647218.0,碳纖維,0.13661839067935946,Q5860,STEM.Chemistry,647218.0,7882.0,10.0,3069.0
8396,3.0,647600.0,许其亮,0.99753737449646,Q276049,Culture.Biography.Biography*,647600.0,2516.8115673890184,2.0,2750.0
8397,3.0,647600.0,许其亮,0.5698626637458801,Q276049,History_and_Society.Military_and_warfare,647600.0,2516.8115673890184,2.0,2750.0
8398,3.0,647600.0,许其亮,0.40093068981170654,Q276049,Geography.Regions.Asia.Asia*,647600.0,2516.8115673890184,2.0,2750.0
8399,3.0,647600.0,许其亮,0.3862146010398865,Q276049,Geography.Regions.Asia.East_Asia,647600.0,2516.8115673890184,2.0,2750.0
8400,1.0,647935.0,通利琴行,0.7826725244522095,Q43487,History_and_Society.Business_and_economics,647935.0,0.0,13.0,1125.0
8401,1.0,647935.0,通利琴行,0.0,Q43487,Geography.Regions.Americas.North_America,647935.0,0.0,13.0,1125.0
8402,1.0,647935.0,通利琴行,0.0,Q43487,Geography.Regions.Europe.Europe*,647935.0,0.0,13.0,1125.0
8403,1.0,647935.0,通利琴行,0.0,Q43487,Geography.Regions.Asia.Asia*,647935.0,0.0,13.0,1125.0
8404,1.0,648948.0,冈仁波齐峰,0.9219318628311156,Q229107,Geography.Geographical,648948.0,0.0,12.0,1872.0
8405,1.0,648948.0,冈仁波齐峰,0.6584275364875793,Q229107,Geography.Regions.Asia.Asia*,648948.0,0.0,12.0,1872.0
8406,1.0,648948.0,冈仁波齐峰,0.4301573634147644,Q229107,Geography.Regions.Asia.East_Asia,648948.0,0.0,12.0,1872.0
8407,1.0,648948.0,冈仁波齐峰,0.24509501457214355,Q229107,STEM.STEM*,648948.0,0.0,12.0,1872.0
8408,1.0,648948.0,冈仁波齐峰,0.20182321965694427,Q229107,STEM.Earth_and_environment,648948.0,0.0,12.0,1872.0
8409,1.0,648948.0,冈仁波齐峰,0.1294127255678177,Q229107,Culture.Philosophy_and_religion,648948.0,0.0,12.0,1872.0
8410,2.0,651201.0,徐展元,1.0000100135803225,Q9068059,Culture.Biography.Biography*,651201.0,3771.0345393708067,2.0,1341.0
8411,2.0,651201.0,徐展元,0.9983093142509459,Q9068059,History_and_Society.Society,651201.0,3771.0345393708067,2.0,1341.0
8412,2.0,651201.0,徐展元,0.7826725244522095,Q9068059,Culture.Media.Media*,651201.0,3771.0345393708067,2.0,1341.0
8413,2.0,651201.0,徐展元,0.4966133108139038,Q9068059,Geography.Regions.Asia.East_Asia,651201.0,3771.0345393708067,2.0,1341.0
8414,2.0,651201.0,徐展元,0.493455099105835,Q9068059,Geography.Regions.Asia.Asia*,651201.0,3771.0345393708067,2.0,1341.0
8415,3.0,653668.0,林彥君,1.0000100135803225,Q8997833,Culture.Biography.Biography*,653668.0,3607.807490111273,4.0,2124.0
8416,3.0,653668.0,林彥君,0.9825675487518309,Q8997833,History_and_Society.Society,653668.0,3607.807490111273,4.0,2124.0
8417,3.0,653668.0,林彥君,0.5156299471855164,Q8997833,Culture.Biography.Women,653668.0,3607.807490111273,4.0,2124.0
8418,3.0,653668.0,林彥君,0.4901626577377319,Q8997833,Geography.Regions.Asia.East_Asia,653668.0,3607.807490111273,4.0,2124.0
8419,3.0,653668.0,林彥君,0.4616831412315369,Q8997833,Geography.Regions.Asia.Asia*,653668.0,3607.807490111273,4.0,2124.0
8420,3.0,653668.0,林彥君,0.19194278120994568,Q8997833,Culture.Media.Media*,653668.0,3607.807490111273,4.0,2124.0
8421,3.0,653668.0,林彥君,0.16027602553367615,Q8997833,Culture.Media.Music,653668.0,3607.807490111273,4.0,2124.0
8422,39.0,654050.0,天主教會,0.9099169969558716,Q9592,Culture.Philosophy_and_religion,654050.0,384637.2932696955,11.0,2963.0
8423,39.0,654050.0,天主教會,0.2227101624011993,Q9592,History_and_Society.Society,654050.0,384637.2932696955,11.0,2963.0
8424,39.0,654050.0,天主教會,0.21734751760959625,Q9592,Culture.Biography.Biography*,654050.0,384637.2932696955,11.0,2963.0
8425,39.0,654050.0,天主教會,0.16452647745609286,Q9592,History_and_Society.Politics_and_government,654050.0,384637.2932696955,11.0,2963.0
8426,39.0,654050.0,天主教會,0.14034625887870789,Q9592,History_and_Society.History,654050.0,384637.2932696955,11.0,2963.0
8427,39.0,654050.0,天主教會,0.0,Q9592,Geography.Regions.Europe.Europe*,654050.0,384637.2932696955,11.0,2963.0
8428,39.0,654050.0,天主教會,0.0,Q9592,Geography.Regions.Asia.Asia*,654050.0,384637.2932696955,11.0,2963.0
8429,39.0,654050.0,天主教會,0.0,Q9592,Geography.Regions.Europe.Southern_Europe,654050.0,384637.2932696955,11.0,2963.0
8430,16.0,654401.0,木乃伊3：龙帝之墓,0.99745911359787,Q240713,Culture.Media.Films,654401.0,127983.36432510553,6.0,2312.0
8431,16.0,654401.0,木乃伊3：龙帝之墓,0.9973783493041992,Q240713,Culture.Media.Media*,654401.0,127983.36432510553,6.0,2312.0
8432,16.0,654401.0,木乃伊3：龙帝之墓,0.2814156115055084,Q240713,Culture.Media.Entertainment,654401.0,127983.36432510553,6.0,2312.0
8433,16.0,654401.0,木乃伊3：龙帝之墓,0.13297423720359802,Q240713,Culture.Literature,654401.0,127983.36432510553,6.0,2312.0
8434,16.0,654401.0,木乃伊3：龙帝之墓,0.0,Q240713,Geography.Regions.Americas.North_America,654401.0,127983.36432510553,6.0,2312.0
8435,16.0,654401.0,木乃伊3：龙帝之墓,0.0,Q240713,Geography.Regions.Asia.Asia*,654401.0,127983.36432510553,6.0,2312.0
8436,3.0,655463.0,玻璃鞋 (電視劇),0.7773098945617676,Q490052,Culture.Media.Television,655463.0,8127.1672031936,0.0,2830.0
8437,3.0,655463.0,玻璃鞋 (電視劇),0.6584275364875793,Q490052,Culture.Media.Media*,655463.0,8127.1672031936,0.0,2830.0
8438,3.0,655463.0,玻璃鞋 (電視劇),0.3893042674064636,Q490052,Geography.Regions.Asia.East_Asia,655463.0,8127.1672031936,0.0,2830.0
8439,3.0,655463.0,玻璃鞋 (電視劇),0.35867373847961426,Q490052,Geography.Regions.Asia.Asia*,655463.0,8127.1672031936,0.0,2830.0
8440,11.0,655820.0,羅伯特·弗朗西斯·甘迺迪,0.9976868629455566,Q25310,Culture.Biography.Biography*,655820.0,13632.273092597563,1.0,2878.0
8441,11.0,655820.0,羅伯特·弗朗西斯·甘迺迪,0.546748161315918,Q25310,History_and_Society.Politics_and_government,655820.0,13632.273092597563,1.0,2878.0
8442,11.0,655820.0,羅伯特·弗朗西斯·甘迺迪,0.2227101624011993,Q25310,History_and_Society.Military_and_warfare,655820.0,13632.273092597563,1.0,2878.0
8443,11.0,655820.0,羅伯特·弗朗西斯·甘迺迪,0.16886694729328156,Q25310,Culture.Biography.Women,655820.0,13632.273092597563,1.0,2878.0
8444,11.0,655820.0,羅伯特·弗朗西斯·甘迺迪,0.06118653917312623,Q25310,Geography.Regions.Americas.North_America,655820.0,13632.273092597563,1.0,2878.0
8445,11.0,655820.0,羅伯特·弗朗西斯·甘迺迪,0.0,Q25310,Geography.Regions.Europe.Europe*,655820.0,13632.273092597563,1.0,2878.0
8446,2.0,655867.0,銀樓金粉,0.9984121918678284,Q994784,Culture.Media.Television,655867.0,424.5839669142092,12.0,2630.0
8447,2.0,655867.0,銀樓金粉,0.994098961353302,Q994784,Culture.Media.Media*,655867.0,424.5839669142092,12.0,2630.0
8448,2.0,655867.0,銀樓金粉,0.59267657995224,Q994784,Culture.Media.Entertainment,655867.0,424.5839669142092,12.0,2630.0
8449,2.0,655867.0,銀樓金粉,0.2816725244522095,Q994784,Geography.Regions.Asia.Asia*,655867.0,424.5839669142092,12.0,2630.0
8450,2.0,655867.0,銀樓金粉,0.006821857929229736,Q994784,Geography.Regions.Asia.East_Asia,655867.0,424.5839669142092,12.0,2630.0
8451,10.0,655969.0,艾瑪·湯普遜,0.9992059469223022,Q168724,Culture.Biography.Biography*,655969.0,6383.497583927243,6.0,1943.0
8452,10.0,655969.0,艾瑪·湯普遜,0.9935217499732972,Q168724,Culture.Biography.Women,655969.0,6383.497583927243,6.0,1943.0
8453,10.0,655969.0,艾瑪·湯普遜,0.3775506913661957,Q168724,Culture.Media.Media*,655969.0,6383.497583927243,6.0,1943.0
8454,10.0,655969.0,艾瑪·湯普遜,0.3557848632335663,Q168724,Culture.Literature,655969.0,6383.497583927243,6.0,1943.0
8455,10.0,655969.0,艾瑪·湯普遜,0.20182321965694427,Q168724,History_and_Society.Society,655969.0,6383.497583927243,6.0,1943.0
8456,10.0,655969.0,艾瑪·湯普遜,0.19194278120994568,Q168724,History_and_Society.History,655969.0,6383.497583927243,6.0,1943.0
8457,10.0,655969.0,艾瑪·湯普遜,0.10088862478733064,Q168724,Culture.Performing_arts,655969.0,6383.497583927243,6.0,1943.0
8458,10.0,655969.0,艾瑪·湯普遜,0.0,Q168724,Geography.Regions.Europe.Europe*,655969.0,6383.497583927243,6.0,1943.0
8459,10.0,655969.0,艾瑪·湯普遜,0.0,Q168724,Geography.Regions.Europe.Northern_Europe,655969.0,6383.497583927243,6.0,1943.0
8460,10.0,655969.0,艾瑪·湯普遜,0.0,Q168724,Geography.Regions.Americas.North_America,655969.0,6383.497583927243,6.0,1943.0
8461,2.0,656094.0,中孝介,0.984585464000702,Q1192454,Culture.Biography.Biography*,656094.0,4688.6007369390445,13.0,1027.0
8462,2.0,656094.0,中孝介,0.3893042674064636,Q1192454,Geography.Regions.Asia.East_Asia,656094.0,4688.6007369390445,13.0,1027.0
8463,2.0,656094.0,中孝介,0.320831298828125,Q1192454,Culture.Visual_arts.Visual_arts*,656094.0,4688.6007369390445,13.0,1027.0
8464,2.0,656094.0,中孝介,0.29719679260253906,Q1192454,Geography.Regions.Asia.Asia*,656094.0,4688.6007369390445,13.0,1027.0
8465,2.0,656094.0,中孝介,0.287777841091156,Q1192454,Culture.Visual_arts.Comics_and_Anime,656094.0,4688.6007369390445,13.0,1027.0
8466,2.0,656094.0,中孝介,0.1968362182378769,Q1192454,Culture.Literature,656094.0,4688.6007369390445,13.0,1027.0
8467,8.0,656097.0,丹尼·葛洛佛,1.0000100135803225,Q192165,Culture.Biography.Biography*,656097.0,5174.326986848571,6.0,1080.0
8468,8.0,656097.0,丹尼·葛洛佛,0.348655104637146,Q192165,History_and_Society.Society,656097.0,5174.326986848571,6.0,1080.0
8469,8.0,656097.0,丹尼·葛洛佛,0.20182321965694427,Q192165,Culture.Media.Media*,656097.0,5174.326986848571,6.0,1080.0
8470,8.0,656097.0,丹尼·葛洛佛,0.1713417043685913,Q192165,Geography.Regions.Americas.North_America,656097.0,5174.326986848571,6.0,1080.0
8471,1.0,657240.0,瞞天過海2：長驅直入,0.996837317943573,Q504053,Culture.Media.Films,657240.0,0.0,6.0,1453.0
8472,1.0,657240.0,瞞天過海2：長驅直入,0.9955416321754456,Q504053,Culture.Media.Media*,657240.0,0.0,6.0,1453.0
8473,1.0,657240.0,瞞天過海2：長驅直入,0.22816647589206696,Q504053,Culture.Media.Entertainment,657240.0,0.0,6.0,1453.0
8474,1.0,657240.0,瞞天過海2：長驅直入,0.0,Q504053,Geography.Regions.Americas.North_America,657240.0,0.0,6.0,1453.0
8475,1.0,657240.0,瞞天過海2：長驅直入,0.0,Q504053,Geography.Regions.Europe.Europe*,657240.0,0.0,6.0,1453.0
8476,1.0,657677.0,李晓华,0.990301549434662,Q8995260,Culture.Biography.Biography*,657677.0,0.0,12.0,726.0
8477,1.0,657677.0,李晓华,0.6224693655967712,Q8995260,History_and_Society.Business_and_economics,657677.0,0.0,12.0,726.0
8478,1.0,657677.0,李晓华,0.4294682612419128,Q8995260,Geography.Regions.Asia.East_Asia,657677.0,0.0,12.0,726.0
8479,1.0,657677.0,李晓华,0.3624016513824463,Q8995260,Geography.Regions.Asia.Asia*,657677.0,0.0,12.0,726.0
8480,1.0,657677.0,李晓华,0.11597072333097458,Q8995260,STEM.Technology,657677.0,0.0,12.0,726.0
8481,1.0,657677.0,李晓华,0.11597072333097458,Q8995260,STEM.STEM*,657677.0,0.0,12.0,726.0
8482,1.0,658225.0,梁梓禧,0.9637899398803712,Q9297478,Culture.Biography.Biography*,658225.0,0.0,12.0,1443.0
8483,1.0,658225.0,梁梓禧,0.41490885615348816,Q9297478,Culture.Media.Music,658225.0,0.0,12.0,1443.0
8484,1.0,658225.0,梁梓禧,0.33459946513175964,Q9297478,Culture.Media.Media*,658225.0,0.0,12.0,1443.0
8485,1.0,658225.0,梁梓禧,0.0,Q9297478,Geography.Regions.Asia.Asia*,658225.0,0.0,12.0,1443.0
8486,1.0,658225.0,梁梓禧,0.0,Q9297478,Geography.Regions.Asia.East_Asia,658225.0,0.0,12.0,1443.0
8487,9.0,658556.0,港鐵車站列表,1.0,Q2382454,Compilation.List_Disambig,658556.0,372.28735668601234,10.0,1242.0
8488,9.0,658556.0,港鐵車站列表,0.9724247455596924,Q2382454,History_and_Society.Transportation,658556.0,372.28735668601234,10.0,1242.0
8489,9.0,658556.0,港鐵車站列表,0.014629947185516357,Q2382454,Geography.Regions.Asia.Asia*,658556.0,372.28735668601234,10.0,1242.0
8490,9.0,658556.0,港鐵車站列表,0.0,Q2382454,Geography.Regions.Asia.East_Asia,658556.0,372.28735668601234,10.0,1242.0
8491,2.0,658623.0,麥皓兒,0.9994397163391112,Q7187483,Culture.Biography.Biography*,658623.0,2081.5909837942345,12.0,2532.0
8492,2.0,658623.0,麥皓兒,0.59267657995224,Q7187483,Culture.Biography.Women,658623.0,2081.5909837942345,12.0,2532.0
8493,2.0,658623.0,麥皓兒,0.14805719256401062,Q7187483,Culture.Media.Media*,658623.0,2081.5909837942345,12.0,2532.0
8494,2.0,658623.0,麥皓兒,0.12253321707248688,Q7187483,Culture.Media.Music,658623.0,2081.5909837942345,12.0,2532.0
8495,2.0,658623.0,麥皓兒,0.006821857929229736,Q7187483,Geography.Regions.Asia.Asia*,658623.0,2081.5909837942345,12.0,2532.0
8496,2.0,658623.0,麥皓兒,0.0,Q7187483,Geography.Regions.Asia.East_Asia,658623.0,2081.5909837942345,12.0,2532.0
8497,1.0,658676.0,虹吸,0.754925012588501,Q426656,STEM.STEM*,658676.0,0.0,10.0,2819.0
8498,1.0,658676.0,虹吸,0.4532718360424042,Q426656,STEM.Technology,658676.0,0.0,10.0,2819.0
8499,1.0,658676.0,虹吸,0.11921291798353195,Q426656,History_and_Society.Military_and_warfare,658676.0,0.0,10.0,2819.0
8500,1.0,658676.0,虹吸,0.11597072333097458,Q426656,History_and_Society.Society,658676.0,0.0,10.0,2819.0
8501,1.0,658676.0,虹吸,0.1097157895565033,Q426656,STEM.Medicine_&_Health,658676.0,0.0,10.0,2819.0
8502,12.0,660415.0,格蕾丝·凯利,0.998142421245575,Q3925,Culture.Biography.Biography*,660415.0,34982.00425172022,6.0,2988.0
8503,12.0,660415.0,格蕾丝·凯利,0.9381340146064758,Q3925,Culture.Biography.Women,660415.0,34982.00425172022,6.0,2988.0
8504,12.0,660415.0,格蕾丝·凯利,0.38492217659950256,Q3925,History_and_Society.History,660415.0,34982.00425172022,6.0,2988.0
8505,12.0,660415.0,格蕾丝·凯利,0.2227101624011993,Q3925,History_and_Society.Society,660415.0,34982.00425172022,6.0,2988.0
8506,12.0,660415.0,格蕾丝·凯利,0.0,Q3925,Geography.Regions.Americas.North_America,660415.0,34982.00425172022,6.0,2988.0
8507,12.0,660415.0,格蕾丝·凯利,0.0,Q3925,Geography.Regions.Europe.Europe*,660415.0,34982.00425172022,6.0,2988.0
8508,14.0,660728.0,導火綫 (電影),0.9890230894088744,Q544642,Culture.Media.Media*,660728.0,3153.398862475476,12.0,2722.0
8509,14.0,660728.0,導火綫 (電影),0.9859463572502136,Q544642,Culture.Media.Films,660728.0,3153.398862475476,12.0,2722.0
8510,14.0,660728.0,導火綫 (電影),0.3257217874526977,Q544642,Geography.Regions.Asia.East_Asia,660728.0,3153.398862475476,12.0,2722.0
8511,14.0,660728.0,導火綫 (電影),0.23616819286346435,Q544642,Geography.Regions.Asia.Asia*,660728.0,3153.398862475476,12.0,2722.0
8512,3.0,661010.0,格萊普尼爾,0.99753737449646,Q846921,History_and_Society.History,661010.0,4720.761053403708,13.0,3340.0
8513,3.0,661010.0,格萊普尼爾,0.9886782765388488,Q846921,Culture.Philosophy_and_religion,661010.0,4720.761053403708,13.0,3340.0
8514,3.0,661010.0,格萊普尼爾,0.9553291201591492,Q846921,Culture.Literature,661010.0,4720.761053403708,13.0,3340.0
8515,15.0,661339.0,紅磡站,0.9924327731132508,Q996591,History_and_Society.Transportation,661339.0,41830.30978430407,10.0,3147.0
8516,15.0,661339.0,紅磡站,0.9899964332580566,Q996591,Geography.Regions.Asia.East_Asia,661339.0,41830.30978430407,10.0,3147.0
8517,15.0,661339.0,紅磡站,0.9855064153671264,Q996591,Geography.Regions.Asia.Asia*,661339.0,41830.30978430407,10.0,3147.0
8518,1.0,661391.0,麥可·杜倫,0.9958112239837646,Q707549,Culture.Biography.Biography*,661391.0,0.0,5.0,718.0
8519,1.0,661391.0,麥可·杜倫,0.8634016513824463,Q707549,History_and_Society.Military_and_warfare,661391.0,0.0,5.0,718.0
8520,1.0,661391.0,麥可·杜倫,0.14415885508060455,Q707549,STEM.Engineering,661391.0,0.0,5.0,718.0
8521,1.0,661391.0,麥可·杜倫,0.14034625887870789,Q707549,STEM.STEM*,661391.0,0.0,5.0,718.0
8522,1.0,661391.0,麥可·杜倫,0.12253321707248688,Q707549,History_and_Society.Transportation,661391.0,0.0,5.0,718.0
8523,1.0,661391.0,麥可·杜倫,0.014629947185516357,Q707549,Geography.Regions.Americas.North_America,661391.0,0.0,5.0,718.0
8524,2.0,661578.0,1987大懸案,0.993317186832428,Q886719,Culture.Media.Films,661578.0,3942.0,14.0,1613.0
8525,2.0,661578.0,1987大懸案,0.993317186832428,Q886719,Culture.Media.Media*,661578.0,3942.0,14.0,1613.0
8526,2.0,661578.0,1987大懸案,0.0,Q886719,Geography.Regions.Americas.North_America,661578.0,3942.0,14.0,1613.0
8527,6.0,663979.0,譚惠珠,0.9855064153671264,Q6761614,Culture.Biography.Biography*,663979.0,907.2299558723296,3.0,2147.0
8528,6.0,663979.0,譚惠珠,0.338743971824646,Q6761614,Geography.Regions.Asia.Asia*,663979.0,907.2299558723296,3.0,2147.0
8529,6.0,663979.0,譚惠珠,0.338743971824646,Q6761614,Geography.Regions.Asia.East_Asia,663979.0,907.2299558723296,3.0,2147.0
8530,3.0,665060.0,洪小鈴,1.0000100135803225,Q8965560,Culture.Biography.Biography*,665060.0,4767.984644862828,4.0,4014.0
8531,3.0,665060.0,洪小鈴,0.7371681928634644,Q8965560,Culture.Biography.Women,665060.0,4767.984644862828,4.0,4014.0
8532,3.0,665060.0,洪小鈴,0.7057950496673584,Q8965560,History_and_Society.Society,665060.0,4767.984644862828,4.0,4014.0
8533,3.0,665060.0,洪小鈴,0.4209318628311157,Q8965560,Geography.Regions.Asia.East_Asia,665060.0,4767.984644862828,4.0,4014.0
8534,3.0,665060.0,洪小鈴,0.37980710172653204,Q8965560,Geography.Regions.Asia.Asia*,665060.0,4767.984644862828,4.0,4014.0
8535,3.0,665060.0,洪小鈴,0.1097157895565033,Q8965560,Culture.Media.Media*,665060.0,4767.984644862828,4.0,4014.0
8536,11.0,665337.0,賭神2,0.9416641592979432,Q702437,Culture.Media.Media*,665337.0,23451.915662653853,12.0,3373.0
8537,11.0,665337.0,賭神2,0.8479777574539185,Q702437,Culture.Media.Films,665337.0,23451.915662653853,12.0,3373.0
8538,11.0,665337.0,賭神2,0.32119916582107544,Q702437,Geography.Regions.Asia.East_Asia,665337.0,23451.915662653853,12.0,3373.0
8539,11.0,665337.0,賭神2,0.25392501258850103,Q702437,Geography.Regions.Asia.Asia*,665337.0,23451.915662653853,12.0,3373.0
8540,11.0,665337.0,賭神2,0.11597072333097458,Q702437,History_and_Society.Society,665337.0,23451.915662653853,12.0,3373.0
8541,2.0,665561.0,黄妙珠,0.9964163899421692,Q456286,Culture.Biography.Women,665561.0,3942.0,12.0,2800.0
8542,2.0,665561.0,黄妙珠,0.9955416321754456,Q456286,Culture.Biography.Biography*,665561.0,3942.0,12.0,2800.0
8543,2.0,665561.0,黄妙珠,0.9890230894088744,Q456286,Culture.Sports,665561.0,3942.0,12.0,2800.0
8544,2.0,665561.0,黄妙珠,0.15036486291885376,Q456286,Geography.Regions.Asia.Asia*,665561.0,3942.0,12.0,2800.0
8545,2.0,665561.0,黄妙珠,0.04574816131591797,Q456286,Geography.Regions.Asia.Southeast_Asia,665561.0,3942.0,12.0,2800.0
8546,2.0,665623.0,基利安·墨菲,0.9990989565849304,Q202589,Culture.Biography.Biography*,665623.0,3942.0,6.0,2195.0
8547,2.0,665623.0,基利安·墨菲,0.4455395638942719,Q202589,Culture.Media.Media*,665623.0,3942.0,6.0,2195.0
8548,2.0,665623.0,基利安·墨菲,0.23616819286346435,Q202589,Geography.Regions.Europe.Europe*,665623.0,3942.0,6.0,2195.0
8549,2.0,665623.0,基利安·墨菲,0.23616819286346435,Q202589,Geography.Regions.Europe.Northern_Europe,665623.0,3942.0,6.0,2195.0
8550,2.0,665623.0,基利安·墨菲,0.0,Q202589,Geography.Regions.Americas.North_America,665623.0,3942.0,6.0,2195.0
8551,9.0,665853.0,羽田美智子,0.9914325475692748,Q999232,Culture.Biography.Biography*,665853.0,1317.506784935916,13.0,1260.0
8552,9.0,665853.0,羽田美智子,0.2227101624011993,Q999232,Culture.Biography.Women,665853.0,1317.506784935916,13.0,1260.0
8553,9.0,665853.0,羽田美智子,0.14415885508060455,Q999232,Culture.Media.Media*,665853.0,1317.506784935916,13.0,1260.0
8554,9.0,665853.0,羽田美智子,0.0,Q999232,Geography.Regions.Asia.Asia*,665853.0,1317.506784935916,13.0,1260.0
8555,9.0,665853.0,羽田美智子,0.0,Q999232,Geography.Regions.Asia.East_Asia,665853.0,1317.506784935916,13.0,1260.0
8556,3.0,666178.0,渣打銀行（香港）,0.7122421860694885,Q996550,History_and_Society.Business_and_economics,666178.0,1932.5598137048416,10.0,2715.0
8557,3.0,666178.0,渣打銀行（香港）,0.0,Q996550,Geography.Regions.Asia.Asia*,666178.0,1932.5598137048416,10.0,2715.0
8558,3.0,666178.0,渣打銀行（香港）,0.0,Q996550,Geography.Regions.Americas.North_America,666178.0,1932.5598137048416,10.0,2715.0
8559,3.0,666178.0,渣打銀行（香港）,0.0,Q996550,Geography.Regions.Asia.East_Asia,666178.0,1932.5598137048416,10.0,2715.0
8560,3.0,666178.0,渣打銀行（香港）,0.0,Q996550,Geography.Regions.Europe.Europe*,666178.0,1932.5598137048416,10.0,2715.0
8561,6.0,666218.0,羅時豐,0.9994742274284364,Q9327122,Culture.Biography.Biography*,666218.0,34093.61200113749,4.0,3284.0
8562,6.0,666218.0,羅時豐,0.3140605390071869,Q9327122,History_and_Society.Society,666218.0,34093.61200113749,4.0,3284.0
8563,6.0,666218.0,羅時豐,0.10088862478733064,Q9327122,Culture.Media.Music,666218.0,34093.61200113749,4.0,3284.0
8564,6.0,666218.0,羅時豐,0.06886266374588013,Q9327122,Geography.Regions.Asia.Asia*,666218.0,34093.61200113749,4.0,3284.0
8565,6.0,666218.0,羅時豐,0.06118653917312623,Q9327122,Geography.Regions.Asia.East_Asia,666218.0,34093.61200113749,4.0,3284.0
8566,6.0,666249.0,謝震廷,0.9883227348327636,Q9344186,Culture.Biography.Biography*,666249.0,2917.5219486314722,4.0,4904.0
8567,6.0,666249.0,謝震廷,0.4610267877578736,Q9344186,Culture.Media.Music,666249.0,2917.5219486314722,4.0,4904.0
8568,6.0,666249.0,謝震廷,0.3775506913661957,Q9344186,Culture.Media.Media*,666249.0,2917.5219486314722,4.0,4904.0
8569,6.0,666249.0,謝震廷,0.3660457601547241,Q9344186,Geography.Regions.Asia.East_Asia,666249.0,2917.5219486314722,4.0,4904.0
8570,6.0,666249.0,謝震廷,0.35867373847961426,Q9344186,Geography.Regions.Asia.Asia*,666249.0,2917.5219486314722,4.0,4904.0
8571,3.0,666816.0,上海中心大厦,0.880807101726532,Q18547,Culture.Visual_arts.Architecture,666816.0,3936.079426831054,6.0,3665.0
8572,3.0,666816.0,上海中心大厦,0.8634016513824463,Q18547,Culture.Visual_arts.Visual_arts*,666816.0,3936.079426831054,6.0,3665.0
8573,3.0,666816.0,上海中心大厦,0.6723417043685913,Q18547,Geography.Regions.Asia.Asia*,666816.0,3936.079426831054,6.0,3665.0
8574,3.0,666816.0,上海中心大厦,0.538993239402771,Q18547,Geography.Regions.Asia.East_Asia,666816.0,3936.079426831054,6.0,3665.0
8575,3.0,666816.0,上海中心大厦,0.23371636867523196,Q18547,Geography.Regions.Americas.North_America,666816.0,3936.079426831054,6.0,3665.0
8576,9.0,667190.0,黛安·克魯格,0.9976133108139038,Q57118,Culture.Biography.Biography*,667190.0,4689.527284583877,6.0,2080.0
8577,9.0,667190.0,黛安·克魯格,0.8634016513824463,Q57118,Culture.Biography.Women,667190.0,4689.527284583877,6.0,2080.0
8578,9.0,667190.0,黛安·克魯格,0.15742753648757934,Q57118,Geography.Regions.Europe.Europe*,667190.0,4689.527284583877,6.0,2080.0
8579,9.0,667190.0,黛安·克魯格,0.0,Q57118,Geography.Regions.Europe.Western_Europe,667190.0,4689.527284583877,6.0,2080.0
8580,9.0,667190.0,黛安·克魯格,0.0,Q57118,Geography.Regions.Americas.North_America,667190.0,4689.527284583877,6.0,2080.0
8581,10.0,667198.0,伊波拉病毒 (電影),0.989681839942932,Q1279985,Culture.Media.Films,667198.0,18652.704081929838,12.0,2699.0
8582,10.0,667198.0,伊波拉病毒 (電影),0.9830951094627379,Q1279985,Culture.Media.Media*,667198.0,18652.704081929838,12.0,2699.0
8583,10.0,667198.0,伊波拉病毒 (電影),0.4873227348327637,Q1279985,Geography.Regions.Asia.East_Asia,667198.0,18652.704081929838,12.0,2699.0
8584,10.0,667198.0,伊波拉病毒 (電影),0.4730526676177978,Q1279985,Geography.Regions.Asia.Asia*,667198.0,18652.704081929838,12.0,2699.0
8585,5.0,667322.0,李志希,0.9958112239837646,Q9204508,Culture.Biography.Biography*,667322.0,11967.629835000305,4.0,2348.0
8586,5.0,667322.0,李志希,0.19165198707580566,Q9204508,Geography.Regions.Asia.Asia*,667322.0,11967.629835000305,4.0,2348.0
8587,5.0,667322.0,李志希,0.17818872833251953,Q9204508,Geography.Regions.Asia.East_Asia,667322.0,11967.629835000305,4.0,2348.0
8588,5.0,667322.0,李志希,0.13661839067935946,Q9204508,History_and_Society.Society,667322.0,11967.629835000305,4.0,2348.0
8589,2.0,667479.0,中国国际航空129号班机空难,0.9937201142311096,Q489904,History_and_Society.Transportation,667479.0,0.0,10.0,1292.0
8590,2.0,667479.0,中国国际航空129号班机空难,0.9914325475692748,Q489904,STEM.Engineering,667479.0,0.0,10.0,1292.0
8591,2.0,667479.0,中国国际航空129号班机空难,0.9879562258720398,Q489904,STEM.STEM*,667479.0,0.0,10.0,1292.0
8592,2.0,667479.0,中国国际航空129号班机空难,0.9073222279548644,Q489904,Geography.Regions.Asia.East_Asia,667479.0,0.0,10.0,1292.0
8593,2.0,667479.0,中国国际航空129号班机空难,0.8962613940238953,Q489904,History_and_Society.Politics_and_government,667479.0,0.0,10.0,1292.0
8594,2.0,667479.0,中国国际航空129号班机空难,0.7431780099868774,Q489904,Geography.Regions.Asia.Asia*,667479.0,0.0,10.0,1292.0
8595,2.0,667479.0,中国国际航空129号班机空难,0.10375863313674928,Q489904,Geography.Regions.Americas.South_America,667479.0,0.0,10.0,1292.0
8596,3.0,667661.0,斯坦,0.4455395638942719,Q158691,STEM.STEM*,667661.0,2119.7262514613444,1.0,894.0
8597,3.0,667661.0,斯坦,0.3702353835105896,Q158691,Culture.Linguistics,667661.0,2119.7262514613444,1.0,894.0
8598,3.0,667661.0,斯坦,0.24509501457214355,Q158691,STEM.Biology,667661.0,2119.7262514613444,1.0,894.0
8599,3.0,667661.0,斯坦,0.11921291798353195,Q158691,STEM.Chemistry,667661.0,2119.7262514613444,1.0,894.0
8600,3.0,667661.0,斯坦,0.11921291798353195,Q158691,History_and_Society.History,667661.0,2119.7262514613444,1.0,894.0
8601,3.0,667661.0,斯坦,0.0,Q158691,Geography.Regions.Asia.Asia*,667661.0,2119.7262514613444,1.0,894.0
8602,3.0,667661.0,斯坦,0.0,Q158691,Geography.Regions.Europe.Europe*,667661.0,2119.7262514613444,1.0,894.0
8603,3.0,667661.0,斯坦,0.0,Q158691,Geography.Regions.Asia.South_Asia,667661.0,2119.7262514613444,1.0,894.0
8604,3.0,667661.0,斯坦,0.0,Q158691,Geography.Regions.Europe.Eastern_Europe,667661.0,2119.7262514613444,1.0,894.0
8605,1.0,668643.0,张梓琳,0.9980832934379578,Q197355,Culture.Biography.Biography*,668643.0,0.0,12.0,1451.0
8606,1.0,668643.0,张梓琳,0.8634016513824463,Q197355,Culture.Biography.Women,668643.0,0.0,12.0,1451.0
8607,1.0,668643.0,张梓琳,0.7931159734725952,Q197355,Culture.Visual_arts.Fashion,668643.0,0.0,12.0,1451.0
8608,1.0,668643.0,张梓琳,0.6224693655967712,Q197355,Culture.Visual_arts.Visual_arts*,668643.0,0.0,12.0,1451.0
8609,1.0,668643.0,张梓琳,0.24217800998687744,Q197355,Geography.Regions.Asia.Asia*,668643.0,0.0,12.0,1451.0
8610,1.0,668643.0,张梓琳,0.14323513412475586,Q197355,Geography.Regions.Asia.East_Asia,668643.0,0.0,12.0,1451.0
8611,10.0,668866.0,回魂夜 (1995年電影),0.9770326614379884,Q996825,Culture.Media.Media*,668866.0,8500.15704112943,12.0,3000.0
8612,10.0,668866.0,回魂夜 (1995年電影),0.974052667617798,Q996825,Culture.Media.Films,668866.0,8500.15704112943,12.0,3000.0
8613,10.0,668866.0,回魂夜 (1995年電影),0.4730526676177978,Q996825,Geography.Regions.Asia.East_Asia,668866.0,8500.15704112943,12.0,3000.0
8614,10.0,668866.0,回魂夜 (1995年電影),0.43713401460647583,Q996825,Geography.Regions.Asia.Asia*,668866.0,8500.15704112943,12.0,3000.0
8615,10.0,668866.0,回魂夜 (1995年電影),0.14034625887870789,Q996825,Culture.Media.Entertainment,668866.0,8500.15704112943,12.0,3000.0
8616,7.0,669361.0,埃及王子,0.9979592561721802,Q245227,Culture.Media.Films,669361.0,5398.360837091505,11.0,1943.0
8617,7.0,669361.0,埃及王子,0.9955416321754456,Q245227,Culture.Media.Media*,669361.0,5398.360837091505,11.0,1943.0
8618,7.0,669361.0,埃及王子,0.3415925204753876,Q245227,Culture.Literature,669361.0,5398.360837091505,11.0,1943.0
8619,7.0,669361.0,埃及王子,0.26285186409950256,Q245227,Culture.Media.Entertainment,669361.0,5398.360837091505,11.0,1943.0
8620,7.0,669361.0,埃及王子,0.037993239402771,Q245227,Geography.Regions.Americas.North_America,669361.0,5398.360837091505,11.0,1943.0
8621,1.0,670475.0,华侨农场,0.2942249774932861,Q10905436,STEM.STEM*,670475.0,0.0,1.0,716.0
8622,1.0,670475.0,华侨农场,0.0,Q10905436,Geography.Regions.Asia.Asia*,670475.0,0.0,1.0,716.0
8623,1.0,670475.0,华侨农场,0.0,Q10905436,Geography.Regions.Americas.North_America,670475.0,0.0,1.0,716.0
8624,1.0,670475.0,华侨农场,0.0,Q10905436,Geography.Regions.Europe.Europe*,670475.0,0.0,1.0,716.0
8625,5.0,670984.0,紀曉君,1.0000100135803225,Q702683,Culture.Biography.Biography*,670984.0,13243.131776743438,12.0,2870.0
8626,5.0,670984.0,紀曉君,0.9732507467269896,Q702683,History_and_Society.Society,670984.0,13243.131776743438,12.0,2870.0
8627,5.0,670984.0,紀曉君,0.7773098945617676,Q702683,Culture.Biography.Women,670984.0,13243.131776743438,12.0,2870.0
8628,5.0,670984.0,紀曉君,0.5621865391731262,Q702683,Culture.Media.Music,670984.0,13243.131776743438,12.0,2870.0
8629,5.0,670984.0,紀曉君,0.4921981394290924,Q702683,Culture.Media.Media*,670984.0,13243.131776743438,12.0,2870.0
8630,5.0,670984.0,紀曉君,0.4616831412315369,Q702683,Geography.Regions.Asia.East_Asia,670984.0,13243.131776743438,12.0,2870.0
8631,5.0,670984.0,紀曉君,0.43892334604263306,Q702683,Geography.Regions.Asia.Asia*,670984.0,13243.131776743438,12.0,2870.0
8632,2.0,672486.0,1型糖尿病,0.9994029402732848,Q124407,STEM.Medicine_&_Health,672486.0,2918.6670151261683,10.0,2508.0
8633,2.0,672486.0,1型糖尿病,0.9993003606796264,Q124407,STEM.STEM*,672486.0,2918.6670151261683,10.0,2508.0
8634,2.0,672486.0,1型糖尿病,0.2069040536880493,Q124407,STEM.Biology,672486.0,2918.6670151261683,10.0,2508.0
8635,2.0,672486.0,1型糖尿病,0.10375863313674928,Q124407,History_and_Society.Society,672486.0,2918.6670151261683,10.0,2508.0
8636,8.0,677967.0,蘇志燮,0.99753737449646,Q484859,Culture.Biography.Biography*,677967.0,13225.394587959354,0.0,71126.0
8637,8.0,677967.0,蘇志燮,0.270853506565094,Q484859,Geography.Regions.Asia.Asia*,677967.0,13225.394587959354,0.0,71126.0
8638,8.0,677967.0,蘇志燮,0.2596606483459473,Q484859,Geography.Regions.Asia.East_Asia,677967.0,13225.394587959354,0.0,71126.0
8639,25.0,679336.0,圣诞节,0.7431780099868774,Q19809,Culture.Philosophy_and_religion,679336.0,126027.6381188832,11.0,3531.0
8640,3.0,681026.0,魯伯特·葛林,0.9994215965270996,Q19190,Culture.Biography.Biography*,681026.0,76.13022272213561,6.0,3941.0
8641,3.0,681026.0,魯伯特·葛林,0.2814156115055084,Q19190,Culture.Media.Media*,681026.0,76.13022272213561,6.0,3941.0
8642,3.0,681026.0,魯伯特·葛林,0.1067005917429924,Q19190,Culture.Media.Television,681026.0,76.13022272213561,6.0,3941.0
8643,3.0,681026.0,魯伯特·葛林,0.0,Q19190,Geography.Regions.Europe.Europe*,681026.0,76.13022272213561,6.0,3941.0
8644,3.0,681026.0,魯伯特·葛林,0.0,Q19190,Geography.Regions.Americas.North_America,681026.0,76.13022272213561,6.0,3941.0
8645,3.0,681026.0,魯伯特·葛林,0.0,Q19190,Geography.Regions.Europe.Northern_Europe,681026.0,76.13022272213561,6.0,3941.0
8646,4.0,682113.0,阿尔图纳 (宾夕法尼亚州),0.9648651480674744,Q444210,Geography.Regions.Americas.North_America,682113.0,0.0,17.0,727.0
8647,4.0,682113.0,阿尔图纳 (宾夕法尼亚州),0.9284188151359558,Q444210,Geography.Geographical,682113.0,0.0,17.0,727.0
8648,5.0,682115.0,兰开斯特 (宾夕法尼亚州),0.992888569831848,Q320514,Geography.Regions.Americas.North_America,682115.0,1646.7480176681922,17.0,806.0
8649,5.0,682115.0,兰开斯特 (宾夕法尼亚州),0.9637899398803712,Q320514,Geography.Geographical,682115.0,1646.7480176681922,17.0,806.0
8650,3.0,682270.0,尚盧·高達,0.9978272914886476,Q53001,Culture.Biography.Biography*,682270.0,8738.076528766334,6.0,2527.0
8651,3.0,682270.0,尚盧·高達,0.4352950325012207,Q53001,Geography.Regions.Europe.Western_Europe,682270.0,8738.076528766334,6.0,2527.0
8652,3.0,682270.0,尚盧·高達,0.42531375789642334,Q53001,Geography.Regions.Europe.Europe*,682270.0,8738.076528766334,6.0,2527.0
8653,13.0,682909.0,真田廣之,0.9964163899421692,Q705522,Culture.Biography.Biography*,682909.0,47495.85127381564,13.0,2776.0
8654,13.0,682909.0,真田廣之,0.14415885508060455,Q705522,Culture.Media.Media*,682909.0,47495.85127381564,13.0,2776.0
8655,13.0,682909.0,真田廣之,0.037993239402771,Q705522,Geography.Regions.Asia.Asia*,682909.0,47495.85127381564,13.0,2776.0
8656,13.0,682909.0,真田廣之,0.0,Q705522,Geography.Regions.Asia.East_Asia,682909.0,47495.85127381564,13.0,2776.0
8657,14.0,682971.0,贖罪 (電影),0.9836069941520692,Q1626186,Culture.Media.Media*,682971.0,19352.95030975524,6.0,2998.0
8658,14.0,682971.0,贖罪 (電影),0.9763205647468568,Q1626186,Culture.Media.Films,682971.0,19352.95030975524,6.0,2998.0
8659,14.0,682971.0,贖罪 (電影),0.0,Q1626186,Geography.Regions.Europe.Europe*,682971.0,19352.95030975524,6.0,2998.0
8660,14.0,682971.0,贖罪 (電影),0.0,Q1626186,Geography.Regions.Europe.Northern_Europe,682971.0,19352.95030975524,6.0,2998.0
8661,14.0,682971.0,贖罪 (電影),0.0,Q1626186,Geography.Regions.Americas.North_America,682971.0,19352.95030975524,6.0,2998.0
8662,9.0,683568.0,小雪 (日本演員),0.9966334104537964,Q435625,Culture.Biography.Biography*,683568.0,6408.758420992649,13.0,2660.0
8663,9.0,683568.0,小雪 (日本演員),0.7371681928634644,Q435625,Culture.Biography.Women,683568.0,6408.758420992649,13.0,2660.0
8664,9.0,683568.0,小雪 (日本演員),0.40093068981170654,Q435625,Geography.Regions.Asia.East_Asia,683568.0,6408.758420992649,13.0,2660.0
8665,9.0,683568.0,小雪 (日本演員),0.3952613940238953,Q435625,Geography.Regions.Asia.Asia*,683568.0,6408.758420992649,13.0,2660.0
8666,1.0,683724.0,吳君麗,0.9863731861114502,Q9119136,Culture.Biography.Biography*,683724.0,0.0,12.0,1301.0
8667,1.0,683724.0,吳君麗,0.585111141204834,Q9119136,Culture.Biography.Women,683724.0,0.0,12.0,1301.0
8668,1.0,683724.0,吳君麗,0.459371196269989,Q9119136,Geography.Regions.Asia.East_Asia,683724.0,0.0,12.0,1301.0
8669,1.0,683724.0,吳君麗,0.4231518378257752,Q9119136,Geography.Regions.Asia.Asia*,683724.0,0.0,12.0,1301.0
8670,3.0,683935.0,假設的海王星外行星,1.0000100135803225,Q2803875,STEM.Space,683935.0,10374.376270712784,16.0,727.0
8671,3.0,683935.0,假設的海王星外行星,0.9926641583442688,Q2803875,STEM.STEM*,683935.0,10374.376270712784,16.0,727.0
8672,2.0,685262.0,彭永琛,0.9748311638832092,Q9024011,Culture.Biography.Biography*,685262.0,0.0,12.0,2862.0
8673,2.0,685262.0,彭永琛,0.23616819286346435,Q9024011,Geography.Regions.Asia.Asia*,685262.0,0.0,12.0,2862.0
8674,2.0,685262.0,彭永琛,0.21124218606948847,Q9024011,Geography.Regions.Asia.East_Asia,685262.0,0.0,12.0,2862.0
8675,3.0,686541.0,虎與龍 (電視劇),0.9825675487518309,Q866637,Culture.Media.Television,686541.0,151.04482005723239,13.0,969.0
8676,3.0,686541.0,虎與龍 (電視劇),0.8670457601547241,Q866637,Culture.Media.Media*,686541.0,151.04482005723239,13.0,969.0
8677,3.0,686541.0,虎與龍 (電視劇),0.12878464365005493,Q866637,Geography.Regions.Asia.Asia*,686541.0,151.04482005723239,13.0,969.0
8678,3.0,686541.0,虎與龍 (電視劇),0.0,Q866637,Geography.Regions.Asia.East_Asia,686541.0,151.04482005723239,13.0,969.0
8679,3.0,686541.0,虎與龍 (電視劇),0.0,Q866637,Geography.Regions.Europe.Northern_Europe,686541.0,151.04482005723239,13.0,969.0
8680,3.0,686541.0,虎與龍 (電視劇),0.0,Q866637,Geography.Regions.Europe.Europe*,686541.0,151.04482005723239,13.0,969.0
8681,1.0,687013.0,光源氏,0.9399233460426332,Q997646,Culture.Literature,687013.0,0.0,13.0,3204.0
8682,1.0,687013.0,光源氏,0.4301573634147644,Q997646,Culture.Biography.Biography*,687013.0,0.0,13.0,3204.0
8683,1.0,687013.0,光源氏,0.3073680400848389,Q997646,Culture.Media.Media*,687013.0,0.0,13.0,3204.0
8684,1.0,687013.0,光源氏,0.3070772161483765,Q997646,Geography.Regions.Asia.East_Asia,687013.0,0.0,13.0,3204.0
8685,1.0,687013.0,光源氏,0.2689514458179474,Q997646,History_and_Society.History,687013.0,0.0,13.0,3204.0
8686,1.0,687013.0,光源氏,0.23616819286346435,Q997646,Geography.Regions.Asia.Asia*,687013.0,0.0,13.0,3204.0
8687,1.0,687013.0,光源氏,0.0,Q997646,Geography.Regions.Europe.Europe*,687013.0,0.0,13.0,3204.0
8688,3.0,687626.0,牛熊證,0.8706072568893433,Q5021701,STEM.STEM*,687626.0,7883.0,3.0,2288.0
8689,3.0,687626.0,牛熊證,0.8670457601547241,Q5021701,STEM.Medicine_&_Health,687626.0,7883.0,3.0,2288.0
8690,3.0,687626.0,牛熊證,0.4225146472454071,Q5021701,STEM.Biology,687626.0,7883.0,3.0,2288.0
8691,3.0,687626.0,牛熊證,0.3557848632335663,Q5021701,STEM.Space,687626.0,7883.0,3.0,2288.0
8692,3.0,687626.0,牛熊證,0.1778208613395691,Q5021701,STEM.Technology,687626.0,7883.0,3.0,2288.0
8693,3.0,687626.0,牛熊證,0.16442059183120727,Q5021701,Geography.Regions.Asia.Asia*,687626.0,7883.0,3.0,2288.0
8694,3.0,687626.0,牛熊證,0.15611489117145538,Q5021701,History_and_Society.Military_and_warfare,687626.0,7883.0,3.0,2288.0
8695,3.0,687626.0,牛熊證,0.11597072333097458,Q5021701,History_and_Society.Society,687626.0,7883.0,3.0,2288.0
8696,3.0,687626.0,牛熊證,0.0,Q5021701,Geography.Regions.Asia.Southeast_Asia,687626.0,7883.0,3.0,2288.0
8697,3.0,687626.0,牛熊證,0.0,Q5021701,Geography.Regions.Americas.Central_America,687626.0,7883.0,3.0,2288.0
8698,3.0,687626.0,牛熊證,0.0,Q5021701,Geography.Regions.Asia.East_Asia,687626.0,7883.0,3.0,2288.0
8699,3.0,687626.0,牛熊證,0.0,Q5021701,Geography.Regions.Americas.North_America,687626.0,7883.0,3.0,2288.0
8700,3.0,687626.0,牛熊證,0.0,Q5021701,Geography.Regions.Asia.South_Asia,687626.0,7883.0,3.0,2288.0
8701,2.0,687804.0,蜜雪兒·摩納漢,0.9995517134666444,Q229112,Culture.Biography.Biography*,687804.0,1621.142160531915,10.0,1757.0
8702,2.0,687804.0,蜜雪兒·摩納漢,0.5775054097175598,Q229112,Culture.Biography.Women,687804.0,1621.142160531915,10.0,1757.0
8703,2.0,687804.0,蜜雪兒·摩納漢,0.30218379402160644,Q229112,Geography.Regions.Americas.North_America,687804.0,1621.142160531915,10.0,1757.0
8704,2.0,687804.0,蜜雪兒·摩納漢,0.16452647745609286,Q229112,Culture.Media.Media*,687804.0,1621.142160531915,10.0,1757.0
8705,1.0,687856.0,名偵探柯南：水平線上的陰謀,0.9914325475692748,Q1207384,Culture.Visual_arts.Comics_and_Anime,687856.0,0.0,13.0,2372.0
8706,1.0,687856.0,名偵探柯南：水平線上的陰謀,0.9899964332580566,Q1207384,Culture.Literature,687856.0,0.0,13.0,2372.0
8707,1.0,687856.0,名偵探柯南：水平線上的陰謀,0.9871888160705566,Q1207384,Culture.Visual_arts.Visual_arts*,687856.0,0.0,13.0,2372.0
8708,1.0,687856.0,名偵探柯南：水平線上的陰謀,0.9808859825134276,Q1207384,Culture.Media.Media*,687856.0,0.0,13.0,2372.0
8709,1.0,687856.0,名偵探柯南：水平線上的陰謀,0.9724247455596924,Q1207384,Culture.Media.Films,687856.0,0.0,13.0,2372.0
8710,1.0,687856.0,名偵探柯南：水平線上的陰謀,0.4231518378257752,Q1207384,Geography.Regions.Asia.East_Asia,687856.0,0.0,13.0,2372.0
8711,1.0,687856.0,名偵探柯南：水平線上的陰謀,0.4114462008476257,Q1207384,Geography.Regions.Asia.Asia*,687856.0,0.0,13.0,2372.0
8712,1.0,690031.0,2007年－2008年美国编剧协会大罢工,0.2814156115055084,Q1046794,History_and_Society.Business_and_economics,690031.0,0.0,6.0,521.0
8713,1.0,690031.0,2007年－2008年美国编剧协会大罢工,0.18495945835113525,Q1046794,Geography.Regions.Americas.North_America,690031.0,0.0,6.0,521.0
8714,1.0,690031.0,2007年－2008年美国编剧协会大罢工,0.1778208613395691,Q1046794,Culture.Biography.Biography*,690031.0,0.0,6.0,521.0
8715,1.0,690031.0,2007年－2008年美国编剧协会大罢工,0.14415885508060455,Q1046794,History_and_Society.Politics_and_government,690031.0,0.0,6.0,521.0
8716,1.0,690031.0,2007年－2008年美国编剧协会大罢工,0.12253321707248688,Q1046794,Culture.Biography.Women,690031.0,0.0,6.0,521.0
8717,1.0,690031.0,2007年－2008年美国编剧协会大罢工,0.11597072333097458,Q1046794,Culture.Sports,690031.0,0.0,6.0,521.0
8718,11.0,690894.0,飛鷹計劃,0.9871888160705566,Q1549966,Culture.Media.Films,690894.0,7099.996619735979,12.0,1129.0
8719,11.0,690894.0,飛鷹計劃,0.967909336090088,Q1549966,Culture.Media.Media*,690894.0,7099.996619735979,12.0,1129.0
8720,11.0,690894.0,飛鷹計劃,0.35867373847961426,Q1549966,Geography.Regions.Asia.Asia*,690894.0,7099.996619735979,12.0,1129.0
8721,11.0,690894.0,飛鷹計劃,0.3469777574539185,Q1549966,Geography.Regions.Asia.East_Asia,690894.0,7099.996619735979,12.0,1129.0
8722,4.0,690895.0,飛龍猛將,0.9579222798347472,Q343667,Culture.Media.Films,690895.0,415.0738053727197,12.0,1410.0
8723,4.0,690895.0,飛龍猛將,0.9566442370414734,Q343667,Culture.Media.Media*,690895.0,415.0738053727197,12.0,1410.0
8724,4.0,690895.0,飛龍猛將,0.4649096002578735,Q343667,Geography.Regions.Asia.East_Asia,690895.0,415.0738053727197,12.0,1410.0
8725,4.0,690895.0,飛龍猛將,0.4163126816749573,Q343667,Geography.Regions.Asia.Asia*,690895.0,415.0738053727197,12.0,1410.0
8726,1.0,690906.0,最佳福星,0.8933194279670715,Q6698041,Culture.Media.Films,690906.0,0.0,12.0,2137.0
8727,1.0,690906.0,最佳福星,0.839743971824646,Q6698041,Culture.Media.Media*,690906.0,0.0,12.0,2137.0
8728,1.0,690906.0,最佳福星,0.4948112239837647,Q6698041,Geography.Regions.Asia.East_Asia,690906.0,0.0,12.0,2137.0
8729,1.0,690906.0,最佳福星,0.4857871999740601,Q6698041,Geography.Regions.Asia.Asia*,690906.0,0.0,12.0,2137.0
8730,1.0,690906.0,最佳福星,0.21734751760959625,Q6698041,Culture.Sports,690906.0,0.0,12.0,2137.0
8731,2.0,691194.0,红楼梦人物列表,1.0,Q7213367,Compilation.List_Disambig,691194.0,2621.539647603917,2.0,2981.0
8732,2.0,691194.0,红楼梦人物列表,0.9890230894088744,Q7213367,Culture.Literature,691194.0,2621.539647603917,2.0,2981.0
8733,2.0,691194.0,红楼梦人物列表,0.9591643214225768,Q7213367,Culture.Media.Media*,691194.0,2621.539647603917,2.0,2981.0
8734,2.0,691194.0,红楼梦人物列表,0.6442351341247559,Q7213367,Culture.Media.Television,691194.0,2621.539647603917,2.0,2981.0
8735,2.0,691194.0,红楼梦人物列表,0.2393593490123749,Q7213367,Culture.Media.Films,691194.0,2621.539647603917,2.0,2981.0
8736,2.0,691194.0,红楼梦人物列表,0.14805719256401062,Q7213367,Culture.Media.Entertainment,691194.0,2621.539647603917,2.0,2981.0
8737,2.0,691194.0,红楼梦人物列表,0.13297423720359802,Q7213367,Culture.Visual_arts.Visual_arts*,691194.0,2621.539647603917,2.0,2981.0
8738,2.0,691194.0,红楼梦人物列表,0.0,Q7213367,Geography.Regions.Americas.North_America,691194.0,2621.539647603917,2.0,2981.0
8739,5.0,691362.0,松井稼頭央,0.9980832934379578,Q1039013,Culture.Biography.Biography*,691362.0,738.3893612574127,13.0,688.0
8740,5.0,691362.0,松井稼頭央,0.9973783493041992,Q1039013,Culture.Sports,691362.0,738.3893612574127,13.0,688.0
8741,5.0,691362.0,松井稼頭央,0.0,Q1039013,Geography.Regions.Asia.East_Asia,691362.0,738.3893612574127,13.0,688.0
8742,5.0,691362.0,松井稼頭央,0.0,Q1039013,Geography.Regions.Asia.Asia*,691362.0,738.3893612574127,13.0,688.0
8743,1.0,691453.0,保羅·馮·萊托-福爾貝克,0.9863731861114502,Q57203,Culture.Biography.Biography*,691453.0,0.0,1.0,758.0
8744,1.0,691453.0,保羅·馮·萊托-福爾貝克,0.7981967926025391,Q57203,History_and_Society.Military_and_warfare,691453.0,0.0,1.0,758.0
8745,1.0,691453.0,保羅·馮·萊托-福爾貝克,0.4114462008476257,Q57203,Geography.Regions.Europe.Western_Europe,691453.0,0.0,1.0,758.0
8746,1.0,691453.0,保羅·馮·萊托-福爾貝克,0.3893042674064636,Q57203,Geography.Regions.Europe.Europe*,691453.0,0.0,1.0,758.0
8747,1.0,691453.0,保羅·馮·萊托-福爾貝克,0.0,Q57203,Geography.Regions.Africa.Africa*,691453.0,0.0,1.0,758.0
8748,19.0,692905.0,浣熊市,0.24509501457214355,Q1139711,Culture.Literature,692905.0,40.58799236469674,9.0,4770.0
8749,19.0,692905.0,浣熊市,0.16886694729328156,Q1139711,Culture.Media.Media*,692905.0,40.58799236469674,9.0,4770.0
8750,19.0,692905.0,浣熊市,0.1067005917429924,Q1139711,Culture.Visual_arts.Visual_arts*,692905.0,40.58799236469674,9.0,4770.0
8751,19.0,692905.0,浣熊市,0.0,Q1139711,Geography.Regions.Americas.North_America,692905.0,40.58799236469674,9.0,4770.0
8752,19.0,692905.0,浣熊市,0.0,Q1139711,Geography.Geographical,692905.0,40.58799236469674,9.0,4770.0
8753,6.0,693835.0,發條橘子 (電影),0.9947898983955384,Q181086,Culture.Media.Media*,693835.0,4997.693945829719,13.0,2890.0
8754,6.0,693835.0,發條橘子 (電影),0.9939124584197998,Q181086,Culture.Media.Films,693835.0,4997.693945829719,13.0,2890.0
8755,6.0,693835.0,發條橘子 (電影),0.14034625887870789,Q181086,Culture.Media.Entertainment,693835.0,4997.693945829719,13.0,2890.0
8756,6.0,693835.0,發條橘子 (電影),0.0,Q181086,Geography.Regions.Americas.North_America,693835.0,4997.693945829719,13.0,2890.0
8757,6.0,693835.0,發條橘子 (電影),0.0,Q181086,Geography.Regions.Europe.Europe*,693835.0,4997.693945829719,13.0,2890.0
8758,4.0,694481.0,鲍彤,0.9659096002578736,Q2529263,Culture.Biography.Biography*,694481.0,3232.723829841083,2.0,3027.0
8759,4.0,694481.0,鲍彤,0.2227101624011993,Q2529263,History_and_Society.Politics_and_government,694481.0,3232.723829841083,2.0,3027.0
8760,4.0,694481.0,鲍彤,0.21124218606948847,Q2529263,Geography.Regions.Asia.Asia*,694481.0,3232.723829841083,2.0,3027.0
8761,4.0,694481.0,鲍彤,0.14034625887870789,Q2529263,History_and_Society.Military_and_warfare,694481.0,3232.723829841083,2.0,3027.0
8762,4.0,694481.0,鲍彤,0.11409788036346435,Q2529263,Geography.Regions.Asia.East_Asia,694481.0,3232.723829841083,2.0,3027.0
8763,3.0,694564.0,狄志遠,0.8740872144699097,Q7801860,Culture.Biography.Biography*,694564.0,0.5,3.0,1592.0
8764,3.0,694564.0,狄志遠,0.04574816131591797,Q7801860,Geography.Regions.Asia.Asia*,694564.0,0.5,3.0,1592.0
8765,3.0,694564.0,狄志遠,0.03021936321258545,Q7801860,Geography.Regions.Asia.East_Asia,694564.0,0.5,3.0,1592.0
8766,3.0,695044.0,寶福山,0.9648651480674744,Q10956336,Geography.Regions.Asia.East_Asia,695044.0,3155.8719799922133,5.0,1222.0
8767,3.0,695044.0,寶福山,0.9496793746948242,Q10956336,Geography.Regions.Asia.Asia*,695044.0,3155.8719799922133,5.0,1222.0
8768,2.0,695074.0,瑪麗蓮·曼森,0.9970290064811708,Q186327,Culture.Biography.Biography*,695074.0,0.0,13.0,3334.0
8769,2.0,695074.0,瑪麗蓮·曼森,0.7663036584854126,Q186327,Culture.Media.Media*,695074.0,0.0,13.0,3334.0
8770,2.0,695074.0,瑪麗蓮·曼森,0.6791887283325195,Q186327,Culture.Media.Music,695074.0,0.0,13.0,3334.0
8771,2.0,695074.0,瑪麗蓮·曼森,0.0,Q186327,Geography.Regions.Americas.North_America,695074.0,0.0,13.0,3334.0
8772,2.0,695074.0,瑪麗蓮·曼森,0.0,Q186327,Geography.Regions.Europe.Europe*,695074.0,0.0,13.0,3334.0
8773,3.0,697060.0,蝗災,0.6791887283325195,Q6624990,STEM.STEM*,697060.0,747.9962258788315,5.0,2805.0
8774,3.0,697060.0,蝗災,0.2069040536880493,Q6624990,History_and_Society.Politics_and_government,697060.0,747.9962258788315,5.0,2805.0
8775,3.0,697060.0,蝗災,0.1294127255678177,Q6624990,Culture.Media.Media*,697060.0,747.9962258788315,5.0,2805.0
8776,3.0,697060.0,蝗災,0.11597072333097458,Q6624990,STEM.Earth_and_environment,697060.0,747.9962258788315,5.0,2805.0
8777,3.0,697060.0,蝗災,0.0,Q6624990,Geography.Regions.Asia.East_Asia,697060.0,747.9962258788315,5.0,2805.0
8778,3.0,697060.0,蝗災,0.0,Q6624990,Geography.Regions.Asia.Asia*,697060.0,747.9962258788315,5.0,2805.0
8779,3.0,697060.0,蝗災,0.0,Q6624990,Geography.Regions.Europe.Europe*,697060.0,747.9962258788315,5.0,2805.0
8780,6.0,697139.0,071型综合登陆舰,0.9770326614379884,Q2599585,History_and_Society.Transportation,697139.0,92.87531907444634,5.0,2237.0
8781,6.0,697139.0,071型综合登陆舰,0.8221991658210754,Q2599585,History_and_Society.Military_and_warfare,697139.0,92.87531907444634,5.0,2237.0
8782,6.0,697139.0,071型综合登陆舰,0.09167657995224,Q2599585,Geography.Regions.Asia.Asia*,697139.0,92.87531907444634,5.0,2237.0
8783,6.0,697139.0,071型综合登陆舰,0.0,Q2599585,Geography.Regions.Asia.East_Asia,697139.0,92.87531907444634,5.0,2237.0
8784,2.0,697800.0,詹雅菁,0.99219411611557,Q9084900,Culture.Biography.Biography*,697800.0,3942.0,13.0,5921.0
8785,2.0,697800.0,詹雅菁,0.5775054097175598,Q9084900,Culture.Biography.Women,697800.0,3942.0,13.0,5921.0
8786,2.0,697800.0,詹雅菁,0.38492217659950256,Q9084900,History_and_Society.Society,697800.0,3942.0,13.0,5921.0
8787,2.0,697800.0,詹雅菁,0.270853506565094,Q9084900,Geography.Regions.Asia.East_Asia,697800.0,3942.0,13.0,5921.0
8788,2.0,697800.0,詹雅菁,0.0991983880996704,Q9084900,Geography.Regions.Asia.Asia*,697800.0,3942.0,13.0,5921.0
8789,18.0,699294.0,新警察故事,0.9566442370414734,Q863762,Culture.Media.Media*,699294.0,47108.58475270031,12.0,2728.0
8790,18.0,699294.0,新警察故事,0.9263137578964232,Q863762,Culture.Media.Films,699294.0,47108.58475270031,12.0,2728.0
8791,18.0,699294.0,新警察故事,0.4581643214225769,Q863762,Geography.Regions.Asia.East_Asia,699294.0,47108.58475270031,12.0,2728.0
8792,18.0,699294.0,新警察故事,0.40093068981170654,Q863762,Geography.Regions.Asia.Asia*,699294.0,47108.58475270031,12.0,2728.0
8793,1.0,699679.0,香港兒童免疫接種計劃,0.2942249774932861,Q6005454,STEM.STEM*,699679.0,0.0,0.0,2433.0
8794,1.0,699679.0,香港兒童免疫接種計劃,0.0,Q6005454,Geography.Regions.Asia.Asia*,699679.0,0.0,0.0,2433.0
8795,1.0,699679.0,香港兒童免疫接種計劃,0.0,Q6005454,Geography.Regions.Americas.North_America,699679.0,0.0,0.0,2433.0
8796,1.0,699679.0,香港兒童免疫接種計劃,0.0,Q6005454,Geography.Regions.Europe.Europe*,699679.0,0.0,0.0,2433.0
8797,3.0,699781.0,約翰·庫薩克,0.9992306232452391,Q106175,Culture.Biography.Biography*,699781.0,5059.389866130143,6.0,2445.0
8798,3.0,699781.0,約翰·庫薩克,0.3257217874526977,Q106175,Geography.Regions.Americas.North_America,699781.0,5059.389866130143,6.0,2445.0
8799,3.0,699781.0,約翰·庫薩克,0.13661839067935946,Q106175,Culture.Media.Media*,699781.0,5059.389866130143,6.0,2445.0
8800,2.0,700299.0,暈,0.7663036584854126,Q186310,STEM.STEM*,700299.0,3317.6908482617987,5.0,9886.0
8801,2.0,700299.0,暈,0.4225146472454071,Q186310,STEM.Physics,700299.0,3317.6908482617987,5.0,9886.0
8802,2.0,700299.0,暈,0.1968362182378769,Q186310,STEM.Earth_and_environment,700299.0,3317.6908482617987,5.0,9886.0
8803,2.0,700299.0,暈,0.0,Q186310,Geography.Regions.Europe.Europe*,700299.0,3317.6908482617987,5.0,9886.0
8804,9.0,700752.0,茱兒·芭莉摩,0.998599648475647,Q676094,Culture.Biography.Biography*,700752.0,7722.3503978316885,6.0,2261.0
8805,9.0,700752.0,茱兒·芭莉摩,0.9173126816749572,Q676094,Culture.Biography.Women,700752.0,7722.3503978316885,6.0,2261.0
8806,9.0,700752.0,茱兒·芭莉摩,0.287777841091156,Q676094,Culture.Media.Media*,700752.0,7722.3503978316885,6.0,2261.0
8807,9.0,700752.0,茱兒·芭莉摩,0.22816647589206696,Q676094,History_and_Society.Society,700752.0,7722.3503978316885,6.0,2261.0
8808,9.0,700752.0,茱兒·芭莉摩,0.1067005917429924,Q676094,Culture.Literature,700752.0,7722.3503978316885,6.0,2261.0
8809,9.0,700752.0,茱兒·芭莉摩,0.06886266374588013,Q676094,Geography.Regions.Americas.North_America,700752.0,7722.3503978316885,6.0,2261.0
8810,9.0,700752.0,茱兒·芭莉摩,0.0,Q676094,Geography.Regions.Europe.Europe*,700752.0,7722.3503978316885,6.0,2261.0
8811,2.0,703135.0,何綺雲,0.9987651705741882,Q8260768,Culture.Biography.Biography*,703135.0,1190.577797811893,12.0,5749.0
8812,2.0,703135.0,何綺雲,0.9381340146064758,Q8260768,Culture.Biography.Women,703135.0,1190.577797811893,12.0,5749.0
8813,2.0,703135.0,何綺雲,0.4941046109199524,Q8260768,Geography.Regions.Asia.East_Asia,703135.0,1190.577797811893,12.0,5749.0
8814,2.0,703135.0,何綺雲,0.478677677154541,Q8260768,Geography.Regions.Asia.Asia*,703135.0,1190.577797811893,12.0,5749.0
8815,2.0,703135.0,何綺雲,0.1968362182378769,Q8260768,Culture.Media.Music,703135.0,1190.577797811893,12.0,5749.0
8816,2.0,703135.0,何綺雲,0.13297423720359802,Q8260768,Culture.Media.Media*,703135.0,1190.577797811893,12.0,5749.0
8817,19.0,704196.0,亞伯·威斯卡,0.9659096002578736,Q1146291,Culture.Literature,704196.0,40.58799236469674,9.0,5544.0
8818,19.0,704196.0,亞伯·威斯卡,0.6791887283325195,Q1146291,Culture.Media.Media*,704196.0,40.58799236469674,9.0,5544.0
8819,19.0,704196.0,亞伯·威斯卡,0.287777841091156,Q1146291,Culture.Media.Video_games,704196.0,40.58799236469674,9.0,5544.0
8820,19.0,704196.0,亞伯·威斯卡,0.26285186409950256,Q1146291,Culture.Internet_culture,704196.0,40.58799236469674,9.0,5544.0
8821,19.0,704196.0,亞伯·威斯卡,0.18714269995689392,Q1146291,Culture.Media.Films,704196.0,40.58799236469674,9.0,5544.0
8822,3.0,704572.0,維也納攻勢,0.7773098945617676,Q162546,History_and_Society.Military_and_warfare,704572.0,393.88937318876657,10.0,1241.0
8823,3.0,704572.0,維也納攻勢,0.2227101624011993,Q162546,History_and_Society.History,704572.0,393.88937318876657,10.0,1241.0
8824,3.0,704572.0,維也納攻勢,0.1968362182378769,Q162546,History_and_Society.Society,704572.0,393.88937318876657,10.0,1241.0
8825,3.0,704572.0,維也納攻勢,0.14323513412475586,Q162546,Geography.Regions.Europe.Western_Europe,704572.0,393.88937318876657,10.0,1241.0
8826,3.0,704572.0,維也納攻勢,0.0991983880996704,Q162546,Geography.Regions.Europe.Europe*,704572.0,393.88937318876657,10.0,1241.0
8827,3.0,704572.0,維也納攻勢,0.0,Q162546,Geography.Regions.Asia.Asia*,704572.0,393.88937318876657,10.0,1241.0
8828,3.0,704572.0,維也納攻勢,0.0,Q162546,Geography.Regions.Europe.Eastern_Europe,704572.0,393.88937318876657,10.0,1241.0
8829,1.0,704956.0,劉錫賢,0.9942797422409058,Q7255076,Culture.Biography.Biography*,704956.0,0.0,12.0,1201.0
8830,1.0,704956.0,劉錫賢,0.12878464365005493,Q7255076,Geography.Regions.Asia.Asia*,704956.0,0.0,12.0,1201.0
8831,1.0,704956.0,劉錫賢,0.053480433464050285,Q7255076,Geography.Regions.Asia.East_Asia,704956.0,0.0,12.0,1201.0
8832,6.0,705513.0,華南銀行,0.967909336090088,Q11620043,History_and_Society.Business_and_economics,705513.0,20648.746311785337,10.0,2500.0
8833,6.0,705513.0,華南銀行,0.9637899398803712,Q11620043,Culture.Biography.Biography*,705513.0,20648.746311785337,10.0,2500.0
8834,6.0,705513.0,華南銀行,0.9124462008476256,Q11620043,History_and_Society.Society,705513.0,20648.746311785337,10.0,2500.0
8835,6.0,705513.0,華南銀行,0.4705740084648132,Q11620043,Geography.Regions.Asia.East_Asia,705513.0,20648.746311785337,10.0,2500.0
8836,6.0,705513.0,華南銀行,0.4705740084648132,Q11620043,Geography.Regions.Asia.Asia*,705513.0,20648.746311785337,10.0,2500.0
8837,6.0,705935.0,第六感 (電影),0.9985549449920654,Q183063,Culture.Media.Films,705935.0,4168.5650485191745,6.0,3282.0
8838,6.0,705935.0,第六感 (電影),0.9951046109199524,Q183063,Culture.Media.Media*,705935.0,4168.5650485191745,6.0,3282.0
8839,6.0,705935.0,第六感 (電影),0.2047950496673584,Q183063,Geography.Regions.Americas.North_America,705935.0,4168.5650485191745,6.0,3282.0
8840,3.0,706334.0,梁雪湄,0.9637899398803712,Q4261909,Culture.Biography.Biography*,706334.0,718.7426974230104,12.0,1594.0
8841,3.0,706334.0,梁雪湄,0.5078218579292297,Q4261909,Culture.Biography.Women,706334.0,718.7426974230104,12.0,1594.0
8842,3.0,706334.0,梁雪湄,0.49653737449646,Q4261909,Geography.Regions.Asia.East_Asia,706334.0,718.7426974230104,12.0,1594.0
8843,3.0,706334.0,梁雪湄,0.4876782765388489,Q4261909,Geography.Regions.Asia.Asia*,706334.0,718.7426974230104,12.0,1594.0
8844,7.0,706527.0,鈴木保奈美,0.9982553720474244,Q850650,Culture.Biography.Biography*,706527.0,3721.3422527344537,13.0,3566.0
8845,7.0,706527.0,鈴木保奈美,0.2568419873714447,Q850650,Culture.Biography.Women,706527.0,3721.3422527344537,13.0,3566.0
8846,7.0,706527.0,鈴木保奈美,0.0,Q850650,Geography.Regions.Asia.Asia*,706527.0,3721.3422527344537,13.0,3566.0
8847,7.0,706527.0,鈴木保奈美,0.0,Q850650,Geography.Regions.Asia.East_Asia,706527.0,3721.3422527344537,13.0,3566.0
8848,2.0,707006.0,移動世界,0.9980222582817078,Q541079,Culture.Media.Films,707006.0,3942.0,6.0,1406.0
8849,2.0,707006.0,移動世界,0.9969346523284912,Q541079,Culture.Media.Media*,707006.0,3942.0,6.0,1406.0
8850,2.0,707006.0,移動世界,0.5544804334640503,Q541079,Culture.Media.Entertainment,707006.0,3942.0,6.0,1406.0
8851,2.0,707006.0,移動世界,0.16452647745609286,Q541079,Culture.Literature,707006.0,3942.0,6.0,1406.0
8852,2.0,707006.0,移動世界,0.12253321707248688,Q541079,Culture.Visual_arts.Comics_and_Anime,707006.0,3942.0,6.0,1406.0
8853,2.0,707006.0,移動世界,0.0,Q541079,Geography.Regions.Americas.North_America,707006.0,3942.0,6.0,1406.0
8854,2.0,707837.0,艾希頓·庫奇,0.9990989565849304,Q164782,Culture.Biography.Biography*,707837.0,773.5168381480572,3.0,2652.0
8855,2.0,707837.0,艾希頓·庫奇,0.3070772161483765,Q164782,Geography.Regions.Americas.North_America,707837.0,773.5168381480572,3.0,2652.0
8856,2.0,707837.0,艾希頓·庫奇,0.2942249774932861,Q164782,Culture.Media.Media*,707837.0,773.5168381480572,3.0,2652.0
8857,2.0,707837.0,艾希頓·庫奇,0.14415885508060455,Q164782,Culture.Biography.Women,707837.0,773.5168381480572,3.0,2652.0
8858,2.0,707837.0,艾希頓·庫奇,0.1097157895565033,Q164782,History_and_Society.Society,707837.0,773.5168381480572,3.0,2652.0
8859,8.0,709186.0,十架七言,0.8933194279670715,Q1314426,Culture.Philosophy_and_religion,709186.0,9.955349115620017,11.0,2492.0
8860,23.0,709277.0,殺破狼 (電影),0.9830951094627379,Q656966,Culture.Media.Films,709277.0,20173.841200846346,12.0,3572.0
8861,23.0,709277.0,殺破狼 (電影),0.9790457487106324,Q656966,Culture.Media.Media*,709277.0,20173.841200846346,12.0,3572.0
8862,23.0,709277.0,殺破狼 (電影),0.4886818399429321,Q656966,Geography.Regions.Asia.East_Asia,709277.0,20173.841200846346,12.0,3572.0
8863,23.0,709277.0,殺破狼 (電影),0.4616831412315369,Q656966,Geography.Regions.Asia.Asia*,709277.0,20173.841200846346,12.0,3572.0
8864,23.0,709277.0,殺破狼 (電影),0.10088862478733064,Q656966,Culture.Sports,709277.0,20173.841200846346,12.0,3572.0
8865,10.0,711178.0,宋佳,0.9770326614379884,Q6129284,Culture.Biography.Biography*,711178.0,8641.867613641822,12.0,2962.0
8866,10.0,711178.0,宋佳,0.348655104637146,Q6129284,Culture.Media.Media*,711178.0,8641.867613641822,12.0,2962.0
8867,10.0,711178.0,宋佳,0.3007555902004242,Q6129284,Culture.Biography.Women,711178.0,8641.867613641822,12.0,2962.0
8868,10.0,711178.0,宋佳,0.1520422399044037,Q6129284,Culture.Media.Music,711178.0,8641.867613641822,12.0,2962.0
8869,10.0,711178.0,宋佳,0.053480433464050285,Q6129284,Geography.Regions.Asia.Asia*,711178.0,8641.867613641822,12.0,2962.0
8870,10.0,711178.0,宋佳,0.0,Q6129284,Geography.Regions.Asia.East_Asia,711178.0,8641.867613641822,12.0,2962.0
8871,16.0,711263.0,神鎗手 (香港電影),0.991162657737732,Q5960135,Culture.Media.Films,711263.0,25329.52091061329,12.0,4036.0
8872,16.0,711263.0,神鎗手 (香港電影),0.98678719997406,Q5960135,Culture.Media.Media*,711263.0,25329.52091061329,12.0,4036.0
8873,16.0,711263.0,神鎗手 (香港電影),0.4638651480674744,Q5960135,Geography.Regions.Asia.East_Asia,711263.0,25329.52091061329,12.0,4036.0
8874,16.0,711263.0,神鎗手 (香港電影),0.4406641592979431,Q5960135,Geography.Regions.Asia.Asia*,711263.0,25329.52091061329,12.0,4036.0
8875,2.0,711690.0,Komica,0.6297846436500549,Q10851323,Culture.Internet_culture,711690.0,0.0,8.0,1787.0
8876,2.0,711690.0,Komica,0.3557848632335663,Q10851323,Culture.Media.Media*,711690.0,0.0,8.0,1787.0
8877,2.0,711690.0,Komica,0.3276783227920532,Q10851323,STEM.STEM*,711690.0,0.0,8.0,1787.0
8878,2.0,711690.0,Komica,0.1824355274438858,Q10851323,STEM.Technology,711690.0,0.0,8.0,1787.0
8879,2.0,711690.0,Komica,0.16027602553367615,Q10851323,Culture.Media.Software,711690.0,0.0,8.0,1787.0
8880,2.0,711690.0,Komica,0.14805719256401062,Q10851323,History_and_Society.Business_and_economics,711690.0,0.0,8.0,1787.0
8881,2.0,711690.0,Komica,0.0,Q10851323,Geography.Regions.Americas.North_America,711690.0,0.0,8.0,1787.0
8882,1.0,711704.0,白吉勝,0.9955416321754456,Q6747969,Culture.Biography.Biography*,711704.0,0.0,12.0,2514.0
8883,1.0,711704.0,白吉勝,0.348655104637146,Q6747969,Culture.Media.Media*,711704.0,0.0,12.0,2514.0
8884,1.0,711704.0,白吉勝,0.16886694729328156,Q6747969,Culture.Media.Television,711704.0,0.0,12.0,2514.0
8885,1.0,711704.0,白吉勝,0.0,Q6747969,Geography.Regions.Asia.Asia*,711704.0,0.0,12.0,2514.0
8886,1.0,711704.0,白吉勝,0.0,Q6747969,Geography.Regions.Asia.East_Asia,711704.0,0.0,12.0,2514.0
8887,3.0,712209.0,王澤 (學者),0.9802908897399902,Q9312156,Culture.Biography.Biography*,712209.0,0.0,3.0,1196.0
8888,3.0,712209.0,王澤 (學者),0.16886694729328156,Q9312156,Culture.Literature,712209.0,0.0,3.0,1196.0
8889,3.0,712209.0,王澤 (學者),0.16027602553367615,Q9312156,Culture.Visual_arts.Visual_arts*,712209.0,0.0,3.0,1196.0
8890,3.0,712209.0,王澤 (學者),0.10375863313674928,Q9312156,Culture.Visual_arts.Comics_and_Anime,712209.0,0.0,3.0,1196.0
8891,3.0,712209.0,王澤 (學者),0.0,Q9312156,Geography.Regions.Asia.East_Asia,712209.0,0.0,3.0,1196.0
8892,3.0,712209.0,王澤 (學者),0.0,Q9312156,Geography.Regions.Asia.Asia*,712209.0,0.0,3.0,1196.0
8893,2.0,712478.0,雅-miyavi-,0.996837317943573,Q311181,Culture.Biography.Biography*,712478.0,5213.250998021762,6.0,2259.0
8894,2.0,712478.0,雅-miyavi-,0.5000100135803223,Q311181,Culture.Media.Music,712478.0,5213.250998021762,6.0,2259.0
8895,2.0,712478.0,雅-miyavi-,0.3923468291759491,Q311181,Culture.Media.Media*,712478.0,5213.250998021762,6.0,2259.0
8896,2.0,712478.0,雅-miyavi-,0.15742753648757934,Q311181,Geography.Regions.Asia.East_Asia,712478.0,5213.250998021762,6.0,2259.0
8897,2.0,712478.0,雅-miyavi-,0.1067005917429924,Q311181,Culture.Biography.Women,712478.0,5213.250998021762,6.0,2259.0
8898,2.0,712478.0,雅-miyavi-,0.037993239402771,Q311181,Geography.Regions.Asia.Asia*,712478.0,5213.250998021762,6.0,2259.0
8899,2.0,714006.0,水星領航員角色列表,1.0,Q3900230,Compilation.List_Disambig,714006.0,0.0,13.0,1296.0
8900,2.0,714006.0,水星領航員角色列表,0.9814634323120116,Q3900230,Culture.Literature,714006.0,0.0,13.0,1296.0
8901,2.0,714006.0,水星領航員角色列表,0.8439050912857056,Q3900230,Culture.Media.Media*,714006.0,0.0,13.0,1296.0
8902,2.0,714006.0,水星領航員角色列表,0.6442351341247559,Q3900230,Culture.Media.Television,714006.0,0.0,13.0,1296.0
8903,2.0,714006.0,水星領航員角色列表,0.2689514458179474,Q3900230,Culture.Visual_arts.Comics_and_Anime,714006.0,0.0,13.0,1296.0
8904,2.0,714006.0,水星領航員角色列表,0.2393593490123749,Q3900230,Culture.Visual_arts.Visual_arts*,714006.0,0.0,13.0,1296.0
8905,2.0,714006.0,水星領航員角色列表,0.16027602553367615,Q3900230,Culture.Media.Films,714006.0,0.0,13.0,1296.0
8906,2.0,714006.0,水星領航員角色列表,0.1259327530860901,Q3900230,Culture.Media.Entertainment,714006.0,0.0,13.0,1296.0
8907,2.0,714006.0,水星領航員角色列表,0.0,Q3900230,Geography.Regions.Americas.North_America,714006.0,0.0,13.0,1296.0
8908,6.0,714766.0,特種行業,0.2942249774932861,Q20800242,STEM.STEM*,714766.0,20855.19328928986,13.0,13532.0
8909,6.0,714766.0,特種行業,0.0,Q20800242,Geography.Regions.Asia.Asia*,714766.0,20855.19328928986,13.0,13532.0
8910,6.0,714766.0,特種行業,0.0,Q20800242,Geography.Regions.Americas.North_America,714766.0,20855.19328928986,13.0,13532.0
8911,6.0,714766.0,特種行業,0.0,Q20800242,Geography.Regions.Europe.Europe*,714766.0,20855.19328928986,13.0,13532.0
8912,5.0,715501.0,陳重光 (1913年),1.0000100135803225,Q15955239,Culture.Biography.Biography*,715501.0,8684.928765172486,2.0,1.0
8913,5.0,715501.0,陳重光 (1913年),0.9304682612419128,Q15955239,History_and_Society.Society,715501.0,8684.928765172486,2.0,1.0
8914,5.0,715501.0,陳重光 (1913年),0.4687954058647156,Q15955239,Geography.Regions.Asia.East_Asia,715501.0,8684.928765172486,2.0,1.0
8915,5.0,715501.0,陳重光 (1913年),0.4274188151359558,Q15955239,Geography.Regions.Asia.Asia*,715501.0,8684.928765172486,2.0,1.0
8916,5.0,715501.0,陳重光 (1913年),0.3557848632335663,Q15955239,Culture.Sports,715501.0,8684.928765172486,2.0,1.0
8917,5.0,715501.0,陳重光 (1913年),0.1259327530860901,Q15955239,History_and_Society.Business_and_economics,715501.0,8684.928765172486,2.0,1.0
8918,2.0,715619.0,傀儡馬戲團,1.0000100135803225,Q1002695,Culture.Visual_arts.Visual_arts*,715619.0,2999.4891168053123,13.0,2603.0
8919,2.0,715619.0,傀儡馬戲團,1.0000100135803225,Q1002695,Culture.Literature,715619.0,2999.4891168053123,13.0,2603.0
8920,2.0,715619.0,傀儡馬戲團,1.0000100135803225,Q1002695,Culture.Visual_arts.Comics_and_Anime,715619.0,2999.4891168053123,13.0,2603.0
8921,2.0,716268.0,陳重光,1.0,Q15889671,Compilation.List_Disambig,716268.0,3942.0,2.0,1126.0
8922,2.0,716268.0,陳重光,0.15611489117145538,Q15889671,STEM.STEM*,716268.0,3942.0,2.0,1126.0
8923,2.0,716268.0,陳重光,0.14805719256401062,Q15889671,History_and_Society.Transportation,716268.0,3942.0,2.0,1126.0
8924,2.0,716268.0,陳重光,0.11280541121959685,Q15889671,History_and_Society.Military_and_warfare,716268.0,3942.0,2.0,1126.0
8925,2.0,716268.0,陳重光,0.0,Q15889671,Geography.Regions.Asia.Asia*,716268.0,3942.0,2.0,1126.0
8926,2.0,716268.0,陳重光,0.0,Q15889671,Geography.Geographical,716268.0,3942.0,2.0,1126.0
8927,2.0,716268.0,陳重光,0.0,Q15889671,Geography.Regions.Asia.West_Asia,716268.0,3942.0,2.0,1126.0
8928,1.0,717180.0,菊豆,0.9648651480674744,Q1299823,Culture.Media.Films,717180.0,0.0,12.0,3363.0
8929,1.0,717180.0,菊豆,0.951152205467224,Q1299823,Culture.Media.Media*,717180.0,0.0,12.0,3363.0
8930,1.0,717180.0,菊豆,0.4745869507789612,Q1299823,Geography.Regions.Asia.Asia*,717180.0,0.0,12.0,3363.0
8931,1.0,717180.0,菊豆,0.4649096002578735,Q1299823,Geography.Regions.Asia.East_Asia,717180.0,0.0,12.0,3363.0
8932,1.0,717180.0,菊豆,0.15611489117145538,Q1299823,History_and_Society.Society,717180.0,0.0,12.0,3363.0
8933,7.0,718155.0,奈史密斯篮球名人纪念堂,0.6224693655967712,Q290922,Geography.Regions.Americas.North_America,718155.0,29633.65467154212,17.0,6009.0
8934,7.0,718155.0,奈史密斯篮球名人纪念堂,0.5698626637458801,Q290922,Culture.Sports,718155.0,29633.65467154212,17.0,6009.0
8935,1.0,718735.0,楊銘威,0.984585464000702,Q9299465,Culture.Biography.Biography*,718735.0,0.0,4.0,5038.0
8936,1.0,718735.0,楊銘威,0.3257217874526977,Q9299465,Geography.Regions.Asia.Asia*,718735.0,0.0,4.0,5038.0
8937,1.0,718735.0,楊銘威,0.2763098945617676,Q9299465,Geography.Regions.Asia.East_Asia,718735.0,0.0,4.0,5038.0
8938,1.0,718735.0,楊銘威,0.11280541121959685,Q9299465,Culture.Media.Media*,718735.0,0.0,4.0,5038.0
8939,3.0,718847.0,約克鎮號航空母艦 (CV-5),0.9935217499732972,Q311245,History_and_Society.Military_and_warfare,718847.0,3942.0,5.0,1331.0
8940,3.0,718847.0,約克鎮號航空母艦 (CV-5),0.9931061863899232,Q311245,History_and_Society.Transportation,718847.0,3942.0,5.0,1331.0
8941,3.0,718847.0,約克鎮號航空母艦 (CV-5),0.3140605390071869,Q311245,History_and_Society.History,718847.0,3942.0,5.0,1331.0
8942,3.0,718847.0,約克鎮號航空母艦 (CV-5),0.2393593490123749,Q311245,Geography.Regions.Americas.North_America,718847.0,3942.0,5.0,1331.0
8943,3.0,718847.0,約克鎮號航空母艦 (CV-5),0.1067005917429924,Q311245,Geography.Regions.Europe.Europe*,718847.0,3942.0,5.0,1331.0
8944,5.0,721103.0,TP-Link,0.8840492963790894,Q1852050,STEM.Computing,721103.0,7882.0,10.0,3000.0
8945,5.0,721103.0,TP-Link,0.8080772161483765,Q1852050,History_and_Society.Business_and_economics,721103.0,7882.0,10.0,3000.0
8946,5.0,721103.0,TP-Link,0.7663036584854126,Q1852050,STEM.STEM*,721103.0,7882.0,10.0,3000.0
8947,5.0,721103.0,TP-Link,0.14415885508060455,Q1852050,STEM.Technology,721103.0,7882.0,10.0,3000.0
8948,2.0,722000.0,沙皇炸彈,0.9982553720474244,Q188596,History_and_Society.Military_and_warfare,722000.0,3942.0,1.0,3085.0
8949,2.0,722000.0,沙皇炸彈,0.6584275364875793,Q188596,Geography.Regions.Europe.Europe*,722000.0,3942.0,1.0,3085.0
8950,2.0,722000.0,沙皇炸彈,0.5312193632125854,Q188596,Geography.Regions.Asia.North_Asia,722000.0,3942.0,1.0,3085.0
8951,2.0,722000.0,沙皇炸彈,0.4301573634147644,Q188596,Geography.Regions.Asia.Asia*,722000.0,3942.0,1.0,3085.0
8952,2.0,722000.0,沙皇炸彈,0.320831298828125,Q188596,Geography.Regions.Europe.Eastern_Europe,722000.0,3942.0,1.0,3085.0
8953,5.0,722445.0,合縱,0.2942249774932861,Q1012552,STEM.STEM*,722445.0,16132.445918550771,15.0,2512.0
8954,5.0,722445.0,合縱,0.0,Q1012552,Geography.Regions.Asia.Asia*,722445.0,16132.445918550771,15.0,2512.0
8955,5.0,722445.0,合縱,0.0,Q1012552,Geography.Regions.Americas.North_America,722445.0,16132.445918550771,15.0,2512.0
8956,5.0,722445.0,合縱,0.0,Q1012552,Geography.Regions.Europe.Europe*,722445.0,16132.445918550771,15.0,2512.0
8957,8.0,723147.0,高國輝,1.0000100135803225,Q6445215,Culture.Biography.Biography*,723147.0,567.5069943671753,4.0,965.0
8958,8.0,723147.0,高國輝,1.0000100135803225,Q6445215,Culture.Sports,723147.0,567.5069943671753,4.0,965.0
8959,8.0,723147.0,高國輝,0.9362950325012208,Q6445215,History_and_Society.Society,723147.0,567.5069943671753,4.0,965.0
8960,8.0,723147.0,高國輝,0.4767238368988037,Q6445215,Geography.Regions.Asia.East_Asia,723147.0,567.5069943671753,4.0,965.0
8961,8.0,723147.0,高國輝,0.4569222798347473,Q6445215,Geography.Regions.Asia.Asia*,723147.0,567.5069943671753,4.0,965.0
8962,11.0,723212.0,2008年西藏骚乱,1.0000100135803225,Q545068,History_and_Society.Society,723212.0,50326.48568933055,3.0,2788.0
8963,11.0,723212.0,2008年西藏骚乱,0.3923468291759491,Q545068,History_and_Society.Military_and_warfare,723212.0,50326.48568933055,3.0,2788.0
8964,11.0,723212.0,2008年西藏骚乱,0.24509501457214355,Q545068,Culture.Philosophy_and_religion,723212.0,50326.48568933055,3.0,2788.0
8965,11.0,723212.0,2008年西藏骚乱,0.21760438585281366,Q545068,Geography.Regions.Asia.East_Asia,723212.0,50326.48568933055,3.0,2788.0
8966,11.0,723212.0,2008年西藏骚乱,0.12146936559677125,Q545068,Geography.Regions.Asia.Asia*,723212.0,50326.48568933055,3.0,2788.0
8967,11.0,723212.0,2008年西藏骚乱,0.11280541121959685,Q545068,History_and_Society.History,723212.0,50326.48568933055,3.0,2788.0
8968,11.0,723212.0,2008年西藏骚乱,0.0,Q545068,Geography.Regions.Europe.Europe*,723212.0,50326.48568933055,3.0,2788.0
8969,2.0,723334.0,十字包,0.8634016513824463,Q1601611,Culture.Food_and_drink,723334.0,2981.9041073305266,5.0,2864.0
8970,2.0,723334.0,十字包,0.0,Q1601611,Geography.Regions.Europe.Europe*,723334.0,2981.9041073305266,5.0,2864.0
8971,2.0,723334.0,十字包,0.0,Q1601611,Geography.Regions.Europe.Northern_Europe,723334.0,2981.9041073305266,5.0,2864.0
8972,2.0,723742.0,乔振宇,0.9990094900131226,Q7267668,Culture.Biography.Biography*,723742.0,2755.263348063042,7.0,2958.0
8973,2.0,723742.0,乔振宇,0.4857871999740601,Q7267668,Geography.Regions.Asia.East_Asia,723742.0,2755.263348063042,7.0,2958.0
8974,2.0,723742.0,乔振宇,0.459371196269989,Q7267668,Geography.Regions.Asia.Asia*,723742.0,2755.263348063042,7.0,2958.0
8975,2.0,723742.0,乔振宇,0.14415885508060455,Q7267668,Culture.Media.Media*,723742.0,2755.263348063042,7.0,2958.0
8976,3.0,724168.0,貝萊德,0.9796776771545409,Q219635,History_and_Society.Business_and_economics,724168.0,23520.96825581348,10.0,2329.0
8977,3.0,724168.0,貝萊德,0.1713417043685913,Q219635,Geography.Regions.Americas.North_America,724168.0,23520.96825581348,10.0,2329.0
8978,3.0,724168.0,貝萊德,0.0,Q219635,Geography.Regions.Europe.Europe*,724168.0,23520.96825581348,10.0,2329.0
8979,18.0,724846.0,梁美芬,0.9836069941520692,Q7245609,Culture.Biography.Biography*,724846.0,39953.30063134912,3.0,2865.0
8980,18.0,724846.0,梁美芬,0.49653737449646,Q7245609,Geography.Regions.Asia.East_Asia,724846.0,39953.30063134912,3.0,2865.0
8981,18.0,724846.0,梁美芬,0.4876782765388489,Q7245609,Geography.Regions.Asia.Asia*,724846.0,39953.30063134912,3.0,2865.0
8982,3.0,725127.0,穿越時空的少女,0.9996055364608764,Q336056,Culture.Literature,725127.0,4006.717228743634,10.0,1450.0
8983,3.0,725127.0,穿越時空的少女,0.9955416321754456,Q336056,Culture.Media.Media*,725127.0,4006.717228743634,10.0,1450.0
8984,3.0,725127.0,穿越時空的少女,0.9893575310707092,Q336056,Culture.Media.Books,725127.0,4006.717228743634,10.0,1450.0
8985,3.0,725127.0,穿越時空的少女,0.10088862478733064,Q336056,Culture.Media.Entertainment,725127.0,4006.717228743634,10.0,1450.0
8986,14.0,725974.0,三國之見龍卸甲,0.9890230894088744,Q703857,Culture.Media.Films,725974.0,70011.80957108432,12.0,1844.0
8987,14.0,725974.0,三國之見龍卸甲,0.9820237755775452,Q703857,Culture.Media.Media*,725974.0,70011.80957108432,12.0,1844.0
8988,14.0,725974.0,三國之見龍卸甲,0.4678661694526672,Q703857,Geography.Regions.Asia.East_Asia,725974.0,70011.80957108432,12.0,1844.0
8989,14.0,725974.0,三國之見龍卸甲,0.43892334604263306,Q703857,Geography.Regions.Asia.Asia*,725974.0,70011.80957108432,12.0,1844.0
8990,3.0,728226.0,AMC電影院,0.9149109721183776,Q294721,History_and_Society.Business_and_economics,728226.0,6328.116100207094,10.0,2838.0
8991,3.0,728226.0,AMC電影院,0.3629792034626007,Q294721,Culture.Media.Media*,728226.0,6328.116100207094,10.0,2838.0
8992,3.0,728226.0,AMC電影院,0.2653036584854126,Q294721,Geography.Regions.Americas.North_America,728226.0,6328.116100207094,10.0,2838.0
8993,3.0,728226.0,AMC電影院,0.2120788097381592,Q294721,Culture.Media.Films,728226.0,6328.116100207094,10.0,2838.0
8994,3.0,728226.0,AMC電影院,0.0,Q294721,Geography.Regions.Europe.Northern_Europe,728226.0,6328.116100207094,10.0,2838.0
8995,3.0,728226.0,AMC電影院,0.0,Q294721,Geography.Regions.Europe.Europe*,728226.0,6328.116100207094,10.0,2838.0
8996,3.0,728226.0,AMC電影院,0.0,Q294721,Geography.Regions.Asia.Asia*,728226.0,6328.116100207094,10.0,2838.0
8997,10.0,728407.0,劉智泰,0.99745911359787,Q489475,Culture.Biography.Biography*,728407.0,14164.524922648832,0.0,2329.0
8998,10.0,728407.0,劉智泰,0.16442059183120727,Q489475,Geography.Regions.Asia.East_Asia,728407.0,14164.524922648832,0.0,2329.0
8999,10.0,728407.0,劉智泰,0.09167657995224,Q489475,Geography.Regions.Asia.Asia*,728407.0,14164.524922648832,0.0,2329.0
9000,5.0,729778.0,FN SCAR突擊步槍,0.9883227348327636,Q27671,STEM.Technology,729778.0,12854.729842508865,6.0,3093.0
9001,5.0,729778.0,FN SCAR突擊步槍,0.9796776771545409,Q27671,STEM.STEM*,729778.0,12854.729842508865,6.0,3093.0
9002,5.0,729778.0,FN SCAR突擊步槍,0.9241518378257751,Q27671,History_and_Society.Military_and_warfare,729778.0,12854.729842508865,6.0,3093.0
9003,5.0,729778.0,FN SCAR突擊步槍,0.0,Q27671,Geography.Regions.Europe.Europe*,729778.0,12854.729842508865,6.0,3093.0
9004,5.0,729778.0,FN SCAR突擊步槍,0.0,Q27671,Geography.Regions.Europe.Western_Europe,729778.0,12854.729842508865,6.0,3093.0
9005,1.0,730000.0,王拱辰,0.9173126816749572,Q15932959,Culture.Biography.Biography*,730000.0,0.0,15.0,3527.0
9006,1.0,730000.0,王拱辰,0.4753205647468567,Q15932959,Geography.Regions.Asia.Asia*,730000.0,0.0,15.0,3527.0
9007,1.0,730000.0,王拱辰,0.4556442370414734,Q15932959,Geography.Regions.Asia.East_Asia,730000.0,0.0,15.0,3527.0
9008,1.0,730000.0,王拱辰,0.21734751760959625,Q15932959,History_and_Society.History,730000.0,0.0,15.0,3527.0
9009,4.0,730037.0,K歌情人,0.996837317943573,Q826815,Culture.Media.Films,730037.0,3957.1822267040006,6.0,5152.0
9010,4.0,730037.0,K歌情人,0.9963027834892272,Q826815,Culture.Media.Media*,730037.0,3957.1822267040006,6.0,5152.0
9011,4.0,730037.0,K歌情人,0.33459946513175964,Q826815,Culture.Media.Entertainment,730037.0,3957.1822267040006,6.0,5152.0
9012,4.0,730037.0,K歌情人,0.1294127255678177,Q826815,Culture.Media.Music,730037.0,3957.1822267040006,6.0,5152.0
9013,4.0,730037.0,K歌情人,0.0,Q826815,Geography.Regions.Americas.North_America,730037.0,3957.1822267040006,6.0,5152.0
9014,4.0,730447.0,黄乃裳,0.8558611869812012,Q2221606,Culture.Biography.Biography*,730447.0,12759.096463510947,2.0,1458.0
9015,4.0,730447.0,黄乃裳,0.3624016513824463,Q2221606,Geography.Regions.Asia.Asia*,730447.0,12759.096463510947,2.0,1458.0
9016,4.0,730447.0,黄乃裳,0.32119916582107544,Q2221606,Geography.Regions.Asia.Southeast_Asia,730447.0,12759.096463510947,2.0,1458.0
9017,4.0,730641.0,狄志杰,0.99745911359787,Q9311833,Culture.Biography.Biography*,730641.0,5074.793845183629,4.0,1956.0
9018,4.0,730641.0,狄志杰,0.4688006341457367,Q9311833,History_and_Society.Society,730641.0,5074.793845183629,4.0,1956.0
9019,4.0,730641.0,狄志杰,0.014629947185516357,Q9311833,Geography.Regions.Asia.Asia*,730641.0,5074.793845183629,4.0,1956.0
9020,4.0,730641.0,狄志杰,0.0,Q9311833,Geography.Regions.Asia.East_Asia,730641.0,5074.793845183629,4.0,1956.0
9021,7.0,731080.0,英華書院,0.9637899398803712,Q8053696,Geography.Regions.Asia.East_Asia,731080.0,18551.699736276267,3.0,2190.0
9022,7.0,731080.0,英華書院,0.9324633479118348,Q8053696,Geography.Regions.Asia.Asia*,731080.0,18551.699736276267,3.0,2190.0
9023,7.0,731080.0,英華書院,0.7122421860694885,Q8053696,History_and_Society.Education,731080.0,18551.699736276267,3.0,2190.0
9024,14.0,732578.0,政治光譜,0.6584275364875793,Q210918,History_and_Society.Politics_and_government,732578.0,24186.83307806808,0.0,3386.0
9025,14.0,732578.0,政治光譜,0.38492217659950256,Q210918,Culture.Biography.Biography*,732578.0,24186.83307806808,0.0,3386.0
9026,14.0,732578.0,政治光譜,0.2393593490123749,Q210918,History_and_Society.Society,732578.0,24186.83307806808,0.0,3386.0
9027,14.0,732578.0,政治光譜,0.0,Q210918,Geography.Regions.Asia.East_Asia,732578.0,24186.83307806808,0.0,3386.0
9028,1.0,733926.0,贵族等级,0.3702353835105896,Q355567,History_and_Society.Society,733926.0,0.0,1.0,2804.0
9029,1.0,733926.0,贵族等级,0.320831298828125,Q355567,History_and_Society.Politics_and_government,733926.0,0.0,1.0,2804.0
9030,1.0,733926.0,贵族等级,0.22816647589206696,Q355567,History_and_Society.History,733926.0,0.0,1.0,2804.0
9031,1.0,733926.0,贵族等级,0.0,Q355567,Geography.Regions.Europe.Europe*,733926.0,0.0,1.0,2804.0
9032,9.0,734207.0,銃夢,1.0000100135803225,Q810987,Culture.Literature,734207.0,26124.153339178643,13.0,4398.0
9033,9.0,734207.0,銃夢,1.0000100135803225,Q810987,Culture.Visual_arts.Comics_and_Anime,734207.0,26124.153339178643,13.0,4398.0
9034,9.0,734207.0,銃夢,0.9996055364608764,Q810987,Culture.Visual_arts.Visual_arts*,734207.0,26124.153339178643,13.0,4398.0
9035,9.0,734207.0,銃夢,0.7663036584854126,Q810987,Culture.Media.Entertainment,734207.0,26124.153339178643,13.0,4398.0
9036,9.0,734207.0,銃夢,0.7057950496673584,Q810987,Culture.Media.Media*,734207.0,26124.153339178643,13.0,4398.0
9037,4.0,736372.0,约翰斯敦 (宾夕法尼亚州),0.9688661694526672,Q1070763,Geography.Regions.Americas.North_America,736372.0,0.0,17.0,713.0
9038,4.0,736372.0,约翰斯敦 (宾夕法尼亚州),0.8354935646057129,Q1070763,Geography.Geographical,736372.0,0.0,17.0,713.0
9039,7.0,737027.0,赤壁 (电影),0.9893575310707092,Q815606,Culture.Media.Films,737027.0,16765.441229535674,12.0,2583.0
9040,7.0,737027.0,赤壁 (电影),0.984585464000702,Q815606,Culture.Media.Media*,737027.0,16765.441229535674,12.0,2583.0
9041,7.0,737027.0,赤壁 (电影),0.3660457601547241,Q815606,Geography.Regions.Asia.Asia*,737027.0,16765.441229535674,12.0,2583.0
9042,7.0,737027.0,赤壁 (电影),0.3344935646057129,Q815606,Geography.Regions.Asia.East_Asia,737027.0,16765.441229535674,12.0,2583.0
9043,2.0,738196.0,鐵金剛大戰金手指,0.9965265989303588,Q106440,Culture.Media.Films,738196.0,0.0,6.0,1209.0
9044,2.0,738196.0,鐵金剛大戰金手指,0.9963027834892272,Q106440,Culture.Media.Media*,738196.0,0.0,6.0,1209.0
9045,2.0,738196.0,鐵金剛大戰金手指,0.13297423720359802,Q106440,Culture.Media.Entertainment,738196.0,0.0,6.0,1209.0
9046,2.0,738196.0,鐵金剛大戰金手指,0.0,Q106440,Geography.Regions.Americas.North_America,738196.0,0.0,6.0,1209.0
9047,8.0,738628.0,三瓶由布子,0.9980832934379578,Q958874,Culture.Biography.Biography*,738628.0,24476.07915045287,14.0,2046.0
9048,8.0,738628.0,三瓶由布子,0.9099169969558716,Q958874,Culture.Visual_arts.Visual_arts*,738628.0,24476.07915045287,14.0,2046.0
9049,8.0,738628.0,三瓶由布子,0.8840492963790894,Q958874,Culture.Literature,738628.0,24476.07915045287,14.0,2046.0
9050,8.0,738628.0,三瓶由布子,0.8774868249893188,Q958874,Culture.Visual_arts.Comics_and_Anime,738628.0,24476.07915045287,14.0,2046.0
9051,8.0,738628.0,三瓶由布子,0.3775506913661957,Q958874,Culture.Biography.Women,738628.0,24476.07915045287,14.0,2046.0
9052,8.0,738628.0,三瓶由布子,0.0,Q958874,Geography.Regions.Asia.Asia*,738628.0,24476.07915045287,14.0,2046.0
9053,8.0,738628.0,三瓶由布子,0.0,Q958874,Geography.Regions.Asia.East_Asia,738628.0,24476.07915045287,14.0,2046.0
9054,3.0,739553.0,中國人壽保險 (台灣),0.9996055364608764,Q5099767,Culture.Biography.Biography*,739553.0,8305.45204438708,3.0,2623.0
9055,3.0,739553.0,中國人壽保險 (台灣),0.998142421245575,Q5099767,History_and_Society.Society,739553.0,8305.45204438708,3.0,2623.0
9056,3.0,739553.0,中國人壽保險 (台灣),0.9802908897399902,Q5099767,History_and_Society.Business_and_economics,739553.0,8305.45204438708,3.0,2623.0
9057,3.0,739553.0,中國人壽保險 (台灣),0.4966868629455566,Q5099767,Geography.Regions.Asia.East_Asia,739553.0,8305.45204438708,3.0,2623.0
9058,3.0,739553.0,中國人壽保險 (台灣),0.4937898983955383,Q5099767,Geography.Regions.Asia.Asia*,739553.0,8305.45204438708,3.0,2623.0
9059,1.0,740531.0,石壁監獄,0.812877357006073,Q16923251,Geography.Regions.Asia.Asia*,740531.0,0.0,3.0,1316.0
9060,1.0,740531.0,石壁監獄,0.7931159734725952,Q16923251,History_and_Society.Politics_and_government,740531.0,0.0,3.0,1316.0
9061,1.0,740531.0,石壁監獄,0.7371681928634644,Q16923251,Geography.Regions.Asia.East_Asia,740531.0,0.0,3.0,1316.0
9062,1.0,740531.0,石壁監獄,0.14034625887870789,Q16923251,History_and_Society.Military_and_warfare,740531.0,0.0,3.0,1316.0
9063,4.0,740798.0,熱血回歸,0.9982553720474244,Q159870,Culture.Media.Films,740798.0,444.2471414195706,6.0,1565.0
9064,4.0,740798.0,熱血回歸,0.9951046109199524,Q159870,Culture.Media.Media*,740798.0,444.2471414195706,6.0,1565.0
9065,4.0,740798.0,熱血回歸,0.0,Q159870,Geography.Regions.Americas.North_America,740798.0,444.2471414195706,6.0,1565.0
9066,4.0,740798.0,熱血回歸,0.0,Q159870,Geography.Regions.Asia.Asia*,740798.0,444.2471414195706,6.0,1565.0
9067,1.0,741378.0,世界第一等,0.8519628047943115,Q10869130,Culture.Media.Television,741378.0,0.0,5.0,2936.0
9068,1.0,741378.0,世界第一等,0.7773098945617676,Q10869130,Culture.Media.Media*,741378.0,0.0,5.0,2936.0
9069,1.0,741378.0,世界第一等,0.0,Q10869130,Geography.Regions.Asia.Asia*,741378.0,0.0,5.0,2936.0
9070,10.0,741733.0,陳奐仁,0.9748311638832092,Q9367185,Culture.Biography.Biography*,741733.0,45103.687381208416,12.0,3469.0
9071,10.0,741733.0,陳奐仁,0.4501522054672241,Q9367185,Geography.Regions.Asia.Asia*,741733.0,45103.687381208416,12.0,3469.0
9072,10.0,741733.0,陳奐仁,0.3073680400848389,Q9367185,Culture.Media.Music,741733.0,45103.687381208416,12.0,3469.0
9073,10.0,741733.0,陳奐仁,0.21124218606948847,Q9367185,Geography.Regions.Asia.Southeast_Asia,741733.0,45103.687381208416,12.0,3469.0
9074,10.0,741733.0,陳奐仁,0.0,Q9367185,Geography.Regions.Asia.East_Asia,741733.0,45103.687381208416,12.0,3469.0
9075,1.0,741954.0,德井義實,0.9982553720474244,Q9049349,Culture.Biography.Biography*,741954.0,0.0,13.0,3780.0
9076,1.0,741954.0,德井義實,0.1259327530860901,Q9049349,Culture.Media.Media*,741954.0,0.0,13.0,3780.0
9077,1.0,741954.0,德井義實,0.006821857929229736,Q9049349,Geography.Regions.Asia.Asia*,741954.0,0.0,13.0,3780.0
9078,1.0,741954.0,德井義實,0.0,Q9049349,Geography.Regions.Asia.East_Asia,741954.0,0.0,13.0,3780.0
9079,6.0,742477.0,王千源,0.9820237755775452,Q9058429,Culture.Biography.Biography*,742477.0,9411.783373291131,12.0,1688.0
9080,6.0,742477.0,王千源,0.22388027811050412,Q9058429,Geography.Regions.Asia.East_Asia,742477.0,9411.783373291131,12.0,1688.0
9081,6.0,742477.0,王千源,0.15742753648757934,Q9058429,Geography.Regions.Asia.Asia*,742477.0,9411.783373291131,12.0,1688.0
9082,4.0,744033.0,楊麗音,1.0000100135803225,Q9299548,Culture.Biography.Biography*,744033.0,6306.486593693137,12.0,2345.0
9083,4.0,744033.0,楊麗音,0.7186043858528137,Q9299548,Culture.Biography.Women,744033.0,6306.486593693137,12.0,2345.0
9084,4.0,744033.0,楊麗音,0.6723417043685913,Q9299548,History_and_Society.Society,744033.0,6306.486593693137,12.0,2345.0
9085,4.0,744033.0,楊麗音,0.4773946871757507,Q9299548,Geography.Regions.Asia.East_Asia,744033.0,6306.486593693137,12.0,2345.0
9086,4.0,744033.0,楊麗音,0.4581643214225769,Q9299548,Geography.Regions.Asia.Asia*,744033.0,6306.486593693137,12.0,2345.0
9087,1.0,747223.0,史亞平,1.0000100135803225,Q7914711,Culture.Biography.Biography*,747223.0,0.0,5.0,3322.0
9088,1.0,747223.0,史亞平,0.9989450573921204,Q7914711,History_and_Society.Society,747223.0,0.0,5.0,3322.0
9089,1.0,747223.0,史亞平,0.8596737384796143,Q7914711,Culture.Biography.Women,747223.0,0.0,5.0,3322.0
9090,1.0,747223.0,史亞平,0.4880230894088745,Q7914711,Geography.Regions.Asia.East_Asia,747223.0,0.0,5.0,3322.0
9091,1.0,747223.0,史亞平,0.4767238368988037,Q7914711,Geography.Regions.Asia.Asia*,747223.0,0.0,5.0,3322.0
9092,1.0,747684.0,长征三号乙运载火箭,1.0000100135803225,Q54164,STEM.Technology,747684.0,0.0,10.0,4076.0
9093,1.0,747684.0,长征三号乙运载火箭,1.0000100135803225,Q54164,History_and_Society.Transportation,747684.0,0.0,10.0,4076.0
9094,1.0,747684.0,长征三号乙运载火箭,1.0000100135803225,Q54164,STEM.Space,747684.0,0.0,10.0,4076.0
9095,1.0,747684.0,长征三号乙运载火箭,1.0000100135803225,Q54164,STEM.STEM*,747684.0,0.0,10.0,4076.0
9096,1.0,747684.0,长征三号乙运载火箭,0.21734751760959625,Q54164,STEM.Engineering,747684.0,0.0,10.0,4076.0
9097,1.0,747684.0,长征三号乙运载火箭,0.12146936559677125,Q54164,Geography.Regions.Asia.Asia*,747684.0,0.0,10.0,4076.0
9098,1.0,747684.0,长征三号乙运载火箭,0.037993239402771,Q54164,Geography.Regions.Asia.East_Asia,747684.0,0.0,10.0,4076.0
9099,2.0,748253.0,秋信守,0.9993638396263124,Q489797,Culture.Biography.Biography*,748253.0,0.0,0.0,1187.0
9100,2.0,748253.0,秋信守,0.9980222582817078,Q489797,Culture.Sports,748253.0,0.0,0.0,1187.0
9101,2.0,748253.0,秋信守,0.25392501258850103,Q489797,Geography.Regions.Americas.North_America,748253.0,0.0,0.0,1187.0
9102,2.0,748253.0,秋信守,0.0,Q489797,Geography.Regions.Asia.East_Asia,748253.0,0.0,0.0,1187.0
9103,2.0,748253.0,秋信守,0.0,Q489797,Geography.Regions.Asia.Asia*,748253.0,0.0,0.0,1187.0
9104,20.0,748854.0,林若寧,0.9820237755775452,Q7224890,Culture.Biography.Biography*,748854.0,36284.75609353064,12.0,35695.0
9105,20.0,748854.0,林若寧,0.0,Q7224890,Geography.Regions.Asia.Asia*,748854.0,36284.75609353064,12.0,35695.0
9106,20.0,748854.0,林若寧,0.0,Q7224890,Geography.Regions.Asia.East_Asia,748854.0,36284.75609353064,12.0,35695.0
9107,1.0,749567.0,楚德湖战役,0.9890230894088744,Q14689,Geography.Regions.Europe.Europe*,749567.0,0.0,11.0,1053.0
9108,1.0,749567.0,楚德湖战役,0.9796776771545409,Q14689,Geography.Regions.Europe.Northern_Europe,749567.0,0.0,11.0,1053.0
9109,1.0,749567.0,楚德湖战役,0.9046605229377748,Q14689,History_and_Society.Military_and_warfare,749567.0,0.0,11.0,1053.0
9110,1.0,749567.0,楚德湖战役,0.6992644667625427,Q14689,History_and_Society.History,749567.0,0.0,11.0,1053.0
9111,1.0,749567.0,楚德湖战役,0.1778208613395691,Q14689,History_and_Society.Society,749567.0,0.0,11.0,1053.0
9112,1.0,749760.0,木下優樹菜,0.9905974268913268,Q4267428,Culture.Biography.Biography*,749760.0,0.0,13.0,1184.0
9113,1.0,749760.0,木下優樹菜,0.320831298828125,Q4267428,Culture.Biography.Women,749760.0,0.0,13.0,1184.0
9114,1.0,749760.0,木下優樹菜,0.17818872833251953,Q4267428,Geography.Regions.Asia.East_Asia,749760.0,0.0,13.0,1184.0
9115,1.0,749760.0,木下優樹菜,0.17818872833251953,Q4267428,Geography.Regions.Asia.Asia*,749760.0,0.0,13.0,1184.0
9116,1.0,749760.0,木下優樹菜,0.1097157895565033,Q4267428,Culture.Media.Music,749760.0,0.0,13.0,1184.0
9117,24.0,750113.0,英國政府,0.3140605390071869,Q6063,History_and_Society.Politics_and_government,750113.0,13559.222471019666,1.0,1149.0
9118,24.0,750113.0,英國政府,0.3073680400848389,Q6063,History_and_Society.Transportation,750113.0,13559.222471019666,1.0,1149.0
9119,24.0,750113.0,英國政府,0.0,Q6063,Geography.Regions.Europe.Europe*,750113.0,13559.222471019666,1.0,1149.0
9120,24.0,750113.0,英國政府,0.0,Q6063,Geography.Regions.Europe.Northern_Europe,750113.0,13559.222471019666,1.0,1149.0
9121,7.0,750140.0,倫敦市長 (大倫敦),0.839743971824646,Q38931,History_and_Society.Politics_and_government,750140.0,43.47404291639056,1.0,973.0
9122,7.0,750140.0,倫敦市長 (大倫敦),0.4063222279548645,Q38931,Geography.Regions.Europe.Europe*,750140.0,43.47404291639056,1.0,973.0
9123,7.0,750140.0,倫敦市長 (大倫敦),0.40366052293777466,Q38931,Geography.Regions.Europe.Northern_Europe,750140.0,43.47404291639056,1.0,973.0
9124,5.0,750337.0,釋昭慧,0.9995927214622498,Q9037623,Culture.Biography.Biography*,750337.0,13919.285497333472,11.0,2695.0
9125,5.0,750337.0,釋昭慧,0.754925012588501,Q9037623,Culture.Philosophy_and_religion,750337.0,13919.285497333472,11.0,2695.0
9126,5.0,750337.0,釋昭慧,0.7248802781105042,Q9037623,Culture.Biography.Women,750337.0,13919.285497333472,11.0,2695.0
9127,5.0,750337.0,釋昭慧,0.6513648629188538,Q9037623,History_and_Society.Society,750337.0,13919.285497333472,11.0,2695.0
9128,5.0,750337.0,釋昭慧,0.4849463572502136,Q9037623,Geography.Regions.Asia.Asia*,750337.0,13919.285497333472,11.0,2695.0
9129,5.0,750337.0,釋昭慧,0.4687954058647156,Q9037623,Geography.Regions.Asia.East_Asia,750337.0,13919.285497333472,11.0,2695.0
9130,5.0,750337.0,釋昭慧,0.1097157895565033,Q9037623,Culture.Literature,750337.0,13919.285497333472,11.0,2695.0
9131,3.0,752765.0,雅達利,0.9219318628311156,Q207922,Culture.Internet_culture,752765.0,7688.8510054615235,13.0,1616.0
9132,3.0,752765.0,雅達利,0.8962613940238953,Q207922,Culture.Media.Media*,752765.0,7688.8510054615235,13.0,1616.0
9133,3.0,752765.0,雅達利,0.8031837940216064,Q207922,Culture.Media.Video_games,752765.0,7688.8510054615235,13.0,1616.0
9134,3.0,752765.0,雅達利,0.7057950496673584,Q207922,History_and_Society.Business_and_economics,752765.0,7688.8510054615235,13.0,1616.0
9135,3.0,752765.0,雅達利,0.14415885508060455,Q207922,STEM.STEM*,752765.0,7688.8510054615235,13.0,1616.0
9136,3.0,752765.0,雅達利,0.0,Q207922,Geography.Regions.Americas.North_America,752765.0,7688.8510054615235,13.0,1616.0
9137,12.0,753776.0,蒂達·史雲頓,0.9991540908813475,Q200534,Culture.Biography.Biography*,753776.0,30962.6603600661,6.0,2940.0
9138,12.0,753776.0,蒂達·史雲頓,0.993317186832428,Q200534,Culture.Biography.Women,753776.0,30962.6603600661,6.0,2940.0
9139,12.0,753776.0,蒂達·史雲頓,0.3257217874526977,Q200534,Geography.Regions.Europe.Europe*,753776.0,30962.6603600661,6.0,2940.0
9140,12.0,753776.0,蒂達·史雲頓,0.12253321707248688,Q200534,Culture.Literature,753776.0,30962.6603600661,6.0,2940.0
9141,12.0,753776.0,蒂達·史雲頓,0.0,Q200534,Geography.Regions.Europe.Northern_Europe,753776.0,30962.6603600661,6.0,2940.0
9142,12.0,753776.0,蒂達·史雲頓,0.0,Q200534,Geography.Regions.Europe.Western_Europe,753776.0,30962.6603600661,6.0,2940.0
9143,12.0,753776.0,蒂達·史雲頓,0.0,Q200534,Geography.Regions.Americas.North_America,753776.0,30962.6603600661,6.0,2940.0
9144,8.0,755314.0,回到未来,0.996185541152954,Q91540,Culture.Media.Films,755314.0,44941.85146033338,13.0,2650.0
9145,8.0,755314.0,回到未来,0.9955416321754456,Q91540,Culture.Media.Media*,755314.0,44941.85146033338,13.0,2650.0
9146,8.0,755314.0,回到未来,0.5234303474426271,Q91540,Culture.Media.Entertainment,755314.0,44941.85146033338,13.0,2650.0
9147,8.0,755314.0,回到未来,0.1259327530860901,Q91540,Culture.Literature,755314.0,44941.85146033338,13.0,2650.0
9148,8.0,755314.0,回到未来,0.0,Q91540,Geography.Regions.Americas.North_America,755314.0,44941.85146033338,13.0,2650.0
9149,4.0,755842.0,海信集团,0.880807101726532,Q2527941,History_and_Society.Business_and_economics,755842.0,0.0,10.0,1748.0
9150,4.0,755842.0,海信集团,0.3998216390609741,Q2527941,STEM.STEM*,755842.0,0.0,10.0,1748.0
9151,4.0,755842.0,海信集团,0.3140605390071869,Q2527941,STEM.Technology,755842.0,0.0,10.0,1748.0
9152,4.0,755842.0,海信集团,0.2816725244522095,Q2527941,Geography.Regions.Asia.Asia*,755842.0,0.0,10.0,1748.0
9153,4.0,755842.0,海信集团,0.2596606483459473,Q2527941,Geography.Regions.Asia.East_Asia,755842.0,0.0,10.0,1748.0
9154,1.0,757688.0,王欣逸,0.9905974268913268,Q9201965,Culture.Biography.Biography*,757688.0,0.0,4.0,2170.0
9155,1.0,757688.0,王欣逸,0.12146936559677125,Q9201965,Geography.Regions.Asia.Asia*,757688.0,0.0,4.0,2170.0
9156,1.0,757688.0,王欣逸,0.0,Q9201965,Geography.Regions.Asia.East_Asia,757688.0,0.0,4.0,2170.0
9157,3.0,759106.0,默哀,0.7248802781105042,Q1068056,STEM.STEM*,759106.0,121.77203672890751,5.0,1221.0
9158,3.0,759106.0,默哀,0.41490885615348816,Q1068056,Culture.Philosophy_and_religion,759106.0,121.77203672890751,5.0,1221.0
9159,3.0,759106.0,默哀,0.1259327530860901,Q1068056,Culture.Media.Media*,759106.0,121.77203672890751,5.0,1221.0
9160,3.0,759106.0,默哀,0.11597072333097458,Q1068056,STEM.Biology,759106.0,121.77203672890751,5.0,1221.0
9161,2.0,760019.0,鬼神童子ZENKI,1.0000100135803225,Q717850,Culture.Literature,760019.0,1964.175683800637,4.0,2863.0
9162,2.0,760019.0,鬼神童子ZENKI,1.0000100135803225,Q717850,Culture.Visual_arts.Comics_and_Anime,760019.0,1964.175683800637,4.0,2863.0
9163,2.0,760019.0,鬼神童子ZENKI,1.0000100135803225,Q717850,Culture.Visual_arts.Visual_arts*,760019.0,1964.175683800637,4.0,2863.0
9164,3.0,760232.0,吳辰君,1.0000100135803225,Q702675,Culture.Biography.Biography*,760232.0,4938.489785539099,4.0,2415.0
9165,3.0,760232.0,吳辰君,0.7826725244522095,Q702675,Culture.Biography.Women,760232.0,4938.489785539099,4.0,2415.0
9166,3.0,760232.0,吳辰君,0.4765896201133728,Q702675,History_and_Society.Society,760232.0,4938.489785539099,4.0,2415.0
9167,3.0,760232.0,吳辰君,0.37980710172653204,Q702675,Geography.Regions.Asia.Asia*,760232.0,4938.489785539099,4.0,2415.0
9168,3.0,760232.0,吳辰君,0.37980710172653204,Q702675,Geography.Regions.Asia.East_Asia,760232.0,4938.489785539099,4.0,2415.0
9169,2.0,760373.0,意見領袖,0.8080772161483765,Q1850904,History_and_Society.Business_and_economics,760373.0,1415.9459949044824,3.0,2832.0
9170,2.0,760373.0,意見領袖,0.5234303474426271,Q1850904,History_and_Society.Society,760373.0,1415.9459949044824,3.0,2832.0
9171,2.0,760373.0,意見領袖,0.5078218579292297,Q1850904,History_and_Society.Politics_and_government,760373.0,1415.9459949044824,3.0,2832.0
9172,2.0,760373.0,意見領袖,0.4610267877578736,Q1850904,STEM.Medicine_&_Health,760373.0,1415.9459949044824,3.0,2832.0
9173,2.0,760373.0,意見領袖,0.22388027811050412,Q1850904,Geography.Regions.Americas.North_America,760373.0,1415.9459949044824,3.0,2832.0
9174,2.0,760373.0,意見領袖,0.2120788097381592,Q1850904,STEM.STEM*,760373.0,1415.9459949044824,3.0,2832.0
9175,2.0,760373.0,意見領袖,0.20182321965694427,Q1850904,Culture.Visual_arts.Fashion,760373.0,1415.9459949044824,3.0,2832.0
9176,2.0,760373.0,意見領袖,0.19194278120994568,Q1850904,Culture.Linguistics,760373.0,1415.9459949044824,3.0,2832.0
9177,2.0,760373.0,意見領袖,0.1824355274438858,Q1850904,STEM.Biology,760373.0,1415.9459949044824,3.0,2832.0
9178,2.0,760373.0,意見領袖,0.04574816131591797,Q1850904,Geography.Regions.Americas.Central_America,760373.0,1415.9459949044824,3.0,2832.0
9179,2.0,760373.0,意見領袖,0.0,Q1850904,Geography.Regions.Europe.Southern_Europe,760373.0,1415.9459949044824,3.0,2832.0
9180,2.0,760373.0,意見領袖,0.0,Q1850904,Geography.Regions.Europe.Europe*,760373.0,1415.9459949044824,3.0,2832.0
9181,5.0,761392.0,京阪神,0.91965252161026,Q1149484,Geography.Regions.Asia.Asia*,761392.0,0.0,13.0,861.0
9182,5.0,761392.0,京阪神,0.8031837940216064,Q1149484,Geography.Regions.Asia.East_Asia,761392.0,0.0,13.0,861.0
9183,6.0,762039.0,高橋南,0.9820237755775452,Q60933,Culture.Biography.Biography*,762039.0,29405.877887249684,13.0,2252.0
9184,6.0,762039.0,高橋南,0.6150978803634644,Q60933,Culture.Biography.Women,762039.0,29405.877887249684,13.0,2252.0
9185,6.0,762039.0,高橋南,0.3509628047943115,Q60933,Geography.Regions.Asia.East_Asia,762039.0,29405.877887249684,13.0,2252.0
9186,6.0,762039.0,高橋南,0.348655104637146,Q60933,Culture.Literature,762039.0,29405.877887249684,13.0,2252.0
9187,6.0,762039.0,高橋南,0.2814156115055084,Q60933,Culture.Visual_arts.Comics_and_Anime,762039.0,29405.877887249684,13.0,2252.0
9188,6.0,762039.0,高橋南,0.270853506565094,Q60933,Geography.Regions.Asia.Asia*,762039.0,29405.877887249684,13.0,2252.0
9189,6.0,762039.0,高橋南,0.24509501457214355,Q60933,Culture.Visual_arts.Visual_arts*,762039.0,29405.877887249684,13.0,2252.0
9190,6.0,762039.0,高橋南,0.16452647745609286,Q60933,Culture.Media.Media*,762039.0,29405.877887249684,13.0,2252.0
9191,13.0,762218.0,港鐵未來發展,0.478677677154541,Q5510854,Geography.Regions.Asia.Asia*,762218.0,6955.110647804831,10.0,3596.0
9192,13.0,762218.0,港鐵未來發展,0.4773946871757507,Q5510854,Geography.Regions.Asia.East_Asia,762218.0,6955.110647804831,10.0,3596.0
9193,13.0,762218.0,港鐵未來發展,0.33459946513175964,Q5510854,History_and_Society.Military_and_warfare,762218.0,6955.110647804831,10.0,3596.0
9194,13.0,762218.0,港鐵未來發展,0.21734751760959625,Q5510854,History_and_Society.Business_and_economics,762218.0,6955.110647804831,10.0,3596.0
9195,13.0,762218.0,港鐵未來發展,0.11597072333097458,Q5510854,History_and_Society.Politics_and_government,762218.0,6955.110647804831,10.0,3596.0
9196,6.0,763778.0,全国哀悼日,0.5312193632125854,Q1127742,History_and_Society.Business_and_economics,763778.0,781.5423769672058,5.0,7769.0
9197,1.0,764872.0,幽靈車神,0.9770326614379884,Q868958,Culture.Literature,764872.0,0.0,6.0,2084.0
9198,1.0,764872.0,幽靈車神,0.3629792034626007,Q868958,Culture.Visual_arts.Visual_arts*,764872.0,0.0,6.0,2084.0
9199,1.0,764872.0,幽靈車神,0.1778208613395691,Q868958,Culture.Visual_arts.Comics_and_Anime,764872.0,0.0,6.0,2084.0
9200,6.0,764984.0,癲佬正傳,0.9802908897399902,Q2132152,Culture.Media.Films,764984.0,1244.1900666446945,12.0,1645.0
9201,6.0,764984.0,癲佬正傳,0.9219318628311156,Q2132152,Culture.Media.Media*,764984.0,1244.1900666446945,12.0,1645.0
9202,6.0,764984.0,癲佬正傳,0.4231518378257752,Q2132152,Geography.Regions.Asia.East_Asia,764984.0,1244.1900666446945,12.0,1645.0
9203,6.0,764984.0,癲佬正傳,0.37980710172653204,Q2132152,Geography.Regions.Asia.Asia*,764984.0,1244.1900666446945,12.0,1645.0
9204,6.0,764984.0,癲佬正傳,0.15611489117145538,Q2132152,History_and_Society.Society,764984.0,1244.1900666446945,12.0,1645.0
9205,8.0,765119.0,烈火戰車 (1995年電影),0.9924327731132508,Q5508160,Culture.Media.Films,765119.0,6340.980116126154,12.0,1868.0
9206,8.0,765119.0,烈火戰車 (1995年電影),0.9777238368988036,Q5508160,Culture.Media.Media*,765119.0,6340.980116126154,12.0,1868.0
9207,8.0,765119.0,烈火戰車 (1995年電影),0.4696977605819702,Q5508160,Geography.Regions.Asia.East_Asia,765119.0,6340.980116126154,12.0,1868.0
9208,8.0,765119.0,烈火戰車 (1995年電影),0.459371196269989,Q5508160,Geography.Regions.Asia.Asia*,765119.0,6340.980116126154,12.0,1868.0
9209,3.0,765733.0,州長 (美國),0.4705740084648132,Q889821,Geography.Regions.Americas.North_America,765733.0,189.6139404456778,5.0,2358.0
9210,3.0,765733.0,州長 (美國),0.1732981950044632,Q889821,History_and_Society.Politics_and_government,765733.0,189.6139404456778,5.0,2358.0
9211,3.0,766449.0,授權 (法律),0.8031837940216064,Q79719,STEM.STEM*,766449.0,0.0,3.0,943.0
9212,3.0,766449.0,授權 (法律),0.287777841091156,Q79719,History_and_Society.Business_and_economics,766449.0,0.0,3.0,943.0
9213,3.0,766449.0,授權 (法律),0.21734751760959625,Q79719,STEM.Technology,766449.0,0.0,3.0,943.0
9214,3.0,766449.0,授權 (法律),0.16886694729328156,Q79719,History_and_Society.Politics_and_government,766449.0,0.0,3.0,943.0
9215,2.0,767441.0,100米賽跑,0.9992306232452391,Q164761,Culture.Sports,767441.0,0.0,10.0,2707.0
9216,2.0,767441.0,100米賽跑,0.3702353835105896,Q164761,Culture.Biography.Women,767441.0,0.0,10.0,2707.0
9217,2.0,767441.0,100米賽跑,0.12253321707248688,Q164761,Culture.Biography.Biography*,767441.0,0.0,10.0,2707.0
9218,11.0,767461.0,國華航空,0.9986429810523988,Q5365450,Culture.Biography.Biography*,767461.0,596.6008807815706,10.0,2094.0
9219,11.0,767461.0,國華航空,0.9984612464904784,Q5365450,History_and_Society.Society,767461.0,596.6008807815706,10.0,2094.0
9220,11.0,767461.0,國華航空,0.9855064153671264,Q5365450,STEM.Engineering,767461.0,596.6008807815706,10.0,2094.0
9221,11.0,767461.0,國華航空,0.9820237755775452,Q5365450,STEM.STEM*,767461.0,596.6008807815706,10.0,2094.0
9222,11.0,767461.0,國華航空,0.9770326614379884,Q5365450,History_and_Society.Transportation,767461.0,596.6008807815706,10.0,2094.0
9223,11.0,767461.0,國華航空,0.5544804334640503,Q5365450,History_and_Society.Business_and_economics,767461.0,596.6008807815706,10.0,2094.0
9224,11.0,767461.0,國華航空,0.4936250915527344,Q5365450,Geography.Regions.Asia.East_Asia,767461.0,596.6008807815706,10.0,2094.0
9225,11.0,767461.0,國華航空,0.4815675487518311,Q5365450,Geography.Regions.Asia.Asia*,767461.0,596.6008807815706,10.0,2094.0
9226,9.0,770768.0,阿米什人,0.8080772161483765,Q104444,Culture.Philosophy_and_religion,770768.0,47766.481117563584,11.0,2732.0
9227,9.0,770768.0,阿米什人,0.3276783227920532,Q104444,History_and_Society.Society,770768.0,47766.481117563584,11.0,2732.0
9228,9.0,770768.0,阿米什人,0.22816647589206696,Q104444,History_and_Society.History,770768.0,47766.481117563584,11.0,2732.0
9229,9.0,770768.0,阿米什人,0.16452647745609286,Q104444,History_and_Society.Politics_and_government,770768.0,47766.481117563584,11.0,2732.0
9230,9.0,770768.0,阿米什人,0.0,Q104444,Geography.Regions.Americas.North_America,770768.0,47766.481117563584,11.0,2732.0
9231,9.0,770768.0,阿米什人,0.0,Q104444,Geography.Regions.Europe.Europe*,770768.0,47766.481117563584,11.0,2732.0
9232,2.0,771026.0,昭節貴妃,0.9324633479118348,Q8251697,Culture.Biography.Biography*,771026.0,3942.0,7.0,6222.0
9233,2.0,771026.0,昭節貴妃,0.4301573634147644,Q8251697,History_and_Society.History,771026.0,3942.0,7.0,6222.0
9234,2.0,771026.0,昭節貴妃,0.3301530351638794,Q8251697,Geography.Regions.Asia.East_Asia,771026.0,3942.0,7.0,6222.0
9235,2.0,771026.0,昭節貴妃,0.2814156115055084,Q8251697,Culture.Biography.Women,771026.0,3942.0,7.0,6222.0
9236,2.0,771026.0,昭節貴妃,0.23006861114501956,Q8251697,Geography.Regions.Asia.Asia*,771026.0,3942.0,7.0,6222.0
9237,3.0,771585.0,林雨宣,1.0000100135803225,Q8998742,Culture.Biography.Biography*,771585.0,0.0,4.0,2706.0
9238,3.0,771585.0,林雨宣,0.9344051480293274,Q8998742,Culture.Biography.Women,771585.0,0.0,4.0,2706.0
9239,3.0,771585.0,林雨宣,0.9046605229377748,Q8998742,History_and_Society.Society,771585.0,0.0,4.0,2706.0
9240,3.0,771585.0,林雨宣,0.4334051480293274,Q8998742,Geography.Regions.Asia.Asia*,771585.0,0.0,4.0,2706.0
9241,3.0,771585.0,林雨宣,0.4334051480293274,Q8998742,Geography.Regions.Asia.East_Asia,771585.0,0.0,4.0,2706.0
9242,3.0,771585.0,林雨宣,0.1968362182378769,Q8998742,Culture.Media.Media*,771585.0,0.0,4.0,2706.0
9243,1.0,771884.0,莉芙·泰萊,1.0000100135803225,Q168763,Culture.Biography.Biography*,771884.0,0.0,6.0,2732.0
9244,1.0,771884.0,莉芙·泰萊,0.8634016513824463,Q168763,Culture.Biography.Women,771884.0,0.0,6.0,2732.0
9245,1.0,771884.0,莉芙·泰萊,0.0,Q168763,Geography.Regions.Americas.North_America,771884.0,0.0,6.0,2732.0
9246,1.0,771884.0,莉芙·泰萊,0.0,Q168763,Geography.Regions.Europe.Europe*,771884.0,0.0,6.0,2732.0
9247,1.0,771884.0,莉芙·泰萊,0.0,Q168763,Geography.Regions.Europe.Northern_Europe,771884.0,0.0,6.0,2732.0
9248,1.0,771884.0,莉芙·泰萊,0.0,Q168763,Geography.Regions.Asia.Asia*,771884.0,0.0,6.0,2732.0
9249,3.0,772807.0,小室哲哉,0.993317186832428,Q719205,Culture.Biography.Biography*,772807.0,8884.724936332525,13.0,2519.0
9250,3.0,772807.0,小室哲哉,0.5078218579292297,Q719205,Culture.Media.Media*,772807.0,8884.724936332525,13.0,2519.0
9251,3.0,772807.0,小室哲哉,0.3952613940238953,Q719205,Geography.Regions.Asia.East_Asia,772807.0,8884.724936332525,13.0,2519.0
9252,3.0,772807.0,小室哲哉,0.3073680400848389,Q719205,Culture.Visual_arts.Visual_arts*,772807.0,8884.724936332525,13.0,2519.0
9253,3.0,772807.0,小室哲哉,0.3073680400848389,Q719205,Culture.Literature,772807.0,8884.724936332525,13.0,2519.0
9254,3.0,772807.0,小室哲哉,0.3073680400848389,Q719205,Culture.Media.Music,772807.0,8884.724936332525,13.0,2519.0
9255,3.0,772807.0,小室哲哉,0.2869412174224853,Q719205,Geography.Regions.Asia.Asia*,772807.0,8884.724936332525,13.0,2519.0
9256,3.0,772807.0,小室哲哉,0.2689514458179474,Q719205,Culture.Visual_arts.Comics_and_Anime,772807.0,8884.724936332525,13.0,2519.0
9257,6.0,775898.0,耶穌基督超級巨星,0.993317186832428,Q242667,Culture.Performing_arts,775898.0,18927.673848172937,11.0,2127.0
9258,6.0,775898.0,耶穌基督超級巨星,0.4921981394290924,Q242667,Culture.Media.Media*,775898.0,18927.673848172937,11.0,2127.0
9259,6.0,775898.0,耶穌基督超級巨星,0.4843900501728058,Q242667,Culture.Media.Music,775898.0,18927.673848172937,11.0,2127.0
9260,6.0,775898.0,耶穌基督超級巨星,0.11597072333097458,Q242667,Culture.Literature,775898.0,18927.673848172937,11.0,2127.0
9261,3.0,776967.0,道县事件,0.5000100135803223,Q5221548,Culture.Philosophy_and_religion,776967.0,0.0,1.0,1405.0
9262,3.0,776967.0,道县事件,0.4990100135803223,Q5221548,Geography.Regions.Asia.East_Asia,776967.0,0.0,1.0,1405.0
9263,3.0,776967.0,道县事件,0.4946784844398498,Q5221548,Geography.Regions.Asia.Asia*,776967.0,0.0,1.0,1405.0
9264,3.0,776967.0,道县事件,0.14034625887870789,Q5221548,History_and_Society.Education,776967.0,0.0,1.0,1405.0
9265,8.0,782746.0,夏文汐,0.9841036200523376,Q7143498,Culture.Biography.Biography*,782746.0,18591.170849800557,12.0,2288.0
9266,8.0,782746.0,夏文汐,0.5156299471855164,Q7143498,Culture.Biography.Women,782746.0,18591.170849800557,12.0,2288.0
9267,8.0,782746.0,夏文汐,0.23006861114501956,Q7143498,Geography.Regions.Asia.East_Asia,782746.0,18591.170849800557,12.0,2288.0
9268,8.0,782746.0,夏文汐,0.22816647589206696,Q7143498,Culture.Media.Media*,782746.0,18591.170849800557,12.0,2288.0
9269,8.0,782746.0,夏文汐,0.18714269995689392,Q7143498,Culture.Media.Music,782746.0,18591.170849800557,12.0,2288.0
9270,8.0,782746.0,夏文汐,0.10667316818237303,Q7143498,Geography.Regions.Asia.Asia*,782746.0,18591.170849800557,12.0,2288.0
9271,1.0,783862.0,蓮花樂隊,0.7057950496673584,Q5662273,Culture.Biography.Biography*,783862.0,0.0,12.0,2135.0
9272,1.0,783862.0,蓮花樂隊,0.5312193632125854,Q5662273,Culture.Media.Music,783862.0,0.0,12.0,2135.0
9273,1.0,783862.0,蓮花樂隊,0.4610267877578736,Q5662273,Culture.Media.Media*,783862.0,0.0,12.0,2135.0
9274,1.0,783862.0,蓮花樂隊,0.0,Q5662273,Geography.Regions.Asia.East_Asia,783862.0,0.0,12.0,2135.0
9275,1.0,783862.0,蓮花樂隊,0.0,Q5662273,Geography.Regions.Americas.North_America,783862.0,0.0,12.0,2135.0
9276,1.0,783862.0,蓮花樂隊,0.0,Q5662273,Geography.Regions.Europe.Europe*,783862.0,0.0,12.0,2135.0
9277,1.0,783862.0,蓮花樂隊,0.0,Q5662273,Geography.Regions.Asia.Asia*,783862.0,0.0,12.0,2135.0
9278,1.0,783862.0,蓮花樂隊,0.0,Q5662273,Geography.Regions.Europe.Northern_Europe,783862.0,0.0,12.0,2135.0
9279,8.0,785453.0,桃花小妹 (電視劇),1.0000100135803225,Q711781,Culture.Biography.Biography*,785453.0,20372.41252335135,4.0,2477.0
9280,8.0,785453.0,桃花小妹 (電視劇),0.9995221495628356,Q711781,History_and_Society.Society,785453.0,20372.41252335135,4.0,2477.0
9281,8.0,785453.0,桃花小妹 (電視劇),0.754925012588501,Q711781,Culture.Media.Media*,785453.0,20372.41252335135,4.0,2477.0
9282,8.0,785453.0,桃花小妹 (電視劇),0.5698626637458801,Q711781,Culture.Media.Television,785453.0,20372.41252335135,4.0,2477.0
9283,8.0,785453.0,桃花小妹 (電視劇),0.4792908897399902,Q711781,Geography.Regions.Asia.East_Asia,785453.0,20372.41252335135,4.0,2477.0
9284,8.0,785453.0,桃花小妹 (電視劇),0.4773946871757507,Q711781,Geography.Regions.Asia.Asia*,785453.0,20372.41252335135,4.0,2477.0
9285,8.0,785453.0,桃花小妹 (電視劇),0.4688006341457367,Q711781,Culture.Literature,785453.0,20372.41252335135,4.0,2477.0
9286,8.0,785453.0,桃花小妹 (電視劇),0.11921291798353195,Q711781,Culture.Visual_arts.Visual_arts*,785453.0,20372.41252335135,4.0,2477.0
9287,8.0,785453.0,桃花小妹 (電視劇),0.10375863313674928,Q711781,Culture.Visual_arts.Comics_and_Anime,785453.0,20372.41252335135,4.0,2477.0
9288,26.0,785713.0,如月尤菲,1.0000100135803225,Q4199411,Culture.Media.Video_games,785713.0,45.417165802712574,14.0,4075.0
9289,26.0,785713.0,如月尤菲,1.0000100135803225,Q4199411,Culture.Internet_culture,785713.0,45.417165802712574,14.0,4075.0
9290,26.0,785713.0,如月尤菲,0.9976133108139038,Q4199411,Culture.Literature,785713.0,45.417165802712574,14.0,4075.0
9291,26.0,785713.0,如月尤菲,0.9972090721130372,Q4199411,Culture.Media.Media*,785713.0,45.417165802712574,14.0,4075.0
9292,5.0,787512.0,深海尋人,0.9871888160705566,Q3316690,Culture.Media.Films,787512.0,71.44630129671523,12.0,758.0
9293,5.0,787512.0,深海尋人,0.946606695652008,Q3316690,Culture.Media.Media*,787512.0,71.44630129671523,12.0,758.0
9294,5.0,787512.0,深海尋人,0.4849463572502136,Q3316690,Geography.Regions.Asia.East_Asia,787512.0,71.44630129671523,12.0,758.0
9295,5.0,787512.0,深海尋人,0.4753205647468567,Q3316690,Geography.Regions.Asia.Asia*,787512.0,71.44630129671523,12.0,758.0
9296,7.0,788782.0,麗晶酒店及度假村,0.6926519870758057,Q3250375,History_and_Society.Business_and_economics,788782.0,18855.95194583057,10.0,3531.0
9297,7.0,788782.0,麗晶酒店及度假村,0.4765896201133728,Q3250375,Culture.Visual_arts.Architecture,788782.0,18855.95194583057,10.0,3531.0
9298,7.0,788782.0,麗晶酒店及度假村,0.4378334879875183,Q3250375,Culture.Visual_arts.Visual_arts*,788782.0,18855.95194583057,10.0,3531.0
9299,7.0,788782.0,麗晶酒店及度假村,0.0,Q3250375,Geography.Regions.Americas.North_America,788782.0,18855.95194583057,10.0,3531.0
9300,3.0,788854.0,陈丹青,0.9996640086174012,Q8933393,Culture.Biography.Biography*,788854.0,1090.8871579813153,5.0,2811.0
9301,3.0,788854.0,陈丹青,0.6513648629188538,Q8933393,Culture.Visual_arts.Visual_arts*,788854.0,1090.8871579813153,5.0,2811.0
9302,3.0,788854.0,陈丹青,0.40366052293777466,Q8933393,Geography.Regions.Asia.East_Asia,788854.0,1090.8871579813153,5.0,2811.0
9303,3.0,788854.0,陈丹青,0.3344935646057129,Q8933393,Geography.Regions.Asia.Asia*,788854.0,1090.8871579813153,5.0,2811.0
9304,3.0,788854.0,陈丹青,0.21734751760959625,Q8933393,History_and_Society.Society,788854.0,1090.8871579813153,5.0,2811.0
9305,1.0,788981.0,臺灣國民黨,1.0000100135803225,Q11411990,Culture.Biography.Biography*,788981.0,0.0,5.0,954.0
9306,1.0,788981.0,臺灣國民黨,1.0000100135803225,Q11411990,History_and_Society.Society,788981.0,0.0,5.0,954.0
9307,1.0,788981.0,臺灣國民黨,0.9859463572502136,Q11411990,History_and_Society.Politics_and_government,788981.0,0.0,5.0,954.0
9308,1.0,788981.0,臺灣國民黨,0.4990100135803223,Q11411990,Geography.Regions.Asia.East_Asia,788981.0,0.0,5.0,954.0
9309,1.0,788981.0,臺灣國民黨,0.4974612464904785,Q11411990,Geography.Regions.Asia.Asia*,788981.0,0.0,5.0,954.0
9310,2.0,789367.0,島義勇,0.951152205467224,Q970410,Culture.Biography.Biography*,789367.0,0.0,13.0,383.0
9311,2.0,789367.0,島義勇,0.4843900501728058,Q970410,History_and_Society.Military_and_warfare,789367.0,0.0,13.0,383.0
9312,2.0,789367.0,島義勇,0.4669093360900879,Q970410,Geography.Regions.Asia.East_Asia,789367.0,0.0,13.0,383.0
9313,2.0,789367.0,島義勇,0.4529760947227478,Q970410,Geography.Regions.Asia.Asia*,789367.0,0.0,13.0,383.0
9314,3.0,790076.0,下丘脑,0.997894287109375,Q164386,STEM.STEM*,790076.0,1820.6964668844387,10.0,2935.0
9315,3.0,790076.0,下丘脑,0.9433575868606568,Q164386,STEM.Medicine_&_Health,790076.0,1820.6964668844387,10.0,2935.0
9316,3.0,790076.0,下丘脑,0.4688006341457367,Q164386,STEM.Biology,790076.0,1820.6964668844387,10.0,2935.0
9317,6.0,790363.0,變形金剛：復仇之戰,0.9972090721130372,Q191100,Culture.Media.Media*,790363.0,46001.532105514685,6.0,1959.0
9318,6.0,790363.0,變形金剛：復仇之戰,0.996837317943573,Q191100,Culture.Media.Films,790363.0,46001.532105514685,6.0,1959.0
9319,6.0,790363.0,變形金剛：復仇之戰,0.6723417043685913,Q191100,Culture.Media.Entertainment,790363.0,46001.532105514685,6.0,1959.0
9320,6.0,790363.0,變形金剛：復仇之戰,0.40734341740608215,Q191100,Culture.Visual_arts.Comics_and_Anime,790363.0,46001.532105514685,6.0,1959.0
9321,6.0,790363.0,變形金剛：復仇之戰,0.320831298828125,Q191100,Culture.Visual_arts.Visual_arts*,790363.0,46001.532105514685,6.0,1959.0
9322,6.0,790363.0,變形金剛：復仇之戰,0.24509501457214355,Q191100,Culture.Literature,790363.0,46001.532105514685,6.0,1959.0
9323,6.0,790363.0,變形金剛：復仇之戰,0.06886266374588013,Q191100,Geography.Regions.Americas.North_America,790363.0,46001.532105514685,6.0,1959.0
9324,10.0,791448.0,丘昌榮,0.9937201142311096,Q8925254,Culture.Sports,791448.0,432.5390743590266,4.0,1398.0
9325,10.0,791448.0,丘昌榮,0.9659096002578736,Q8925254,Culture.Biography.Biography*,791448.0,432.5390743590266,4.0,1398.0
9326,10.0,791448.0,丘昌榮,0.6224693655967712,Q8925254,History_and_Society.Society,791448.0,432.5390743590266,4.0,1398.0
9327,10.0,791448.0,丘昌榮,0.4352950325012207,Q8925254,Geography.Regions.Asia.East_Asia,791448.0,432.5390743590266,4.0,1398.0
9328,10.0,791448.0,丘昌榮,0.2596606483459473,Q8925254,Geography.Regions.Asia.Asia*,791448.0,432.5390743590266,4.0,1398.0
9329,10.0,791448.0,丘昌榮,0.1968362182378769,Q8925254,Culture.Biography.Women,791448.0,432.5390743590266,4.0,1398.0
9330,19.0,793759.0,施公奇案 (台灣),0.8439050912857056,Q11085119,Culture.Media.Media*,793759.0,89470.71669624715,4.0,3170.0
9331,19.0,793759.0,施公奇案 (台灣),0.7490972280502319,Q11085119,Culture.Media.Television,793759.0,89470.71669624715,4.0,3170.0
9332,19.0,793759.0,施公奇案 (台灣),0.22388027811050412,Q11085119,Geography.Regions.Asia.East_Asia,793759.0,89470.71669624715,4.0,3170.0
9333,19.0,793759.0,施公奇案 (台灣),0.037993239402771,Q11085119,Geography.Regions.Asia.Asia*,793759.0,89470.71669624715,4.0,3170.0
9334,19.0,793759.0,施公奇案 (台灣),0.0,Q11085119,Geography.Regions.Africa.Africa*,793759.0,89470.71669624715,4.0,3170.0
9335,2.0,794794.0,最佳拍檔,0.9783946871757508,Q1766368,Culture.Media.Films,794794.0,0.0,12.0,2346.0
9336,2.0,794794.0,最佳拍檔,0.974052667617798,Q1766368,Culture.Media.Media*,794794.0,0.0,12.0,2346.0
9337,2.0,794794.0,最佳拍檔,0.35867373847961426,Q1766368,Geography.Regions.Asia.East_Asia,794794.0,0.0,12.0,2346.0
9338,2.0,794794.0,最佳拍檔,0.21124218606948847,Q1766368,Geography.Regions.Asia.Asia*,794794.0,0.0,12.0,2346.0
9339,3.0,796234.0,白雲 (台灣藝人),1.0000100135803225,Q7217816,Culture.Biography.Biography*,796234.0,2392.7757783371303,4.0,2423.0
9340,3.0,796234.0,白雲 (台灣藝人),0.9324633479118348,Q7217816,History_and_Society.Society,796234.0,2392.7757783371303,4.0,2423.0
9341,3.0,796234.0,白雲 (台灣藝人),0.4760326614379883,Q7217816,Geography.Regions.Asia.East_Asia,796234.0,2392.7757783371303,4.0,2423.0
9342,3.0,796234.0,白雲 (台灣藝人),0.4669093360900879,Q7217816,Geography.Regions.Asia.Asia*,796234.0,2392.7757783371303,4.0,2423.0
9343,11.0,797173.0,布蘭登·費雪,0.9989450573921204,Q193555,Culture.Biography.Biography*,797173.0,27864.206470675334,6.0,3464.0
9344,11.0,797173.0,布蘭登·費雪,0.38492217659950256,Q193555,Culture.Media.Media*,797173.0,27864.206470675334,6.0,3464.0
9345,11.0,797173.0,布蘭登·費雪,0.338743971824646,Q193555,Geography.Regions.Americas.North_America,797173.0,27864.206470675334,6.0,3464.0
9346,11.0,797173.0,布蘭登·費雪,0.1097157895565033,Q193555,Culture.Biography.Women,797173.0,27864.206470675334,6.0,3464.0
9347,3.0,797384.0,鴉片類藥物,0.9995794296264648,Q427523,STEM.Medicine_&_Health,797384.0,1119.3951593156562,10.0,2149.0
9348,3.0,797384.0,鴉片類藥物,0.99753737449646,Q427523,STEM.STEM*,797384.0,1119.3951593156562,10.0,2149.0
9349,3.0,797384.0,鴉片類藥物,0.2227101624011993,Q427523,STEM.Biology,797384.0,1119.3951593156562,10.0,2149.0
9350,3.0,797384.0,鴉片類藥物,0.14034625887870789,Q427523,STEM.Chemistry,797384.0,1119.3951593156562,10.0,2149.0
9351,21.0,797659.0,惡靈古堡2：啟示錄,0.9967369437217712,Q161400,Culture.Media.Media*,797659.0,2093.1199535116275,9.0,4627.0
9352,21.0,797659.0,惡靈古堡2：啟示錄,0.994098961353302,Q161400,Culture.Media.Films,797659.0,2093.1199535116275,9.0,4627.0
9353,21.0,797659.0,惡靈古堡2：啟示錄,0.3775506913661957,Q161400,Culture.Media.Entertainment,797659.0,2093.1199535116275,9.0,4627.0
9354,21.0,797659.0,惡靈古堡2：啟示錄,0.15611489117145538,Q161400,Culture.Literature,797659.0,2093.1199535116275,9.0,4627.0
9355,21.0,797659.0,惡靈古堡2：啟示錄,0.12253321707248688,Q161400,Culture.Visual_arts.Comics_and_Anime,797659.0,2093.1199535116275,9.0,4627.0
9356,21.0,797659.0,惡靈古堡2：啟示錄,0.11597072333097458,Q161400,Culture.Internet_culture,797659.0,2093.1199535116275,9.0,4627.0
9357,21.0,797659.0,惡靈古堡2：啟示錄,0.0,Q161400,Geography.Regions.Americas.North_America,797659.0,2093.1199535116275,9.0,4627.0
9358,1.0,798079.0,Kiss×sis,1.0000100135803225,Q1743797,Culture.Visual_arts.Visual_arts*,798079.0,0.0,13.0,2642.0
9359,1.0,798079.0,Kiss×sis,1.0000100135803225,Q1743797,Culture.Literature,798079.0,0.0,13.0,2642.0
9360,1.0,798079.0,Kiss×sis,1.0000100135803225,Q1743797,Culture.Visual_arts.Comics_and_Anime,798079.0,0.0,13.0,2642.0
9361,1.0,798079.0,Kiss×sis,0.11921291798353195,Q1743797,Culture.Media.Video_games,798079.0,0.0,13.0,2642.0
9362,1.0,798079.0,Kiss×sis,0.1097157895565033,Q1743797,Culture.Media.Media*,798079.0,0.0,13.0,2642.0
9363,4.0,799004.0,絕代商驕,0.98678719997406,Q8056518,Culture.Media.Media*,799004.0,8430.908772055689,12.0,2863.0
9364,4.0,799004.0,絕代商驕,0.7057950496673584,Q8056518,Culture.Media.Television,799004.0,8430.908772055689,12.0,2863.0
9365,4.0,799004.0,絕代商驕,0.6076731681823729,Q8056518,Culture.Media.Films,799004.0,8430.908772055689,12.0,2863.0
9366,4.0,799004.0,絕代商驕,0.0,Q8056518,Geography.Regions.Asia.Asia*,799004.0,8430.908772055689,12.0,2863.0
9367,4.0,799004.0,絕代商驕,0.0,Q8056518,Geography.Regions.Asia.East_Asia,799004.0,8430.908772055689,12.0,2863.0
9368,7.0,799206.0,林芯儀,0.9908843636512756,Q9183679,Culture.Biography.Biography*,799206.0,13361.02785164961,4.0,2071.0
9369,7.0,799206.0,林芯儀,0.4532718360424042,Q9183679,Culture.Media.Music,799206.0,13361.02785164961,4.0,2071.0
9370,7.0,799206.0,林芯儀,0.3775506913661957,Q9183679,Culture.Biography.Women,799206.0,13361.02785164961,4.0,2071.0
9371,7.0,799206.0,林芯儀,0.3557848632335663,Q9183679,Culture.Media.Media*,799206.0,13361.02785164961,4.0,2071.0
9372,7.0,799206.0,林芯儀,0.2763098945617676,Q9183679,Geography.Regions.Asia.Asia*,799206.0,13361.02785164961,4.0,2071.0
9373,7.0,799206.0,林芯儀,0.22816647589206696,Q9183679,History_and_Society.Society,799206.0,13361.02785164961,4.0,2071.0
9374,7.0,799206.0,林芯儀,0.11409788036346435,Q9183679,Geography.Regions.Asia.East_Asia,799206.0,13361.02785164961,4.0,2071.0
9375,7.0,799206.0,林芯儀,0.0,Q9183679,Geography.Regions.Asia.Southeast_Asia,799206.0,13361.02785164961,4.0,2071.0
9376,4.0,800231.0,洪欣,0.9969346523284912,Q8970502,Culture.Biography.Biography*,800231.0,7812.9963957645205,12.0,2589.0
9377,4.0,800231.0,洪欣,0.6992644667625427,Q8970502,Culture.Biography.Women,800231.0,7812.9963957645205,12.0,2589.0
9378,4.0,800231.0,洪欣,0.13604079389572146,Q8970502,Geography.Regions.Asia.East_Asia,800231.0,7812.9963957645205,12.0,2589.0
9379,4.0,800231.0,洪欣,0.1259327530860901,Q8970502,History_and_Society.Society,800231.0,7812.9963957645205,12.0,2589.0
9380,4.0,800231.0,洪欣,0.0,Q8970502,Geography.Regions.Asia.Asia*,800231.0,7812.9963957645205,12.0,2589.0
9381,1.0,800931.0,曾根菜津子,0.9899964332580566,Q6980308,Culture.Biography.Biography*,800931.0,0.0,13.0,1015.0
9382,1.0,800931.0,曾根菜津子,0.320831298828125,Q6980308,Culture.Biography.Women,800931.0,0.0,13.0,1015.0
9383,1.0,800931.0,曾根菜津子,0.22816647589206696,Q6980308,Culture.Media.Music,800931.0,0.0,13.0,1015.0
9384,1.0,800931.0,曾根菜津子,0.15036486291885376,Q6980308,Geography.Regions.Asia.East_Asia,800931.0,0.0,13.0,1015.0
9385,1.0,800931.0,曾根菜津子,0.13297423720359802,Q6980308,Culture.Media.Media*,800931.0,0.0,13.0,1015.0
9386,1.0,800931.0,曾根菜津子,0.11409788036346435,Q6980308,Geography.Regions.Asia.Asia*,800931.0,0.0,13.0,1015.0
9387,7.0,801323.0,羅致光,0.9715740084648132,Q6502994,Culture.Biography.Biography*,801323.0,1554.7852248430381,3.0,3041.0
9388,7.0,801323.0,羅致光,0.4911941161155701,Q6502994,Geography.Regions.Asia.East_Asia,801323.0,1554.7852248430381,3.0,3041.0
9389,7.0,801323.0,羅致光,0.4627899398803711,Q6502994,Geography.Regions.Asia.Asia*,801323.0,1554.7852248430381,3.0,3041.0
9390,6.0,804452.0,金剛 (2005年電影),0.990301549434662,Q160215,Culture.Media.Films,804452.0,23905.051562871948,6.0,2586.0
9391,6.0,804452.0,金剛 (2005年電影),0.9879562258720398,Q160215,Culture.Media.Media*,804452.0,23905.051562871948,6.0,2586.0
9392,6.0,804452.0,金剛 (2005年電影),0.14415885508060455,Q160215,Culture.Media.Entertainment,804452.0,23905.051562871948,6.0,2586.0
9393,6.0,804452.0,金剛 (2005年電影),0.0,Q160215,Geography.Regions.Americas.North_America,804452.0,23905.051562871948,6.0,2586.0
9394,6.0,804452.0,金剛 (2005年電影),0.0,Q160215,Geography.Regions.Oceania,804452.0,23905.051562871948,6.0,2586.0
9395,3.0,805357.0,台灣計程車,1.0000100135803225,Q10915692,Culture.Biography.Biography*,805357.0,1980.8260508786404,3.0,1022.0
9396,3.0,805357.0,台灣計程車,1.0000100135803225,Q10915692,History_and_Society.Society,805357.0,1980.8260508786404,3.0,1022.0
9397,3.0,805357.0,台灣計程車,0.99753737449646,Q10915692,STEM.Engineering,805357.0,1980.8260508786404,3.0,1022.0
9398,3.0,805357.0,台灣計程車,0.996837317943573,Q10915692,History_and_Society.Transportation,805357.0,1980.8260508786404,3.0,1022.0
9399,3.0,805357.0,台灣計程車,0.9919480085372924,Q10915692,STEM.STEM*,805357.0,1980.8260508786404,3.0,1022.0
9400,3.0,805357.0,台灣計程車,0.4990100135803223,Q10915692,Geography.Regions.Asia.East_Asia,805357.0,1980.8260508786404,3.0,1022.0
9401,3.0,805357.0,台灣計程車,0.4975088109970093,Q10915692,Geography.Regions.Asia.Asia*,805357.0,1980.8260508786404,3.0,1022.0
9402,3.0,805357.0,台灣計程車,0.1778208613395691,Q10915692,STEM.Earth_and_environment,805357.0,1980.8260508786404,3.0,1022.0
9403,3.0,805357.0,台灣計程車,0.14805719256401062,Q10915692,Culture.Sports,805357.0,1980.8260508786404,3.0,1022.0
9404,3.0,805357.0,台灣計程車,0.10088862478733064,Q10915692,History_and_Society.Business_and_economics,805357.0,1980.8260508786404,3.0,1022.0
9405,5.0,806485.0,傑克·布萊克,0.9993433356285096,Q483907,Culture.Biography.Biography*,806485.0,12710.59916638207,6.0,2633.0
9406,5.0,806485.0,傑克·布萊克,0.7122421860694885,Q483907,Culture.Media.Media*,806485.0,12710.59916638207,6.0,2633.0
9407,5.0,806485.0,傑克·布萊克,0.1778208613395691,Q483907,Culture.Media.Music,806485.0,12710.59916638207,6.0,2633.0
9408,5.0,806485.0,傑克·布萊克,0.15036486291885376,Q483907,Geography.Regions.Americas.North_America,806485.0,12710.59916638207,6.0,2633.0
9409,5.0,806485.0,傑克·布萊克,0.0,Q483907,Geography.Regions.Europe.Europe*,806485.0,12710.59916638207,6.0,2633.0
9410,2.0,811043.0,西亞·李畢福,0.9993433356285096,Q180942,Culture.Biography.Biography*,811043.0,3942.0,6.0,2548.0
9411,2.0,811043.0,西亞·李畢福,0.59267657995224,Q180942,Culture.Media.Media*,811043.0,3942.0,6.0,2548.0
9412,2.0,811043.0,西亞·李畢福,0.19194278120994568,Q180942,Culture.Biography.Women,811043.0,3942.0,6.0,2548.0
9413,2.0,811043.0,西亞·李畢福,0.0,Q180942,Geography.Regions.Americas.North_America,811043.0,3942.0,6.0,2548.0
9414,2.0,811043.0,西亞·李畢福,0.0,Q180942,Geography.Regions.Europe.Europe*,811043.0,3942.0,6.0,2548.0
9415,1.0,811050.0,允禔,0.8519628047943115,Q7355646,Culture.Biography.Biography*,811050.0,0.0,13.0,1482.0
9416,1.0,811050.0,允禔,0.41865252161026,Q7355646,Geography.Regions.Asia.East_Asia,811050.0,0.0,13.0,1482.0
9417,1.0,811050.0,允禔,0.35867373847961426,Q7355646,Geography.Regions.Asia.Asia*,811050.0,0.0,13.0,1482.0
9418,4.0,811504.0,陳茂波,0.9814634323120116,Q7149777,Culture.Biography.Biography*,811504.0,13088.905212563195,3.0,2335.0
9419,4.0,811504.0,陳茂波,0.4929124584197998,Q7149777,Geography.Regions.Asia.East_Asia,811504.0,13088.905212563195,3.0,2335.0
9420,4.0,811504.0,陳茂波,0.4687954058647156,Q7149777,Geography.Regions.Asia.Asia*,811504.0,13088.905212563195,3.0,2335.0
9421,2.0,813066.0,高慧君,0.996837317943573,Q8960548,Culture.Biography.Biography*,813066.0,1784.8986518162412,4.0,3243.0
9422,2.0,813066.0,高慧君,0.7431780099868774,Q8960548,Culture.Biography.Women,813066.0,1784.8986518162412,4.0,3243.0
9423,2.0,813066.0,高慧君,0.2653036584854126,Q8960548,Geography.Regions.Asia.East_Asia,813066.0,1784.8986518162412,4.0,3243.0
9424,2.0,813066.0,高慧君,0.24509501457214355,Q8960548,History_and_Society.Society,813066.0,1784.8986518162412,4.0,3243.0
9425,2.0,813066.0,高慧君,0.23616819286346435,Q8960548,Geography.Regions.Asia.Asia*,813066.0,1784.8986518162412,4.0,3243.0
9426,3.0,813368.0,板野友美,0.9825675487518309,Q1154210,Culture.Biography.Biography*,813368.0,4183.704056388742,13.0,5516.0
9427,3.0,813368.0,板野友美,0.546748161315918,Q1154210,Culture.Biography.Women,813368.0,4183.704056388742,13.0,5516.0
9428,3.0,813368.0,板野友美,0.3629792034626007,Q1154210,Culture.Media.Media*,813368.0,4183.704056388742,13.0,5516.0
9429,3.0,813368.0,板野友美,0.3469777574539185,Q1154210,Geography.Regions.Asia.East_Asia,813368.0,4183.704056388742,13.0,5516.0
9430,3.0,813368.0,板野友美,0.311877357006073,Q1154210,Geography.Regions.Asia.Asia*,813368.0,4183.704056388742,13.0,5516.0
9431,3.0,813368.0,板野友美,0.26285186409950256,Q1154210,Culture.Media.Music,813368.0,4183.704056388742,13.0,5516.0
9432,5.0,813929.0,臺灣郵政,0.2942249774932861,Q15898302,STEM.STEM*,813929.0,5568.323850880812,5.0,969.0
9433,5.0,813929.0,臺灣郵政,0.0,Q15898302,Geography.Regions.Asia.Asia*,813929.0,5568.323850880812,5.0,969.0
9434,5.0,813929.0,臺灣郵政,0.0,Q15898302,Geography.Regions.Americas.North_America,813929.0,5568.323850880812,5.0,969.0
9435,5.0,813929.0,臺灣郵政,0.0,Q15898302,Geography.Regions.Europe.Europe*,813929.0,5568.323850880812,5.0,969.0
9436,7.0,814882.0,054A型导弹护卫舰,0.9947898983955384,Q860225,History_and_Society.Transportation,814882.0,6585.212867435962,5.0,2936.0
9437,7.0,814882.0,054A型导弹护卫舰,0.9344051480293274,Q860225,History_and_Society.Military_and_warfare,814882.0,6585.212867435962,5.0,2936.0
9438,7.0,814882.0,054A型导弹护卫舰,0.10667316818237303,Q860225,Geography.Regions.Asia.Asia*,814882.0,6585.212867435962,5.0,2936.0
9439,7.0,814882.0,054A型导弹护卫舰,0.0,Q860225,Geography.Regions.Asia.East_Asia,814882.0,6585.212867435962,5.0,2936.0
9440,1.0,816697.0,市場趨勢,0.6859594583511353,Q1004322,History_and_Society.Business_and_economics,816697.0,0.0,3.0,2564.0
9441,1.0,816697.0,市場趨勢,0.18714269995689392,Q1004322,STEM.Technology,816697.0,0.0,3.0,2564.0
9442,1.0,816697.0,市場趨勢,0.0,Q1004322,Geography.Regions.Asia.Asia*,816697.0,0.0,3.0,2564.0
9443,1.0,816697.0,市場趨勢,0.0,Q1004322,Geography.Regions.Asia.East_Asia,816697.0,0.0,3.0,2564.0
9444,6.0,816752.0,國家安全會議 (中華民國),0.9954004287719728,Q10876348,Culture.Biography.Biography*,816752.0,16192.576032031053,5.0,1882.0
9445,6.0,816752.0,國家安全會議 (中華民國),0.9659096002578736,Q10876348,History_and_Society.Society,816752.0,16192.576032031053,5.0,1882.0
9446,6.0,816752.0,國家安全會議 (中華民國),0.8311530351638794,Q10876348,History_and_Society.Politics_and_government,816752.0,16192.576032031053,5.0,1882.0
9447,6.0,816752.0,國家安全會議 (中華民國),0.4616831412315369,Q10876348,Geography.Regions.Asia.Asia*,816752.0,16192.576032031053,5.0,1882.0
9448,6.0,816752.0,國家安全會議 (中華民國),0.4294682612419128,Q10876348,Geography.Regions.Asia.East_Asia,816752.0,16192.576032031053,5.0,1882.0
9449,6.0,816752.0,國家安全會議 (中華民國),0.10375863313674928,Q10876348,STEM.STEM*,816752.0,16192.576032031053,5.0,1882.0
9450,9.0,821173.0,楊麗菁,1.0000100135803225,Q705158,Culture.Biography.Biography*,821173.0,32381.76158623908,12.0,5956.0
9451,9.0,821173.0,楊麗菁,0.8354935646057129,Q705158,History_and_Society.Society,821173.0,32381.76158623908,12.0,5956.0
9452,9.0,821173.0,楊麗菁,0.6926519870758057,Q705158,Culture.Biography.Women,821173.0,32381.76158623908,12.0,5956.0
9453,9.0,821173.0,楊麗菁,0.3660457601547241,Q705158,Geography.Regions.Asia.East_Asia,821173.0,32381.76158623908,12.0,5956.0
9454,9.0,821173.0,楊麗菁,0.3257217874526977,Q705158,Geography.Regions.Asia.Asia*,821173.0,32381.76158623908,12.0,5956.0
9455,1.0,837744.0,盧慶輝,0.993317186832428,Q9320535,Culture.Biography.Biography*,837744.0,0.0,7.0,2244.0
9456,1.0,837744.0,盧慶輝,0.4730526676177978,Q9320535,Geography.Regions.Asia.East_Asia,837744.0,0.0,7.0,2244.0
9457,1.0,837744.0,盧慶輝,0.4515841474533081,Q9320535,Geography.Regions.Asia.Asia*,837744.0,0.0,7.0,2244.0
9458,1.0,837744.0,盧慶輝,0.2227101624011993,Q9320535,History_and_Society.Society,837744.0,0.0,7.0,2244.0
9459,1.0,845370.0,村正,0.989681839942932,Q1849828,Culture.Biography.Biography*,845370.0,0.0,14.0,1743.0
9460,1.0,845370.0,村正,0.3070772161483765,Q1849828,Geography.Regions.Asia.East_Asia,845370.0,0.0,14.0,1743.0
9461,1.0,845370.0,村正,0.3070772161483765,Q1849828,Geography.Regions.Asia.Asia*,845370.0,0.0,14.0,1743.0
9462,1.0,845370.0,村正,0.10088862478733064,Q1849828,STEM.STEM*,845370.0,0.0,14.0,1743.0
9463,1.0,845465.0,辛樹芬,1.0000100135803225,Q12357541,Culture.Biography.Biography*,845465.0,0.0,12.0,3098.0
9464,1.0,845465.0,辛樹芬,0.6150978803634644,Q12357541,History_and_Society.Society,845465.0,0.0,12.0,3098.0
9465,1.0,845465.0,辛樹芬,0.41490885615348816,Q12357541,Culture.Biography.Women,845465.0,0.0,12.0,3098.0
9466,1.0,845465.0,辛樹芬,0.3952613940238953,Q12357541,Geography.Regions.Asia.East_Asia,845465.0,0.0,12.0,3098.0
9467,1.0,845465.0,辛樹芬,0.338743971824646,Q12357541,Geography.Regions.Asia.Asia*,845465.0,0.0,12.0,3098.0
9468,2.0,845667.0,超人类主义,0.91965252161026,Q194100,Culture.Philosophy_and_religion,845667.0,3942.0,10.0,1428.0
9469,2.0,845667.0,超人类主义,0.3557848632335663,Q194100,STEM.STEM*,845667.0,3942.0,10.0,1428.0
9470,2.0,845667.0,超人类主义,0.3007555902004242,Q194100,History_and_Society.Society,845667.0,3942.0,10.0,1428.0
9471,2.0,845667.0,超人类主义,0.13297423720359802,Q194100,History_and_Society.Politics_and_government,845667.0,3942.0,10.0,1428.0
9472,2.0,845667.0,超人类主义,0.0,Q194100,Geography.Regions.Europe.Europe*,845667.0,3942.0,10.0,1428.0
9473,1.0,846584.0,张牧野,0.9970290064811708,Q9136929,Culture.Biography.Biography*,846584.0,0.0,2.0,3340.0
9474,1.0,846584.0,张牧野,0.4294682612419128,Q9136929,Geography.Regions.Asia.East_Asia,846584.0,0.0,2.0,3340.0
9475,1.0,846584.0,张牧野,0.4139109721183777,Q9136929,Geography.Regions.Asia.Asia*,846584.0,0.0,2.0,3340.0
9476,1.0,846584.0,张牧野,0.11921291798353195,Q9136929,Culture.Literature,846584.0,0.0,2.0,3340.0
9477,1.0,846602.0,元永慶太郎,0.9553291201591492,Q10889745,Culture.Biography.Biography*,846602.0,0.0,13.0,1455.0
9478,1.0,846602.0,元永慶太郎,0.037993239402771,Q10889745,Geography.Regions.Asia.Asia*,846602.0,0.0,13.0,1455.0
9479,1.0,846602.0,元永慶太郎,0.0,Q10889745,Geography.Regions.Asia.East_Asia,846602.0,0.0,13.0,1455.0
9480,3.0,847331.0,吳興國,1.0000100135803225,Q702919,Culture.Biography.Biography*,847331.0,8625.883416627126,12.0,1817.0
9481,3.0,847331.0,吳興國,0.9931061863899232,Q702919,History_and_Society.Society,847331.0,8625.883416627126,12.0,1817.0
9482,3.0,847331.0,吳興國,0.4515841474533081,Q702919,Geography.Regions.Asia.East_Asia,847331.0,8625.883416627126,12.0,1817.0
9483,3.0,847331.0,吳興國,0.4294682612419128,Q702919,Geography.Regions.Asia.Asia*,847331.0,8625.883416627126,12.0,1817.0
9484,3.0,847331.0,吳興國,0.2069040536880493,Q702919,Culture.Media.Media*,847331.0,8625.883416627126,12.0,1817.0
9485,3.0,847331.0,吳興國,0.11280541121959685,Q702919,Culture.Media.Music,847331.0,8625.883416627126,12.0,1817.0
9486,2.0,847623.0,喬許·漢米爾頓 (運動員),0.9972090721130372,Q716346,Culture.Biography.Biography*,847623.0,0.0,13.0,618.0
9487,2.0,847623.0,喬許·漢米爾頓 (運動員),0.9893575310707092,Q716346,Culture.Sports,847623.0,0.0,13.0,618.0
9488,2.0,847623.0,喬許·漢米爾頓 (運動員),0.21124218606948847,Q716346,Geography.Regions.Americas.North_America,847623.0,0.0,13.0,618.0
9489,3.0,853952.0,裴淳华,1.0000100135803225,Q230004,Culture.Biography.Biography*,853952.0,2710.644015272981,11.0,3751.0
9490,3.0,853952.0,裴淳华,0.9755869507789612,Q230004,Culture.Biography.Women,853952.0,2710.644015272981,11.0,3751.0
9491,3.0,853952.0,裴淳华,0.0991983880996704,Q230004,Geography.Regions.Europe.Northern_Europe,853952.0,2710.644015272981,11.0,3751.0
9492,3.0,853952.0,裴淳华,0.07650540971755981,Q230004,Geography.Regions.Europe.Europe*,853952.0,2710.644015272981,11.0,3751.0
9493,3.0,853952.0,裴淳华,0.0,Q230004,Geography.Regions.Americas.North_America,853952.0,2710.644015272981,11.0,3751.0
9494,3.0,854181.0,久坂玄瑞,0.9859463572502136,Q5360999,Culture.Biography.Biography*,854181.0,303.25914824703636,13.0,1269.0
9495,3.0,854181.0,久坂玄瑞,0.4843900501728058,Q5360999,History_and_Society.Military_and_warfare,854181.0,303.25914824703636,13.0,1269.0
9496,3.0,854181.0,久坂玄瑞,0.4804634323120117,Q5360999,Geography.Regions.Asia.East_Asia,854181.0,303.25914824703636,13.0,1269.0
9497,3.0,854181.0,久坂玄瑞,0.4705740084648132,Q5360999,Geography.Regions.Asia.Asia*,854181.0,303.25914824703636,13.0,1269.0
9498,3.0,854181.0,久坂玄瑞,0.11597072333097458,Q5360999,Culture.Philosophy_and_religion,854181.0,303.25914824703636,13.0,1269.0
9499,6.0,865266.0,Astro華麗台,0.4378334879875183,Q1998701,History_and_Society.Politics_and_government,865266.0,14836.363043743477,12.0,1972.0
9500,6.0,865266.0,Astro華麗台,0.311877357006073,Q1998701,Geography.Regions.Asia.Southeast_Asia,865266.0,14836.363043743477,12.0,1972.0
9501,6.0,865266.0,Astro華麗台,0.21760438585281366,Q1998701,Geography.Regions.Asia.Asia*,865266.0,14836.363043743477,12.0,1972.0
9502,6.0,865266.0,Astro華麗台,0.15611489117145538,Q1998701,History_and_Society.Transportation,865266.0,14836.363043743477,12.0,1972.0
9503,2.0,872011.0,怀仁堂,0.91965252161026,Q10296614,Geography.Regions.Asia.East_Asia,872011.0,1310.8404259047718,5.0,2073.0
9504,2.0,872011.0,怀仁堂,0.9073222279548644,Q10296614,Geography.Regions.Asia.Asia*,872011.0,1310.8404259047718,5.0,2073.0
9505,2.0,872011.0,怀仁堂,0.1732981950044632,Q10296614,Culture.Visual_arts.Visual_arts*,872011.0,1310.8404259047718,5.0,2073.0
9506,2.0,872011.0,怀仁堂,0.13297423720359802,Q10296614,Culture.Visual_arts.Architecture,872011.0,1310.8404259047718,5.0,2073.0
9507,3.0,872354.0,魔神仔,0.2942249774932861,Q15899602,STEM.STEM*,872354.0,11787.192799273578,2.0,2312.0
9508,3.0,872354.0,魔神仔,0.0,Q15899602,Geography.Regions.Asia.Asia*,872354.0,11787.192799273578,2.0,2312.0
9509,3.0,872354.0,魔神仔,0.0,Q15899602,Geography.Regions.Americas.North_America,872354.0,11787.192799273578,2.0,2312.0
9510,3.0,872354.0,魔神仔,0.0,Q15899602,Geography.Regions.Europe.Europe*,872354.0,11787.192799273578,2.0,2312.0
9511,6.0,873052.0,黃西田,1.0000100135803225,Q8971800,Culture.Biography.Biography*,873052.0,8081.878008961535,4.0,2188.0
9512,6.0,873052.0,黃西田,0.992888569831848,Q8971800,History_and_Society.Society,873052.0,8081.878008961535,4.0,2188.0
9513,6.0,873052.0,黃西田,0.459371196269989,Q8971800,Geography.Regions.Asia.East_Asia,873052.0,8081.878008961535,4.0,2188.0
9514,6.0,873052.0,黃西田,0.4486793746948242,Q8971800,Geography.Regions.Asia.Asia*,873052.0,8081.878008961535,4.0,2188.0
9515,1.0,873144.0,西川贵教,0.9899964332580566,Q187553,Culture.Biography.Biography*,873144.0,0.0,13.0,2121.0
9516,1.0,873144.0,西川贵教,0.2509227991104126,Q187553,Culture.Media.Media*,873144.0,0.0,13.0,2121.0
9517,1.0,873144.0,西川贵教,0.20182321965694427,Q187553,Culture.Media.Music,873144.0,0.0,13.0,2121.0
9518,1.0,873144.0,西川贵教,0.006821857929229736,Q187553,Geography.Regions.Asia.East_Asia,873144.0,0.0,13.0,2121.0
9519,1.0,873144.0,西川贵教,0.0,Q187553,Geography.Regions.Asia.Asia*,873144.0,0.0,13.0,2121.0
9520,5.0,873489.0,李翊君,1.0000100135803225,Q9209137,Culture.Biography.Biography*,873489.0,7111.8142444038795,4.0,3042.0
9521,5.0,873489.0,李翊君,0.9566442370414734,Q9209137,History_and_Society.Society,873489.0,7111.8142444038795,4.0,3042.0
9522,5.0,873489.0,李翊君,0.546748161315918,Q9209137,Culture.Biography.Women,873489.0,7111.8142444038795,4.0,3042.0
9523,5.0,873489.0,李翊君,0.478677677154541,Q9209137,Geography.Regions.Asia.East_Asia,873489.0,7111.8142444038795,4.0,3042.0
9524,5.0,873489.0,李翊君,0.4765896201133728,Q9209137,Culture.Media.Music,873489.0,7111.8142444038795,4.0,3042.0
9525,5.0,873489.0,李翊君,0.4722507467269898,Q9209137,Geography.Regions.Asia.Asia*,873489.0,7111.8142444038795,4.0,3042.0
9526,5.0,873489.0,李翊君,0.4225146472454071,Q9209137,Culture.Media.Media*,873489.0,7111.8142444038795,4.0,3042.0
9527,5.0,873489.0,李翊君,0.1259327530860901,Q9209137,Culture.Media.Television,873489.0,7111.8142444038795,4.0,3042.0
9528,5.0,880810.0,烏坦戰爭,0.7186043858528137,Q202465,History_and_Society.Military_and_warfare,880810.0,2210.6616741151583,1.0,1521.0
9529,5.0,880810.0,烏坦戰爭,0.4767238368988037,Q202465,Geography.Regions.Africa.Africa*,880810.0,2210.6616741151583,1.0,1521.0
9530,5.0,880810.0,烏坦戰爭,0.15611489117145538,Q202465,History_and_Society.Politics_and_government,880810.0,2210.6616741151583,1.0,1521.0
9531,5.0,880810.0,烏坦戰爭,0.1259327530860901,Q202465,Culture.Philosophy_and_religion,880810.0,2210.6616741151583,1.0,1521.0
9532,2.0,881172.0,張可昀,1.0000100135803225,Q9093414,Culture.Biography.Biography*,881172.0,188.99623899186352,4.0,3260.0
9533,2.0,881172.0,張可昀,0.9362950325012208,Q9093414,History_and_Society.Society,881172.0,188.99623899186352,4.0,3260.0
9534,2.0,881172.0,張可昀,0.8354935646057129,Q9093414,Culture.Biography.Women,881172.0,188.99623899186352,4.0,3260.0
9535,2.0,881172.0,張可昀,0.4815675487518311,Q9093414,Geography.Regions.Asia.East_Asia,881172.0,188.99623899186352,4.0,3260.0
9536,2.0,881172.0,張可昀,0.4616831412315369,Q9093414,Geography.Regions.Asia.Asia*,881172.0,188.99623899186352,4.0,3260.0
9537,4.0,887060.0,徐永明,1.0000100135803225,Q8967661,Culture.Biography.Biography*,887060.0,600.6453328271659,2.0,1995.0
9538,4.0,887060.0,徐永明,0.9924327731132508,Q8967661,History_and_Society.Society,887060.0,600.6453328271659,2.0,1995.0
9539,4.0,887060.0,徐永明,0.4714247455596924,Q8967661,Geography.Regions.Asia.Asia*,887060.0,600.6453328271659,2.0,1995.0
9540,4.0,887060.0,徐永明,0.4696977605819702,Q8967661,Geography.Regions.Asia.East_Asia,887060.0,600.6453328271659,2.0,1995.0
9541,3.0,889369.0,遊戲新幹線,0.5775054097175598,Q15901292,History_and_Society.Business_and_economics,889369.0,2168.980859475863,16.0,1129.0
9542,3.0,889369.0,遊戲新幹線,0.24509501457214355,Q15901292,Culture.Media.Media*,889369.0,2168.980859475863,16.0,1129.0
9543,3.0,889369.0,遊戲新幹線,0.16886694729328156,Q15901292,STEM.STEM*,889369.0,2168.980859475863,16.0,1129.0
9544,3.0,889369.0,遊戲新幹線,0.1259327530860901,Q15901292,Culture.Media.Television,889369.0,2168.980859475863,16.0,1129.0
9545,3.0,889369.0,遊戲新幹線,0.10088862478733064,Q15901292,History_and_Society.Transportation,889369.0,2168.980859475863,16.0,1129.0
9546,3.0,889369.0,遊戲新幹線,0.10088862478733064,Q15901292,STEM.Technology,889369.0,2168.980859475863,16.0,1129.0
9547,3.0,889369.0,遊戲新幹線,0.0,Q15901292,Geography.Regions.Americas.North_America,889369.0,2168.980859475863,16.0,1129.0
9548,3.0,889369.0,遊戲新幹線,0.0,Q15901292,Geography.Regions.Europe.Europe*,889369.0,2168.980859475863,16.0,1129.0
9549,3.0,889369.0,遊戲新幹線,0.0,Q15901292,Geography.Regions.Asia.Asia*,889369.0,2168.980859475863,16.0,1129.0
9550,3.0,889369.0,遊戲新幹線,0.0,Q15901292,Geography.Regions.Europe.Northern_Europe,889369.0,2168.980859475863,16.0,1129.0
9551,3.0,891607.0,包小柏,0.9995517134666444,Q9114164,Culture.Biography.Biography*,891607.0,3831.9236862941634,7.0,3664.0
9552,3.0,891607.0,包小柏,0.3165845146179199,Q9114164,Geography.Regions.Asia.East_Asia,891607.0,3831.9236862941634,7.0,3664.0
9553,3.0,891607.0,包小柏,0.30218379402160644,Q9114164,Geography.Regions.Asia.Asia*,891607.0,3831.9236862941634,7.0,3664.0
9554,3.0,891607.0,包小柏,0.15611489117145538,Q9114164,History_and_Society.Society,891607.0,3831.9236862941634,7.0,3664.0
9555,3.0,891608.0,包小松,0.9893575310707092,Q9114141,Culture.Biography.Biography*,891608.0,3942.0,7.0,5660.0
9556,3.0,891608.0,包小松,0.21734751760959625,Q9114141,Culture.Media.Media*,891608.0,3942.0,7.0,5660.0
9557,3.0,891608.0,包小松,0.12253321707248688,Q9114141,Culture.Media.Music,891608.0,3942.0,7.0,5660.0
9558,3.0,891608.0,包小松,0.0,Q9114141,Geography.Regions.Europe.Europe*,891608.0,3942.0,7.0,5660.0
9559,3.0,891608.0,包小松,0.0,Q9114141,Geography.Regions.Asia.Asia*,891608.0,3942.0,7.0,5660.0
9560,5.0,891609.0,包偉銘,1.0000100135803225,Q8924259,Culture.Biography.Biography*,891609.0,10363.295398208107,7.0,6944.0
9561,5.0,891609.0,包偉銘,0.9659096002578736,Q8924259,History_and_Society.Society,891609.0,10363.295398208107,7.0,6944.0
9562,5.0,891609.0,包偉銘,0.4581643214225769,Q8924259,Geography.Regions.Asia.East_Asia,891609.0,10363.295398208107,7.0,6944.0
9563,5.0,891609.0,包偉銘,0.4352950325012207,Q8924259,Geography.Regions.Asia.Asia*,891609.0,10363.295398208107,7.0,6944.0
9564,5.0,891609.0,包偉銘,0.3702353835105896,Q8924259,Culture.Media.Media*,891609.0,10363.295398208107,7.0,6944.0
9565,5.0,891609.0,包偉銘,0.16027602553367615,Q8924259,Culture.Media.Music,891609.0,10363.295398208107,7.0,6944.0
9566,1.0,892457.0,馬莎百貨 (香港),0.9304682612419128,Q15923107,History_and_Society.Business_and_economics,892457.0,0.0,4.0,1559.0
9567,1.0,892457.0,馬莎百貨 (香港),0.2120788097381592,Q15923107,Culture.Visual_arts.Fashion,892457.0,0.0,4.0,1559.0
9568,1.0,892457.0,馬莎百貨 (香港),0.14805719256401062,Q15923107,Culture.Visual_arts.Visual_arts*,892457.0,0.0,4.0,1559.0
9569,1.0,892457.0,馬莎百貨 (香港),0.0,Q15923107,Geography.Regions.Americas.North_America,892457.0,0.0,4.0,1559.0
9570,1.0,892457.0,馬莎百貨 (香港),0.0,Q15923107,Geography.Regions.Europe.Europe*,892457.0,0.0,4.0,1559.0
9571,1.0,892457.0,馬莎百貨 (香港),0.0,Q15923107,Geography.Regions.Europe.Northern_Europe,892457.0,0.0,4.0,1559.0
9572,1.0,892457.0,馬莎百貨 (香港),0.0,Q15923107,Geography.Regions.Oceania,892457.0,0.0,4.0,1559.0
9573,3.0,892648.0,媽媽咪呀！ (電影),0.9939124584197998,Q188850,Culture.Media.Media*,892648.0,6052.487838537724,6.0,1806.0
9574,3.0,892648.0,媽媽咪呀！ (電影),0.9890230894088744,Q188850,Culture.Media.Films,892648.0,6052.487838537724,6.0,1806.0
9575,3.0,892648.0,媽媽咪呀！ (電影),0.16452647745609286,Q188850,Culture.Media.Entertainment,892648.0,6052.487838537724,6.0,1806.0
9576,3.0,892648.0,媽媽咪呀！ (電影),0.0,Q188850,Geography.Regions.Europe.Europe*,892648.0,6052.487838537724,6.0,1806.0
9577,3.0,892648.0,媽媽咪呀！ (電影),0.0,Q188850,Geography.Regions.Americas.North_America,892648.0,6052.487838537724,6.0,1806.0
9578,11.0,894789.0,李振昌,1.0000100135803225,Q5969953,Culture.Sports,894789.0,3181.5497968469554,4.0,1141.0
9579,11.0,894789.0,李振昌,1.0000100135803225,Q5969953,Culture.Biography.Biography*,894789.0,3181.5497968469554,4.0,1141.0
9580,11.0,894789.0,李振昌,0.2509227991104126,Q5969953,History_and_Society.Society,894789.0,3181.5497968469554,4.0,1141.0
9581,11.0,894789.0,李振昌,0.22388027811050412,Q5969953,Geography.Regions.Asia.East_Asia,894789.0,3181.5497968469554,4.0,1141.0
9582,11.0,894789.0,李振昌,0.09167657995224,Q5969953,Geography.Regions.Asia.Asia*,894789.0,3181.5497968469554,4.0,1141.0
9583,1.0,895034.0,中国国际金融股份,0.9073222279548644,Q5099737,History_and_Society.Business_and_economics,895034.0,0.0,10.0,3142.0
9584,1.0,895034.0,中国国际金融股份,0.4063222279548645,Q5099737,Geography.Regions.Asia.Asia*,895034.0,0.0,10.0,3142.0
9585,1.0,895034.0,中国国际金融股份,0.2869412174224853,Q5099737,Geography.Regions.Asia.East_Asia,895034.0,0.0,10.0,3142.0
9586,6.0,895650.0,田中千绘,0.9966334104537964,Q706578,Culture.Biography.Biography*,895650.0,15421.019207786256,4.0,2317.0
9587,6.0,895650.0,田中千绘,0.6224693655967712,Q706578,Culture.Biography.Women,895650.0,15421.019207786256,4.0,2317.0
9588,6.0,895650.0,田中千绘,0.3660457601547241,Q706578,Geography.Regions.Asia.Asia*,895650.0,15421.019207786256,4.0,2317.0
9589,6.0,895650.0,田中千绘,0.3509628047943115,Q706578,Geography.Regions.Asia.East_Asia,895650.0,15421.019207786256,4.0,2317.0
9590,6.0,895650.0,田中千绘,0.10088862478733064,Q706578,Culture.Media.Media*,895650.0,15421.019207786256,4.0,2317.0
9591,5.0,896060.0,莫少聰,0.9949496984481812,Q6795030,Culture.Biography.Biography*,896060.0,8128.960221009373,4.0,2039.0
9592,5.0,896060.0,莫少聰,0.275139719247818,Q6795030,Culture.Media.Music,896060.0,8128.960221009373,4.0,2039.0
9593,5.0,896060.0,莫少聰,0.2509227991104126,Q6795030,Culture.Media.Media*,896060.0,8128.960221009373,4.0,2039.0
9594,5.0,896060.0,莫少聰,0.10667316818237303,Q6795030,Geography.Regions.Asia.Asia*,896060.0,8128.960221009373,4.0,2039.0
9595,5.0,896060.0,莫少聰,0.09167657995224,Q6795030,Geography.Regions.Asia.East_Asia,896060.0,8128.960221009373,4.0,2039.0
9596,5.0,897211.0,兩岸四地節假日列表,1.0,Q10891821,Compilation.List_Disambig,897211.0,10754.362590077497,11.0,2146.0
9597,5.0,897211.0,兩岸四地節假日列表,0.2227101624011993,Q10891821,STEM.STEM*,897211.0,10754.362590077497,11.0,2146.0
9598,5.0,897211.0,兩岸四地節假日列表,0.1259327530860901,Q10891821,Culture.Media.Media*,897211.0,10754.362590077497,11.0,2146.0
9599,5.0,897211.0,兩岸四地節假日列表,0.10088862478733064,Q10891821,Culture.Sports,897211.0,10754.362590077497,11.0,2146.0
9600,5.0,897211.0,兩岸四地節假日列表,0.0,Q10891821,Geography.Regions.Americas.North_America,897211.0,10754.362590077497,11.0,2146.0
9601,5.0,897211.0,兩岸四地節假日列表,0.0,Q10891821,Geography.Regions.Europe.Europe*,897211.0,10754.362590077497,11.0,2146.0
9602,5.0,897211.0,兩岸四地節假日列表,0.0,Q10891821,Geography.Regions.Asia.Asia*,897211.0,10754.362590077497,11.0,2146.0
9603,3.0,897578.0,中国运载火箭发射列表,1.0000100135803225,Q908448,STEM.Technology,897578.0,3949.5,10.0,2426.0
9604,3.0,897578.0,中国运载火箭发射列表,1.0000100135803225,Q908448,STEM.Space,897578.0,3949.5,10.0,2426.0
9605,3.0,897578.0,中国运载火箭发射列表,1.0,Q908448,Compilation.List_Disambig,897578.0,3949.5,10.0,2426.0
9606,3.0,897578.0,中国运载火箭发射列表,0.9996417164802552,Q908448,History_and_Society.Transportation,897578.0,3949.5,10.0,2426.0
9607,3.0,897578.0,中国运载火箭发射列表,0.9982553720474244,Q908448,STEM.STEM*,897578.0,3949.5,10.0,2426.0
9608,3.0,897578.0,中国运载火箭发射列表,0.0,Q908448,Geography.Regions.Americas.North_America,897578.0,3949.5,10.0,2426.0
9609,3.0,897578.0,中国运载火箭发射列表,0.0,Q908448,Geography.Regions.Europe.Europe*,897578.0,3949.5,10.0,2426.0
9610,3.0,897578.0,中国运载火箭发射列表,0.0,Q908448,Geography.Regions.Asia.East_Asia,897578.0,3949.5,10.0,2426.0
9611,5.0,899749.0,埃塞俄比亚帝国,0.9626831412315368,Q207521,History_and_Society.History,899749.0,12291.642992618785,0.0,2355.0
9612,5.0,899749.0,埃塞俄比亚帝国,0.3923194279670715,Q207521,Geography.Regions.Africa.Africa*,899749.0,12291.642992618785,0.0,2355.0
9613,5.0,899749.0,埃塞俄比亚帝国,0.11597072333097458,Q207521,History_and_Society.Society,899749.0,12291.642992618785,0.0,2355.0
9614,5.0,899749.0,埃塞俄比亚帝国,0.1097157895565033,Q207521,Culture.Philosophy_and_religion,899749.0,12291.642992618785,0.0,2355.0
9615,5.0,899749.0,埃塞俄比亚帝国,0.10667316818237303,Q207521,Geography.Regions.Africa.Eastern_Africa,899749.0,12291.642992618785,0.0,2355.0
9616,5.0,899749.0,埃塞俄比亚帝国,0.0,Q207521,Geography.Regions.Europe.Europe*,899749.0,12291.642992618785,0.0,2355.0
9617,5.0,899749.0,埃塞俄比亚帝国,0.0,Q207521,Geography.Regions.Asia.Asia*,899749.0,12291.642992618785,0.0,2355.0
9618,5.0,899749.0,埃塞俄比亚帝国,0.0,Q207521,Geography.Regions.Europe.Southern_Europe,899749.0,12291.642992618785,0.0,2355.0
9619,1.0,903762.0,荷蘭人,0.5544804334640503,Q200569,History_and_Society.Society,903762.0,0.0,1.0,1480.0
9620,1.0,903762.0,荷蘭人,0.20182321965694427,Q200569,History_and_Society.History,903762.0,0.0,1.0,1480.0
9621,1.0,903762.0,荷蘭人,0.0,Q200569,Geography.Regions.Europe.Europe*,903762.0,0.0,1.0,1480.0
9622,1.0,903762.0,荷蘭人,0.0,Q200569,Geography.Regions.Europe.Western_Europe,903762.0,0.0,1.0,1480.0
9623,5.0,903992.0,費利佩六世,0.9924327731132508,Q191045,Culture.Biography.Biography*,903992.0,4705.8592090290385,1.0,2347.0
9624,5.0,903992.0,費利佩六世,0.42531375789642334,Q191045,Geography.Regions.Europe.Southern_Europe,903992.0,4705.8592090290385,1.0,2347.0
9625,5.0,903992.0,費利佩六世,0.35867373847961426,Q191045,Geography.Regions.Europe.Europe*,903992.0,4705.8592090290385,1.0,2347.0
9626,5.0,903992.0,費利佩六世,0.16027602553367615,Q191045,History_and_Society.Military_and_warfare,903992.0,4705.8592090290385,1.0,2347.0
9627,5.0,903992.0,費利佩六世,0.13297423720359802,Q191045,History_and_Society.History,903992.0,4705.8592090290385,1.0,2347.0
9628,1.0,904390.0,李美慧,0.9755869507789612,Q18812469,Culture.Biography.Biography*,904390.0,0.0,7.0,1517.0
9629,1.0,904390.0,李美慧,0.287777841091156,Q18812469,Culture.Biography.Women,904390.0,0.0,7.0,1517.0
9630,1.0,904390.0,李美慧,0.17818872833251953,Q18812469,Geography.Regions.Asia.Asia*,904390.0,0.0,7.0,1517.0
9631,1.0,904390.0,李美慧,0.06118653917312623,Q18812469,Geography.Regions.Asia.East_Asia,904390.0,0.0,7.0,1517.0
9632,7.0,906857.0,陳煥昌,0.9724247455596924,Q9369367,Culture.Biography.Biography*,906857.0,2051.815059935637,12.0,1962.0
9633,7.0,906857.0,陳煥昌,0.2814156115055084,Q9369367,Culture.Media.Media*,906857.0,2051.815059935637,12.0,1962.0
9634,7.0,906857.0,陳煥昌,0.13661839067935946,Q9369367,Culture.Media.Music,906857.0,2051.815059935637,12.0,1962.0
9635,7.0,906857.0,陳煥昌,0.0,Q9369367,Geography.Regions.Europe.Europe*,906857.0,2051.815059935637,12.0,1962.0
9636,14.0,906963.0,畫皮 (2008年電影),0.966924011707306,Q51750,Culture.Media.Films,906963.0,67934.03298185633,12.0,2846.0
9637,14.0,906963.0,畫皮 (2008年電影),0.9553291201591492,Q51750,Culture.Media.Media*,906963.0,67934.03298185633,12.0,2846.0
9638,14.0,906963.0,畫皮 (2008年電影),0.4941046109199524,Q51750,Geography.Regions.Asia.East_Asia,906963.0,67934.03298185633,12.0,2846.0
9639,14.0,906963.0,畫皮 (2008年電影),0.4909480085372925,Q51750,Geography.Regions.Asia.Asia*,906963.0,67934.03298185633,12.0,2846.0
9640,2.0,907312.0,名偵探柯南：銀翼的奇術師,0.99593985080719,Q1195724,Culture.Visual_arts.Comics_and_Anime,907312.0,0.0,13.0,2573.0
9641,2.0,907312.0,名偵探柯南：銀翼的奇術師,0.9951046109199524,Q1195724,Culture.Literature,907312.0,0.0,13.0,2573.0
9642,2.0,907312.0,名偵探柯南：銀翼的奇術師,0.9899964332580566,Q1195724,Culture.Visual_arts.Visual_arts*,907312.0,0.0,13.0,2573.0
9643,2.0,907312.0,名偵探柯南：銀翼的奇術師,0.967909336090088,Q1195724,Culture.Media.Media*,907312.0,0.0,13.0,2573.0
9644,2.0,907312.0,名偵探柯南：銀翼的奇術師,0.9073222279548644,Q1195724,Culture.Media.Films,907312.0,0.0,13.0,2573.0
9645,2.0,907312.0,名偵探柯南：銀翼的奇術師,0.3257217874526977,Q1195724,Geography.Regions.Asia.East_Asia,907312.0,0.0,13.0,2573.0
9646,2.0,907312.0,名偵探柯南：銀翼的奇術師,0.2653036584854126,Q1195724,Geography.Regions.Asia.Asia*,907312.0,0.0,13.0,2573.0
9647,2.0,907609.0,恋空,0.9969346523284912,Q1196627,Culture.Literature,907609.0,2783.449301851028,9.0,4484.0
9648,2.0,907609.0,恋空,0.9304682612419128,Q1196627,Culture.Visual_arts.Comics_and_Anime,907609.0,2783.449301851028,9.0,4484.0
9649,2.0,907609.0,恋空,0.9019306898117064,Q1196627,Culture.Visual_arts.Visual_arts*,907609.0,2783.449301851028,9.0,4484.0
9650,2.0,907609.0,恋空,0.8774868249893188,Q1196627,Culture.Media.Media*,907609.0,2783.449301851028,9.0,4484.0
9651,2.0,907609.0,恋空,0.2120788097381592,Q1196627,Culture.Media.Books,907609.0,2783.449301851028,9.0,4484.0
9652,2.0,907609.0,恋空,0.0,Q1196627,Geography.Regions.Asia.Asia*,907609.0,2783.449301851028,9.0,4484.0
9653,2.0,907609.0,恋空,0.0,Q1196627,Geography.Regions.Asia.East_Asia,907609.0,2783.449301851028,9.0,4484.0
9654,11.0,910729.0,石英 (演員),0.9991269707679749,Q9043616,Culture.Biography.Biography*,910729.0,17570.628776613914,4.0,6061.0
9655,11.0,910729.0,石英 (演員),0.24217800998687744,Q9043616,Geography.Regions.Asia.East_Asia,910729.0,17570.628776613914,4.0,6061.0
9656,11.0,910729.0,石英 (演員),0.22388027811050412,Q9043616,Geography.Regions.Asia.Asia*,910729.0,17570.628776613914,4.0,6061.0
9657,11.0,910729.0,石英 (演員),0.18714269995689392,Q9043616,History_and_Society.Society,910729.0,17570.628776613914,4.0,6061.0
9658,6.0,911364.0,齐国,0.9836069941520692,Q837855,Geography.Regions.Asia.East_Asia,911364.0,12569.429730969056,15.0,2876.0
9659,6.0,911364.0,齐国,0.9263137578964232,Q837855,Geography.Regions.Asia.Asia*,911364.0,12569.429730969056,15.0,2876.0
9660,6.0,911364.0,齐国,0.8080772161483765,Q837855,History_and_Society.History,911364.0,12569.429730969056,15.0,2876.0
9661,4.0,911644.0,瑪麗莎·托梅,0.99593985080719,Q191828,Culture.Biography.Women,911644.0,4410.92844210847,6.0,1938.0
9662,4.0,911644.0,瑪麗莎·托梅,0.99567848443985,Q191828,Culture.Biography.Biography*,911644.0,4410.92844210847,6.0,1938.0
9663,4.0,911644.0,瑪麗莎·托梅,0.3548611869812012,Q191828,Geography.Regions.Americas.North_America,911644.0,4410.92844210847,6.0,1938.0
9664,4.0,911644.0,瑪麗莎·托梅,0.2120788097381592,Q191828,Culture.Media.Media*,911644.0,4410.92844210847,6.0,1938.0
9665,4.0,911644.0,瑪麗莎·托梅,0.12253321707248688,Q191828,Culture.Literature,911644.0,4410.92844210847,6.0,1938.0
9666,4.0,913820.0,达延汗,0.946606695652008,Q9304,Culture.Biography.Biography*,913820.0,5630.312785894073,13.0,1295.0
9667,4.0,913820.0,达延汗,0.4669093360900879,Q9304,Geography.Regions.Asia.Asia*,913820.0,5630.312785894073,13.0,1295.0
9668,4.0,913820.0,达延汗,0.43713401460647583,Q9304,Geography.Regions.Asia.East_Asia,913820.0,5630.312785894073,13.0,1295.0
9669,4.0,913820.0,达延汗,0.4225146472454071,Q9304,History_and_Society.Military_and_warfare,913820.0,5630.312785894073,13.0,1295.0
9670,4.0,913820.0,达延汗,0.3469777574539185,Q9304,Geography.Regions.Asia.Central_Asia,913820.0,5630.312785894073,13.0,1295.0
9671,4.0,913820.0,达延汗,0.1968362182378769,Q9304,History_and_Society.History,913820.0,5630.312785894073,13.0,1295.0
9672,3.0,915888.0,泰文字,0.9890230894088744,Q236376,Culture.Linguistics,915888.0,2238.4340253699474,1.0,2739.0
9673,3.0,915888.0,泰文字,0.0,Q236376,Geography.Regions.Asia.Asia*,915888.0,2238.4340253699474,1.0,2739.0
9674,3.0,915888.0,泰文字,0.0,Q236376,Geography.Regions.Asia.Southeast_Asia,915888.0,2238.4340253699474,1.0,2739.0
9675,3.0,915888.0,泰文字,0.0,Q236376,Geography.Regions.Asia.South_Asia,915888.0,2238.4340253699474,1.0,2739.0
9676,4.0,919269.0,狄以達,0.9304682612419128,Q4260686,Culture.Biography.Biography*,919269.0,1850.728720639646,12.0,2311.0
9677,4.0,919269.0,狄以達,0.4869562258720398,Q4260686,Geography.Regions.Asia.East_Asia,919269.0,1850.728720639646,12.0,2311.0
9678,4.0,919269.0,狄以達,0.478677677154541,Q4260686,Geography.Regions.Asia.Asia*,919269.0,1850.728720639646,12.0,2311.0
9679,4.0,919269.0,狄以達,0.287777841091156,Q4260686,Culture.Media.Music,919269.0,1850.728720639646,12.0,2311.0
9680,4.0,919269.0,狄以達,0.20182321965694427,Q4260686,Culture.Media.Media*,919269.0,1850.728720639646,12.0,2311.0
9681,19.0,919496.0,生化危機：惡化,0.9926641583442688,Q284042,Culture.Media.Media*,919496.0,40.58799236469674,9.0,2427.0
9682,19.0,919496.0,生化危機：惡化,0.9579222798347472,Q284042,Culture.Media.Films,919496.0,40.58799236469674,9.0,2427.0
9683,19.0,919496.0,生化危機：惡化,0.3998216390609741,Q284042,Culture.Media.Entertainment,919496.0,40.58799236469674,9.0,2427.0
9684,19.0,919496.0,生化危機：惡化,0.2814156115055084,Q284042,Culture.Visual_arts.Visual_arts*,919496.0,40.58799236469674,9.0,2427.0
9685,19.0,919496.0,生化危機：惡化,0.2227101624011993,Q284042,Culture.Visual_arts.Comics_and_Anime,919496.0,40.58799236469674,9.0,2427.0
9686,19.0,919496.0,生化危機：惡化,0.21734751760959625,Q284042,Culture.Literature,919496.0,40.58799236469674,9.0,2427.0
9687,19.0,919496.0,生化危機：惡化,0.2120788097381592,Q284042,Culture.Media.Video_games,919496.0,40.58799236469674,9.0,2427.0
9688,19.0,919496.0,生化危機：惡化,0.14805719256401062,Q284042,Culture.Internet_culture,919496.0,40.58799236469674,9.0,2427.0
9689,19.0,919496.0,生化危機：惡化,0.0,Q284042,Geography.Regions.Americas.North_America,919496.0,40.58799236469674,9.0,2427.0
9690,7.0,920734.0,米歇爾·奧巴馬,0.999506652355194,Q13133,Culture.Biography.Biography*,920734.0,15733.33926450855,3.0,2815.0
9691,7.0,920734.0,米歇爾·奧巴馬,0.9637899398803712,Q13133,Culture.Biography.Women,920734.0,15733.33926450855,3.0,2815.0
9692,7.0,920734.0,米歇爾·奧巴馬,0.4063222279548645,Q13133,Geography.Regions.Americas.North_America,920734.0,15733.33926450855,3.0,2815.0
9693,7.0,920734.0,米歇爾·奧巴馬,0.2509227991104126,Q13133,History_and_Society.Politics_and_government,920734.0,15733.33926450855,3.0,2815.0
9694,7.0,920734.0,米歇爾·奧巴馬,0.1732981950044632,Q13133,History_and_Society.History,920734.0,15733.33926450855,3.0,2815.0
9695,7.0,920734.0,米歇爾·奧巴馬,0.1259327530860901,Q13133,History_and_Society.Society,920734.0,15733.33926450855,3.0,2815.0
9696,7.0,920734.0,米歇爾·奧巴馬,0.1097157895565033,Q13133,Culture.Literature,920734.0,15733.33926450855,3.0,2815.0
9697,4.0,921396.0,李先鎬,0.98678719997406,Q486649,Culture.Biography.Biography*,921396.0,11136.415527742287,0.0,1694.0
9698,4.0,921396.0,李先鎬,0.5312193632125854,Q486649,Culture.Media.Music,921396.0,11136.415527742287,0.0,1694.0
9699,4.0,921396.0,李先鎬,0.5078218579292297,Q486649,Culture.Media.Media*,921396.0,11136.415527742287,0.0,1694.0
9700,4.0,921396.0,李先鎬,0.4423575868606568,Q486649,Geography.Regions.Asia.East_Asia,921396.0,11136.415527742287,0.0,1694.0
9701,4.0,921396.0,李先鎬,0.42531375789642334,Q486649,Geography.Regions.Asia.Asia*,921396.0,11136.415527742287,0.0,1694.0
9702,4.0,921677.0,美国总统选举,0.754925012588501,Q47566,History_and_Society.Politics_and_government,921677.0,3915.986589503199,5.0,2797.0
9703,4.0,921677.0,美国总统选举,0.35867373847961426,Q47566,Geography.Regions.Americas.North_America,921677.0,3915.986589503199,5.0,2797.0
9704,1.0,921921.0,濱口優,0.9931061863899232,Q6782643,Culture.Biography.Biography*,921921.0,0.0,13.0,2151.0
9705,1.0,921921.0,濱口優,0.311877357006073,Q6782643,Geography.Regions.Asia.East_Asia,921921.0,0.0,13.0,2151.0
9706,1.0,921921.0,濱口優,0.2942249774932861,Q6782643,Culture.Media.Media*,921921.0,0.0,13.0,2151.0
9707,1.0,921921.0,濱口優,0.17818872833251953,Q6782643,Geography.Regions.Asia.Asia*,921921.0,0.0,13.0,2151.0
9708,1.0,921921.0,濱口優,0.1520422399044037,Q6782643,Culture.Media.Entertainment,921921.0,0.0,13.0,2151.0
9709,7.0,922046.0,武狀元蘇乞兒,0.9855064153671264,Q6412210,Culture.Media.Media*,922046.0,16147.902623058486,12.0,2760.0
9710,7.0,922046.0,武狀元蘇乞兒,0.9173126816749572,Q6412210,Culture.Media.Films,922046.0,16147.902623058486,12.0,2760.0
9711,7.0,922046.0,武狀元蘇乞兒,0.4760326614379883,Q6412210,Geography.Regions.Asia.East_Asia,922046.0,16147.902623058486,12.0,2760.0
9712,7.0,922046.0,武狀元蘇乞兒,0.4515841474533081,Q6412210,Geography.Regions.Asia.Asia*,922046.0,16147.902623058486,12.0,2760.0
9713,1.0,922377.0,香港測量師學會,0.9886782765388488,Q16924278,Geography.Regions.Asia.East_Asia,922377.0,0.0,3.0,1901.0
9714,1.0,922377.0,香港測量師學會,0.9344051480293274,Q16924278,Geography.Regions.Asia.Asia*,922377.0,0.0,3.0,1901.0
9715,1.0,922377.0,香港測量師學會,0.3557848632335663,Q16924278,History_and_Society.Education,922377.0,0.0,3.0,1901.0
9716,1.0,922377.0,香港測量師學會,0.275139719247818,Q16924278,STEM.STEM*,922377.0,0.0,3.0,1901.0
9717,1.0,922377.0,香港測量師學會,0.2227101624011993,Q16924278,History_and_Society.Business_and_economics,922377.0,0.0,3.0,1901.0
9718,1.0,922377.0,香港測量師學會,0.1778208613395691,Q16924278,STEM.Medicine_&_Health,922377.0,0.0,3.0,1901.0
9719,5.0,922480.0,情聖,0.946606695652008,Q7749583,Culture.Media.Media*,922480.0,7997.033506513117,12.0,2130.0
9720,5.0,922480.0,情聖,0.9304682612419128,Q7749583,Culture.Media.Films,922480.0,7997.033506513117,12.0,2130.0
9721,5.0,922480.0,情聖,0.4849463572502136,Q7749583,Geography.Regions.Asia.East_Asia,922480.0,7997.033506513117,12.0,2130.0
9722,5.0,922480.0,情聖,0.4687954058647156,Q7749583,Geography.Regions.Asia.Asia*,922480.0,7997.033506513117,12.0,2130.0
9723,6.0,924416.0,鑽石王牌,0.999506652355194,Q1139963,Culture.Visual_arts.Comics_and_Anime,924416.0,6204.591604358555,13.0,21187.0
9724,6.0,924416.0,鑽石王牌,0.9992306232452391,Q1139963,Culture.Visual_arts.Visual_arts*,924416.0,6204.591604358555,13.0,21187.0
9725,6.0,924416.0,鑽石王牌,0.997894287109375,Q1139963,Culture.Literature,924416.0,6204.591604358555,13.0,21187.0
9726,6.0,924416.0,鑽石王牌,0.2120788097381592,Q1139963,Culture.Sports,924416.0,6204.591604358555,13.0,21187.0
9727,3.0,927734.0,龍方,0.9958112239837646,Q6704261,Culture.Biography.Biography*,927734.0,2602.5276368941877,4.0,2100.0
9728,3.0,927734.0,龍方,0.4294682612419128,Q6704261,Geography.Regions.Asia.East_Asia,927734.0,2602.5276368941877,4.0,2100.0
9729,3.0,927734.0,龍方,0.4231518378257752,Q6704261,Geography.Regions.Asia.Asia*,927734.0,2602.5276368941877,4.0,2100.0
9730,3.0,929360.0,大元帅,0.9496793746948242,Q191079,History_and_Society.Military_and_warfare,929360.0,1302.011911877547,5.0,2194.0
9731,3.0,929360.0,大元帅,0.13661839067935946,Q191079,History_and_Society.Society,929360.0,1302.011911877547,5.0,2194.0
9732,3.0,929360.0,大元帅,0.0,Q191079,Geography.Regions.Europe.Europe*,929360.0,1302.011911877547,5.0,2194.0
9733,3.0,929360.0,大元帅,0.0,Q191079,Geography.Regions.Asia.Asia*,929360.0,1302.011911877547,5.0,2194.0
9734,3.0,929360.0,大元帅,0.0,Q191079,Geography.Regions.Europe.Eastern_Europe,929360.0,1302.011911877547,5.0,2194.0
9735,3.0,929360.0,大元帅,0.0,Q191079,Geography.Regions.Europe.Western_Europe,929360.0,1302.011911877547,5.0,2194.0
9736,6.0,929794.0,中華民國空軍軍備,1.0000100135803225,Q10876428,Culture.Biography.Biography*,929794.0,1818.3980097213207,5.0,12818.0
9737,6.0,929794.0,中華民國空軍軍備,1.0000100135803225,Q10876428,History_and_Society.Society,929794.0,1818.3980097213207,5.0,12818.0
9738,6.0,929794.0,中華民國空軍軍備,0.4990100135803223,Q10876428,Geography.Regions.Asia.East_Asia,929794.0,1818.3980097213207,5.0,12818.0
9739,6.0,929794.0,中華民國空軍軍備,0.4990100135803223,Q10876428,Geography.Regions.Asia.Asia*,929794.0,1818.3980097213207,5.0,12818.0
9740,6.0,929794.0,中華民國空軍軍備,0.4843900501728058,Q10876428,STEM.STEM*,929794.0,1818.3980097213207,5.0,12818.0
9741,6.0,929794.0,中華民國空軍軍備,0.40734341740608215,Q10876428,STEM.Earth_and_environment,929794.0,1818.3980097213207,5.0,12818.0
9742,6.0,929794.0,中華民國空軍軍備,0.2509227991104126,Q10876428,History_and_Society.Politics_and_government,929794.0,1818.3980097213207,5.0,12818.0
9743,6.0,929794.0,中華民國空軍軍備,0.24509501457214355,Q10876428,Culture.Visual_arts.Architecture,929794.0,1818.3980097213207,5.0,12818.0
9744,6.0,929794.0,中華民國空軍軍備,0.21734751760959625,Q10876428,History_and_Society.Business_and_economics,929794.0,1818.3980097213207,5.0,12818.0
9745,6.0,929794.0,中華民國空軍軍備,0.2069040536880493,Q10876428,History_and_Society.Education,929794.0,1818.3980097213207,5.0,12818.0
9746,6.0,929794.0,中華民國空軍軍備,0.19194278120994568,Q10876428,Culture.Media.Television,929794.0,1818.3980097213207,5.0,12818.0
9747,6.0,929794.0,中華民國空軍軍備,0.1732981950044632,Q10876428,Culture.Visual_arts.Visual_arts*,929794.0,1818.3980097213207,5.0,12818.0
9748,6.0,929794.0,中華民國空軍軍備,0.16027602553367615,Q10876428,Culture.Media.Media*,929794.0,1818.3980097213207,5.0,12818.0
9749,9.0,931544.0,何世光,0.9755869507789612,Q7486104,Culture.Biography.Biography*,931544.0,7675.9991341728455,2.0,1384.0
9750,9.0,931544.0,何世光,0.3923194279670715,Q7486104,Geography.Regions.Asia.East_Asia,931544.0,7675.9991341728455,2.0,1384.0
9751,9.0,931544.0,何世光,0.38492217659950256,Q7486104,History_and_Society.History,931544.0,7675.9991341728455,2.0,1384.0
9752,9.0,931544.0,何世光,0.38304929637908935,Q7486104,Geography.Regions.Asia.Asia*,931544.0,7675.9991341728455,2.0,1384.0
9753,9.0,931544.0,何世光,0.13297423720359802,Q7486104,History_and_Society.Business_and_economics,931544.0,7675.9991341728455,2.0,1384.0
9754,9.0,931544.0,何世光,0.11597072333097458,Q7486104,Culture.Philosophy_and_religion,931544.0,7675.9991341728455,2.0,1384.0
9755,9.0,931544.0,何世光,0.1097157895565033,Q7486104,Culture.Sports,931544.0,7675.9991341728455,2.0,1384.0
9756,9.0,931544.0,何世光,0.1097157895565033,Q7486104,Culture.Media.Media*,931544.0,7675.9991341728455,2.0,1384.0
9757,9.0,931544.0,何世光,0.0,Q7486104,Geography.Regions.Europe.Europe*,931544.0,7675.9991341728455,2.0,1384.0
9758,9.0,931544.0,何世光,0.0,Q7486104,Geography.Regions.Europe.Northern_Europe,931544.0,7675.9991341728455,2.0,1384.0
9759,1.0,931983.0,凱蒂·佩芮,0.9983615279197692,Q42493,Culture.Biography.Biography*,931983.0,0.0,6.0,4336.0
9760,1.0,931983.0,凱蒂·佩芮,0.9073222279548644,Q42493,Culture.Media.Media*,931983.0,0.0,6.0,4336.0
9761,1.0,931983.0,凱蒂·佩芮,0.8991314172744751,Q42493,Culture.Biography.Women,931983.0,0.0,6.0,4336.0
9762,1.0,931983.0,凱蒂·佩芮,0.7879412174224854,Q42493,Culture.Media.Music,931983.0,0.0,6.0,4336.0
9763,1.0,931983.0,凱蒂·佩芮,0.22388027811050412,Q42493,Geography.Regions.Americas.North_America,931983.0,0.0,6.0,4336.0
9764,1.0,931983.0,凱蒂·佩芮,0.2069040536880493,Q42493,History_and_Society.Society,931983.0,0.0,6.0,4336.0
9765,1.0,931983.0,凱蒂·佩芮,0.0,Q42493,Geography.Regions.Europe.Europe*,931983.0,0.0,6.0,4336.0
9766,1.0,931983.0,凱蒂·佩芮,0.0,Q42493,Geography.Regions.Europe.Northern_Europe,931983.0,0.0,6.0,4336.0
9767,7.0,932595.0,2008年孟買連環恐怖襲擊,0.8670457601547241,Q76421,History_and_Society.Politics_and_government,932595.0,12687.349584882419,1.0,6989.0
9768,7.0,932595.0,2008年孟買連環恐怖襲擊,0.7931159734725952,Q76421,Geography.Regions.Asia.Asia*,932595.0,12687.349584882419,1.0,6989.0
9769,7.0,932595.0,2008年孟買連環恐怖襲擊,0.6076731681823729,Q76421,Culture.Philosophy_and_religion,932595.0,12687.349584882419,1.0,6989.0
9770,7.0,932595.0,2008年孟買連環恐怖襲擊,0.546748161315918,Q76421,Geography.Regions.Asia.South_Asia,932595.0,12687.349584882419,1.0,6989.0
9771,7.0,932595.0,2008年孟買連環恐怖襲擊,0.1778208613395691,Q76421,STEM.STEM*,932595.0,12687.349584882419,1.0,6989.0
9772,7.0,932595.0,2008年孟買連環恐怖襲擊,0.14415885508060455,Q76421,History_and_Society.Military_and_warfare,932595.0,12687.349584882419,1.0,6989.0
9773,7.0,932595.0,2008年孟買連環恐怖襲擊,0.12253321707248688,Q76421,Geography.Regions.Europe.Europe*,932595.0,12687.349584882419,1.0,6989.0
9774,7.0,932595.0,2008年孟買連環恐怖襲擊,0.11921291798353195,Q76421,History_and_Society.Society,932595.0,12687.349584882419,1.0,6989.0
9775,3.0,932830.0,黃香蓮,0.9626831412315368,Q8969197,Culture.Biography.Biography*,932830.0,3942.0,11.0,1670.0
9776,3.0,932830.0,黃香蓮,0.18495945835113525,Q8969197,Geography.Regions.Asia.Asia*,932830.0,3942.0,11.0,1670.0
9777,3.0,932830.0,黃香蓮,0.1824355274438858,Q8969197,Culture.Biography.Women,932830.0,3942.0,11.0,1670.0
9778,3.0,932830.0,黃香蓮,0.08411114120483397,Q8969197,Geography.Regions.Asia.East_Asia,932830.0,3942.0,11.0,1670.0
9779,3.0,932830.0,黃香蓮,0.0,Q8969197,Geography.Regions.Asia.Southeast_Asia,932830.0,3942.0,11.0,1670.0
9780,1.0,933399.0,麗頓·麥斯達,0.9990094900131226,Q199931,Culture.Biography.Biography*,933399.0,0.0,1.0,1915.0
9781,1.0,933399.0,麗頓·麥斯達,0.9046605229377748,Q199931,Culture.Biography.Women,933399.0,0.0,1.0,1915.0
9782,1.0,933399.0,麗頓·麥斯達,0.26285186409950256,Q199931,Culture.Media.Media*,933399.0,0.0,1.0,1915.0
9783,1.0,933399.0,麗頓·麥斯達,0.16027602553367615,Q199931,Culture.Media.Television,933399.0,0.0,1.0,1915.0
9784,1.0,933399.0,麗頓·麥斯達,0.14805719256401062,Q199931,Culture.Media.Music,933399.0,0.0,1.0,1915.0
9785,1.0,933399.0,麗頓·麥斯達,0.08411114120483397,Q199931,Geography.Regions.Americas.North_America,933399.0,0.0,1.0,1915.0
9786,1.0,934353.0,沃维汉,0.9984121918678284,Q900730,Culture.Biography.Biography*,934353.0,0.0,2.0,1901.0
9787,1.0,934353.0,沃维汉,0.14323513412475586,Q900730,Geography.Regions.Asia.Asia*,934353.0,0.0,2.0,1901.0
9788,1.0,934353.0,沃维汉,0.1067005917429924,Q900730,STEM.Biology,934353.0,0.0,2.0,1901.0
9789,1.0,934353.0,沃维汉,0.0,Q900730,Geography.Regions.Asia.East_Asia,934353.0,0.0,2.0,1901.0
9790,1.0,934353.0,沃维汉,0.0,Q900730,Geography.Regions.Americas.North_America,934353.0,0.0,2.0,1901.0
9791,1.0,934353.0,沃维汉,0.0,Q900730,Geography.Regions.Europe.Europe*,934353.0,0.0,2.0,1901.0
9792,4.0,937252.0,大甲媽祖遶境進香,0.984585464000702,Q10936918,History_and_Society.Society,937252.0,2524.2527277484314,4.0,2586.0
9793,4.0,937252.0,大甲媽祖遶境進香,0.9796776771545409,Q10936918,Culture.Biography.Biography*,937252.0,2524.2527277484314,4.0,2586.0
9794,4.0,937252.0,大甲媽祖遶境進香,0.4274188151359558,Q10936918,Geography.Regions.Asia.Asia*,937252.0,2524.2527277484314,4.0,2586.0
9795,4.0,937252.0,大甲媽祖遶境進香,0.3548611869812012,Q10936918,Geography.Regions.Asia.East_Asia,937252.0,2524.2527277484314,4.0,2586.0
9796,4.0,937252.0,大甲媽祖遶境進香,0.1824355274438858,Q10936918,STEM.STEM*,937252.0,2524.2527277484314,4.0,2586.0
9797,1.0,940298.0,死亡預告,1.0000100135803225,Q960347,Culture.Literature,940298.0,0.0,13.0,4474.0
9798,1.0,940298.0,死亡預告,1.0000100135803225,Q960347,Culture.Visual_arts.Comics_and_Anime,940298.0,0.0,13.0,4474.0
9799,1.0,940298.0,死亡預告,1.0000100135803225,Q960347,Culture.Visual_arts.Visual_arts*,940298.0,0.0,13.0,4474.0
9800,1.0,940298.0,死亡預告,0.16886694729328156,Q960347,Culture.Media.Media*,940298.0,0.0,13.0,4474.0
9801,5.0,942766.0,奇幻逆緣,0.9951046109199524,Q183239,Culture.Media.Films,942766.0,19397.24013952005,6.0,4935.0
9802,5.0,942766.0,奇幻逆緣,0.9871888160705566,Q183239,Culture.Media.Media*,942766.0,19397.24013952005,6.0,4935.0
9803,5.0,942766.0,奇幻逆緣,0.053480433464050285,Q183239,Geography.Regions.Americas.North_America,942766.0,19397.24013952005,6.0,4935.0
9804,6.0,943133.0,時報周刊,0.1732981950044632,Q11089214,STEM.STEM*,943133.0,17803.724182136593,2.0,2214.0
9805,6.0,943133.0,時報周刊,0.16027602553367615,Q11089214,History_and_Society.Business_and_economics,943133.0,17803.724182136593,2.0,2214.0
9806,6.0,943133.0,時報周刊,0.1520422399044037,Q11089214,Culture.Media.Media*,943133.0,17803.724182136593,2.0,2214.0
9807,6.0,943133.0,時報周刊,0.0,Q11089214,Geography.Regions.Americas.North_America,943133.0,17803.724182136593,2.0,2214.0
9808,6.0,943133.0,時報周刊,0.0,Q11089214,Geography.Regions.Asia.Asia*,943133.0,17803.724182136593,2.0,2214.0
9809,1.0,943597.0,青山學院大學,0.9553291201591492,Q616359,History_and_Society.Education,943597.0,0.0,13.0,1324.0
9810,1.0,943597.0,青山學院大學,0.9416641592979432,Q616359,Geography.Regions.Asia.Asia*,943597.0,0.0,13.0,1324.0
9811,1.0,943597.0,青山學院大學,0.9399233460426332,Q616359,Geography.Regions.Asia.East_Asia,943597.0,0.0,13.0,1324.0
9812,1.0,943597.0,青山學院大學,0.11921291798353195,Q616359,Culture.Biography.Biography*,943597.0,0.0,13.0,1324.0
9813,5.0,944845.0,金超群,1.0000100135803225,Q704107,Culture.Biography.Biography*,944845.0,11053.404796047676,4.0,3131.0
9814,5.0,944845.0,金超群,0.9615437984466552,Q704107,History_and_Society.Society,944845.0,11053.404796047676,4.0,3131.0
9815,5.0,944845.0,金超群,0.4904325475692749,Q704107,Geography.Regions.Asia.East_Asia,944845.0,11053.404796047676,4.0,3131.0
9816,5.0,944845.0,金超群,0.4826069941520691,Q704107,Geography.Regions.Asia.Asia*,944845.0,11053.404796047676,4.0,3131.0
9817,5.0,944845.0,金超群,0.24509501457214355,Q704107,Culture.Media.Music,944845.0,11053.404796047676,4.0,3131.0
9818,5.0,944845.0,金超群,0.1778208613395691,Q704107,Culture.Media.Media*,944845.0,11053.404796047676,4.0,3131.0
9819,1.0,945068.0,許志豪,0.9626831412315368,Q9044247,Culture.Biography.Biography*,945068.0,0.0,4.0,1263.0
9820,1.0,945068.0,許志豪,0.18495945835113525,Q9044247,Geography.Regions.Asia.Asia*,945068.0,0.0,4.0,1263.0
9821,1.0,945068.0,許志豪,0.0,Q9044247,Geography.Regions.Asia.East_Asia,945068.0,0.0,4.0,1263.0
9822,15.0,945543.0,伊藤步,0.9949496984481812,Q1197179,Culture.Biography.Biography*,945543.0,23275.78622519,13.0,5097.0
9823,15.0,945543.0,伊藤步,0.5775054097175598,Q1197179,Culture.Visual_arts.Comics_and_Anime,945543.0,23275.78622519,13.0,5097.0
9824,15.0,945543.0,伊藤步,0.5544804334640503,Q1197179,Culture.Visual_arts.Visual_arts*,945543.0,23275.78622519,13.0,5097.0
9825,15.0,945543.0,伊藤步,0.4532718360424042,Q1197179,Culture.Literature,945543.0,23275.78622519,13.0,5097.0
9826,15.0,945543.0,伊藤步,0.4301573634147644,Q1197179,Culture.Biography.Women,945543.0,23275.78622519,13.0,5097.0
9827,15.0,945543.0,伊藤步,0.0,Q1197179,Geography.Regions.Asia.Asia*,945543.0,23275.78622519,13.0,5097.0
9828,15.0,945543.0,伊藤步,0.0,Q1197179,Geography.Regions.Asia.East_Asia,945543.0,23275.78622519,13.0,5097.0
9829,2.0,946674.0,金敏俊,0.9919480085372924,Q490425,Culture.Biography.Biography*,946674.0,3942.0,0.0,3864.0
9830,2.0,946674.0,金敏俊,0.03021936321258545,Q490425,Geography.Regions.Asia.Asia*,946674.0,3942.0,0.0,3864.0
9831,2.0,946674.0,金敏俊,0.0,Q490425,Geography.Regions.Asia.East_Asia,946674.0,3942.0,0.0,3864.0
9832,1.0,947921.0,黑色情人节,0.4352950325012207,Q491744,Geography.Regions.Asia.Asia*,947921.0,0.0,11.0,13751.0
9833,1.0,947921.0,黑色情人节,0.3070772161483765,Q491744,Geography.Regions.Asia.East_Asia,947921.0,0.0,11.0,13751.0
9834,1.0,947921.0,黑色情人节,0.16886694729328156,Q491744,Culture.Philosophy_and_religion,947921.0,0.0,11.0,13751.0
9835,8.0,948554.0,中山美穗,0.9863731861114502,Q1318594,Culture.Biography.Biography*,948554.0,40433.26023123283,13.0,3209.0
9836,8.0,948554.0,中山美穗,0.5621865391731262,Q1318594,Culture.Biography.Women,948554.0,40433.26023123283,13.0,3209.0
9837,8.0,948554.0,中山美穗,0.37980710172653204,Q1318594,Geography.Regions.Asia.East_Asia,948554.0,40433.26023123283,13.0,3209.0
9838,8.0,948554.0,中山美穗,0.3548611869812012,Q1318594,Geography.Regions.Asia.Asia*,948554.0,40433.26023123283,13.0,3209.0
9839,8.0,948554.0,中山美穗,0.2568419873714447,Q1318594,Culture.Media.Music,948554.0,40433.26023123283,13.0,3209.0
9840,8.0,948554.0,中山美穗,0.19194278120994568,Q1318594,Culture.Media.Media*,948554.0,40433.26023123283,13.0,3209.0
9841,8.0,948554.0,中山美穗,0.11280541121959685,Q1318594,Culture.Visual_arts.Visual_arts*,948554.0,40433.26023123283,13.0,3209.0
9842,19.0,948613.0,瑞貝卡·錢伯斯,0.9637899398803712,Q1340530,Culture.Literature,948613.0,40.58799236469674,9.0,3760.0
9843,19.0,948613.0,瑞貝卡·錢伯斯,0.9481645226478576,Q1340530,Culture.Media.Video_games,948613.0,40.58799236469674,9.0,3760.0
9844,19.0,948613.0,瑞貝卡·錢伯斯,0.8840492963790894,Q1340530,Culture.Internet_culture,948613.0,40.58799236469674,9.0,3760.0
9845,19.0,948613.0,瑞貝卡·錢伯斯,0.8519628047943115,Q1340530,Culture.Media.Media*,948613.0,40.58799236469674,9.0,3760.0
9846,2.0,950063.0,精灵宝可梦剧场版：梦幻与波导的勇者 路卡利欧,0.994098961353302,Q890720,Culture.Visual_arts.Comics_and_Anime,950063.0,13206.738617339284,13.0,1055.0
9847,2.0,950063.0,精灵宝可梦剧场版：梦幻与波导的勇者 路卡利欧,0.9914325475692748,Q890720,Culture.Visual_arts.Visual_arts*,950063.0,13206.738617339284,13.0,1055.0
9848,2.0,950063.0,精灵宝可梦剧场版：梦幻与波导的勇者 路卡利欧,0.9836069941520692,Q890720,Culture.Literature,950063.0,13206.738617339284,13.0,1055.0
9849,2.0,950063.0,精灵宝可梦剧场版：梦幻与波导的勇者 路卡利欧,0.9697954058647156,Q890720,Culture.Media.Media*,950063.0,13206.738617339284,13.0,1055.0
9850,2.0,950063.0,精灵宝可梦剧场版：梦幻与波导的勇者 路卡利欧,0.9344051480293274,Q890720,Culture.Media.Films,950063.0,13206.738617339284,13.0,1055.0
9851,2.0,950063.0,精灵宝可梦剧场版：梦幻与波导的勇者 路卡利欧,0.3923194279670715,Q890720,Geography.Regions.Asia.Asia*,950063.0,13206.738617339284,13.0,1055.0
9852,2.0,950063.0,精灵宝可梦剧场版：梦幻与波导的勇者 路卡利欧,0.3923194279670715,Q890720,Geography.Regions.Asia.East_Asia,950063.0,13206.738617339284,13.0,1055.0
9853,1.0,950374.0,千葉道德,0.9783946871757508,Q9114882,Culture.Biography.Biography*,950374.0,0.0,13.0,1011.0
9854,1.0,950374.0,千葉道德,0.0,Q9114882,Geography.Regions.Asia.Asia*,950374.0,0.0,13.0,1011.0
9855,5.0,950440.0,各国人口预期寿命列表,1.0,Q842790,Compilation.List_Disambig,950440.0,1703.110635141131,10.0,3163.0
9856,5.0,950440.0,各国人口预期寿命列表,0.287777841091156,Q842790,History_and_Society.Society,950440.0,1703.110635141131,10.0,3163.0
9857,5.0,950440.0,各国人口预期寿命列表,0.18714269995689392,Q842790,History_and_Society.Business_and_economics,950440.0,1703.110635141131,10.0,3163.0
9858,5.0,950440.0,各国人口预期寿命列表,0.16886694729328156,Q842790,STEM.STEM*,950440.0,1703.110635141131,10.0,3163.0
9859,5.0,950440.0,各国人口预期寿命列表,0.0,Q842790,Geography.Geographical,950440.0,1703.110635141131,10.0,3163.0
9860,13.0,950900.0,雪歌妮·薇佛,0.9984612464904784,Q102124,Culture.Biography.Biography*,950900.0,14022.573945592105,6.0,1893.0
9861,13.0,950900.0,雪歌妮·薇佛,0.9935217499732972,Q102124,Culture.Biography.Women,950900.0,14022.573945592105,6.0,1893.0
9862,13.0,950900.0,雪歌妮·薇佛,0.2047950496673584,Q102124,Geography.Regions.Americas.North_America,950900.0,14022.573945592105,6.0,1893.0
9863,13.0,950900.0,雪歌妮·薇佛,0.20182321965694427,Q102124,Culture.Media.Media*,950900.0,14022.573945592105,6.0,1893.0
9864,13.0,950900.0,雪歌妮·薇佛,0.20182321965694427,Q102124,Culture.Literature,950900.0,14022.573945592105,6.0,1893.0
9865,13.0,950900.0,雪歌妮·薇佛,0.1778208613395691,Q102124,History_and_Society.History,950900.0,14022.573945592105,6.0,1893.0
9866,13.0,950900.0,雪歌妮·薇佛,0.1097157895565033,Q102124,History_and_Society.Society,950900.0,14022.573945592105,6.0,1893.0
9867,4.0,953177.0,孔令傑,1.0000100135803225,Q10944214,Culture.Biography.Biography*,953177.0,272.9206820498058,5.0,1641.0
9868,4.0,953177.0,孔令傑,0.4767238368988037,Q10944214,Geography.Regions.Asia.East_Asia,953177.0,272.9206820498058,5.0,1641.0
9869,4.0,953177.0,孔令傑,0.4515841474533081,Q10944214,Geography.Regions.Asia.Asia*,953177.0,272.9206820498058,5.0,1641.0
9870,4.0,953177.0,孔令傑,0.287777841091156,Q10944214,Culture.Visual_arts.Visual_arts*,953177.0,272.9206820498058,5.0,1641.0
9871,4.0,953177.0,孔令傑,0.16027602553367615,Q10944214,History_and_Society.Society,953177.0,272.9206820498058,5.0,1641.0
9872,2.0,954100.0,哈利·喬·奧斯蒙,0.9990989565849304,Q489856,Culture.Biography.Biography*,954100.0,14.733781411021642,6.0,2431.0
9873,2.0,954100.0,哈利·喬·奧斯蒙,0.348655104637146,Q489856,Culture.Media.Media*,954100.0,14.733781411021642,6.0,2431.0
9874,2.0,954100.0,哈利·喬·奧斯蒙,0.11921291798353195,Q489856,Culture.Performing_arts,954100.0,14.733781411021642,6.0,2431.0
9875,2.0,954100.0,哈利·喬·奧斯蒙,0.11280541121959685,Q489856,Culture.Media.Television,954100.0,14.733781411021642,6.0,2431.0
9876,2.0,954100.0,哈利·喬·奧斯蒙,0.053480433464050285,Q489856,Geography.Regions.Americas.North_America,954100.0,14.733781411021642,6.0,2431.0
9877,4.0,955630.0,美国海军部长,0.5234303474426271,Q940135,History_and_Society.Military_and_warfare,955630.0,18390.15372630893,17.0,3676.0
9878,4.0,955630.0,美国海军部长,0.1294127255678177,Q940135,Culture.Biography.Biography*,955630.0,18390.15372630893,17.0,3676.0
9879,4.0,955630.0,美国海军部长,0.11280541121959685,Q940135,History_and_Society.Politics_and_government,955630.0,18390.15372630893,17.0,3676.0
9880,4.0,955630.0,美国海军部长,0.0,Q940135,Geography.Regions.Americas.North_America,955630.0,18390.15372630893,17.0,3676.0
9881,9.0,958389.0,余男,0.9990989565849304,Q267026,Culture.Biography.Biography*,958389.0,28731.116591545786,12.0,2082.0
9882,9.0,958389.0,余男,0.9124462008476256,Q267026,Culture.Biography.Women,958389.0,28731.116591545786,12.0,2082.0
9883,9.0,958389.0,余男,0.29719679260253906,Q267026,Geography.Regions.Asia.East_Asia,958389.0,28731.116591545786,12.0,2082.0
9884,9.0,958389.0,余男,0.12146936559677125,Q267026,Geography.Regions.Asia.Asia*,958389.0,28731.116591545786,12.0,2082.0
9885,3.0,958987.0,襲警罪,0.2942249774932861,Q10517389,STEM.STEM*,958987.0,1315.1981322693366,3.0,1189.0
9886,3.0,958987.0,襲警罪,0.0,Q10517389,Geography.Regions.Asia.Asia*,958987.0,1315.1981322693366,3.0,1189.0
9887,3.0,958987.0,襲警罪,0.0,Q10517389,Geography.Regions.Americas.North_America,958987.0,1315.1981322693366,3.0,1189.0
9888,3.0,958987.0,襲警罪,0.0,Q10517389,Geography.Regions.Europe.Europe*,958987.0,1315.1981322693366,3.0,1189.0
9889,19.0,961694.0,生化危機0,1.0000100135803225,Q1056069,Culture.Media.Video_games,961694.0,40.58799236469674,9.0,4562.0
9890,19.0,961694.0,生化危機0,1.0000100135803225,Q1056069,Culture.Internet_culture,961694.0,40.58799236469674,9.0,4562.0
9891,19.0,961694.0,生化危機0,0.999506652355194,Q1056069,Culture.Media.Media*,961694.0,40.58799236469674,9.0,4562.0
9892,4.0,961957.0,抓狂一族,1.0000100135803225,Q865699,Culture.Visual_arts.Comics_and_Anime,961957.0,5532.719838118215,16.0,2646.0
9893,4.0,961957.0,抓狂一族,0.9996300339698792,Q865699,Culture.Literature,961957.0,5532.719838118215,16.0,2646.0
9894,4.0,961957.0,抓狂一族,0.9994397163391112,Q865699,Culture.Visual_arts.Visual_arts*,961957.0,5532.719838118215,16.0,2646.0
9895,4.0,961957.0,抓狂一族,0.19194278120994568,Q865699,Culture.Media.Media*,961957.0,5532.719838118215,16.0,2646.0
9896,3.0,965910.0,金玉滿堂 (1995年電影),0.9814634323120116,Q1018729,Culture.Media.Media*,965910.0,3982.390748718922,12.0,1782.0
9897,3.0,965910.0,金玉滿堂 (1995年電影),0.9796776771545409,Q1018729,Culture.Media.Films,965910.0,3982.390748718922,12.0,1782.0
9898,3.0,965910.0,金玉滿堂 (1995年電影),0.4798859825134277,Q1018729,Geography.Regions.Asia.Asia*,965910.0,3982.390748718922,12.0,1782.0
9899,3.0,965910.0,金玉滿堂 (1995年電影),0.4722507467269898,Q1018729,Geography.Regions.Asia.East_Asia,965910.0,3982.390748718922,12.0,1782.0
9900,2.0,966749.0,沈世朋,0.9955416321754456,Q9303020,Culture.Biography.Biography*,966749.0,3942.0,4.0,3246.0
9901,2.0,966749.0,沈世朋,0.2653036584854126,Q9303020,Geography.Regions.Asia.Asia*,966749.0,3942.0,4.0,3246.0
9902,2.0,966749.0,沈世朋,0.03021936321258545,Q9303020,Geography.Regions.Asia.East_Asia,966749.0,3942.0,4.0,3246.0
9903,5.0,967445.0,深圳地铁6号线,0.7122421860694885,Q6119435,History_and_Society.Transportation,967445.0,4993.745195137467,10.0,1413.0
9904,5.0,967445.0,深圳地铁6号线,0.4471645226478577,Q6119435,Geography.Regions.Asia.Asia*,967445.0,4993.745195137467,10.0,1413.0
9905,5.0,967445.0,深圳地铁6号线,0.4423575868606568,Q6119435,Geography.Regions.Asia.East_Asia,967445.0,4993.745195137467,10.0,1413.0
9906,6.0,968428.0,新宿事件,0.9688661694526672,Q1152485,Culture.Media.Media*,968428.0,1174.8938657034735,12.0,3702.0
9907,6.0,968428.0,新宿事件,0.9626831412315368,Q1152485,Culture.Media.Films,968428.0,1174.8938657034735,12.0,3702.0
9908,6.0,968428.0,新宿事件,0.4456066956520081,Q1152485,Geography.Regions.Asia.East_Asia,968428.0,1174.8938657034735,12.0,3702.0
9909,6.0,968428.0,新宿事件,0.4063222279548645,Q1152485,Geography.Regions.Asia.Asia*,968428.0,1174.8938657034735,12.0,3702.0
9910,9.0,969934.0,盜墓迷城2,0.9987651705741882,Q320461,Culture.Media.Films,969934.0,17174.71432933494,6.0,3318.0
9911,9.0,969934.0,盜墓迷城2,0.9985549449920654,Q320461,Culture.Media.Media*,969934.0,17174.71432933494,6.0,3318.0
9912,9.0,969934.0,盜墓迷城2,0.1732981950044632,Q320461,Culture.Media.Entertainment,969934.0,17174.71432933494,6.0,3318.0
9913,9.0,969934.0,盜墓迷城2,0.1067005917429924,Q320461,Culture.Literature,969934.0,17174.71432933494,6.0,3318.0
9914,9.0,969934.0,盜墓迷城2,0.0,Q320461,Geography.Regions.Americas.North_America,969934.0,17174.71432933494,6.0,3318.0
9915,2.0,971546.0,豪情,0.9808859825134276,Q2132284,Culture.Media.Films,971546.0,0.0,12.0,1268.0
9916,2.0,971546.0,豪情,0.9659096002578736,Q2132284,Culture.Media.Media*,971546.0,0.0,12.0,1268.0
9917,2.0,971546.0,豪情,0.4853731861114502,Q2132284,Geography.Regions.Asia.Asia*,971546.0,0.0,12.0,1268.0
9918,2.0,971546.0,豪情,0.4845064153671265,Q2132284,Geography.Regions.Asia.East_Asia,971546.0,0.0,12.0,1268.0
9919,4.0,973074.0,王卓鈞,0.9905974268913268,Q9313293,Culture.Biography.Biography*,973074.0,2538.242616752267,2.0,4068.0
9920,4.0,973074.0,王卓鈞,0.275139719247818,Q9313293,Culture.Biography.Women,973074.0,2538.242616752267,2.0,4068.0
9921,4.0,973074.0,王卓鈞,0.23616819286346435,Q9313293,Geography.Regions.Asia.East_Asia,973074.0,2538.242616752267,2.0,4068.0
9922,4.0,973074.0,王卓鈞,0.22388027811050412,Q9313293,Geography.Regions.Asia.Asia*,973074.0,2538.242616752267,2.0,4068.0
9923,4.0,973074.0,王卓鈞,0.1968362182378769,Q9313293,History_and_Society.Politics_and_government,973074.0,2538.242616752267,2.0,4068.0
9924,1.0,973833.0,臭椿,0.9985549449920654,Q159570,STEM.Biology,973833.0,0.0,5.0,1185.0
9925,1.0,973833.0,臭椿,0.997758150100708,Q159570,STEM.STEM*,973833.0,0.0,5.0,1185.0
9926,1.0,973833.0,臭椿,0.1067005917429924,Q159570,Culture.Food_and_drink,973833.0,0.0,5.0,1185.0
9927,1.0,974073.0,疣豬,0.994098961353302,Q183255,STEM.STEM*,974073.0,0.0,10.0,1113.0
9928,1.0,974073.0,疣豬,0.9931061863899232,Q183255,STEM.Biology,974073.0,0.0,10.0,1113.0
9929,1.0,974073.0,疣豬,0.0,Q183255,Geography.Regions.Africa.Africa*,974073.0,0.0,10.0,1113.0
9930,1.0,974073.0,疣豬,0.0,Q183255,Geography.Regions.Asia.Asia*,974073.0,0.0,10.0,1113.0
9931,1.0,974073.0,疣豬,0.0,Q183255,Geography.Regions.Asia.Southeast_Asia,974073.0,0.0,10.0,1113.0
9932,2.0,974817.0,高梨臨,0.9916942119598388,Q2673038,Culture.Biography.Biography*,974817.0,0.0,13.0,1316.0
9933,2.0,974817.0,高梨臨,0.33459946513175964,Q2673038,Culture.Biography.Women,974817.0,0.0,13.0,1316.0
9934,2.0,974817.0,高梨臨,0.24809722805023196,Q2673038,Geography.Regions.Asia.East_Asia,974817.0,0.0,13.0,1316.0
9935,2.0,974817.0,高梨臨,0.21124218606948847,Q2673038,Geography.Regions.Asia.Asia*,974817.0,0.0,13.0,1316.0
9936,4.0,975137.0,野澤雅子,0.9989450573921204,Q259422,Culture.Biography.Biography*,975137.0,7649.685087960344,14.0,1802.0
9937,4.0,975137.0,野澤雅子,0.9344051480293274,Q259422,Culture.Literature,975137.0,7649.685087960344,14.0,1802.0
9938,4.0,975137.0,野澤雅子,0.9241518378257751,Q259422,Culture.Visual_arts.Comics_and_Anime,975137.0,7649.685087960344,14.0,1802.0
9939,4.0,975137.0,野澤雅子,0.9099169969558716,Q259422,Culture.Visual_arts.Visual_arts*,975137.0,7649.685087960344,14.0,1802.0
9940,4.0,975137.0,野澤雅子,0.3998216390609741,Q259422,Culture.Biography.Women,975137.0,7649.685087960344,14.0,1802.0
9941,4.0,975137.0,野澤雅子,0.2509227991104126,Q259422,Culture.Internet_culture,975137.0,7649.685087960344,14.0,1802.0
9942,4.0,975137.0,野澤雅子,0.23371636867523196,Q259422,Culture.Media.Video_games,975137.0,7649.685087960344,14.0,1802.0
9943,4.0,975137.0,野澤雅子,0.08411114120483397,Q259422,Geography.Regions.Asia.East_Asia,975137.0,7649.685087960344,14.0,1802.0
9944,4.0,975137.0,野澤雅子,0.037993239402771,Q259422,Geography.Regions.Asia.Asia*,975137.0,7649.685087960344,14.0,1802.0
9945,4.0,979090.0,李铭顺,0.991162657737732,Q5112719,Culture.Biography.Biography*,979090.0,9542.792735464423,3.0,1553.0
9946,4.0,979090.0,李铭顺,0.4471645226478577,Q5112719,Geography.Regions.Asia.Asia*,979090.0,9542.792735464423,3.0,1553.0
9947,4.0,979090.0,李铭顺,0.42531375789642334,Q5112719,Geography.Regions.Asia.Southeast_Asia,979090.0,9542.792735464423,3.0,1553.0
9948,2.0,980146.0,白彪,0.9963027834892272,Q6676278,Culture.Biography.Biography*,980146.0,419.99071544590134,4.0,1861.0
9949,2.0,980146.0,白彪,0.10667316818237303,Q6676278,Geography.Regions.Asia.Asia*,980146.0,419.99071544590134,4.0,1861.0
9950,2.0,980146.0,白彪,0.08411114120483397,Q6676278,Geography.Regions.Asia.East_Asia,980146.0,419.99071544590134,4.0,1861.0
9951,6.0,982391.0,重案組 (電影),0.9783946871757508,Q1585023,Culture.Media.Media*,982391.0,3866.966126140952,12.0,1267.0
9952,6.0,982391.0,重案組 (電影),0.966924011707306,Q1585023,Culture.Media.Films,982391.0,3866.966126140952,12.0,1267.0
9953,6.0,982391.0,重案組 (電影),0.4627899398803711,Q1585023,Geography.Regions.Asia.East_Asia,982391.0,3866.966126140952,12.0,1267.0
9954,6.0,982391.0,重案組 (電影),0.37980710172653204,Q1585023,Geography.Regions.Asia.Asia*,982391.0,3866.966126140952,12.0,1267.0
9955,5.0,990470.0,我是誰,0.9777238368988036,Q847530,Culture.Media.Films,990470.0,4056.53691969141,12.0,2444.0
9956,5.0,990470.0,我是誰,0.9637899398803712,Q847530,Culture.Media.Media*,990470.0,4056.53691969141,12.0,2444.0
9957,5.0,990470.0,我是誰,0.3509628047943115,Q847530,Geography.Regions.Asia.East_Asia,990470.0,4056.53691969141,12.0,2444.0
9958,5.0,990470.0,我是誰,0.2816725244522095,Q847530,Geography.Regions.Asia.Asia*,990470.0,4056.53691969141,12.0,2444.0
9959,6.0,1003568.0,劉致妤,1.0000100135803225,Q8991193,Culture.Biography.Biography*,1003568.0,24693.175611069637,4.0,5305.0
9960,6.0,1003568.0,劉致妤,0.6584275364875793,Q8991193,Culture.Biography.Women,1003568.0,24693.175611069637,4.0,5305.0
9961,6.0,1003568.0,劉致妤,0.5544804334640503,Q8991193,History_and_Society.Society,1003568.0,24693.175611069637,4.0,5305.0
9962,6.0,1003568.0,劉致妤,0.478677677154541,Q8991193,Geography.Regions.Asia.East_Asia,1003568.0,24693.175611069637,4.0,5305.0
9963,6.0,1003568.0,劉致妤,0.4605437984466553,Q8991193,Geography.Regions.Asia.Asia*,1003568.0,24693.175611069637,4.0,5305.0
9964,6.0,1003999.0,吉岡秀隆,0.9972090721130372,Q1189115,Culture.Biography.Biography*,1003999.0,2531.5568885074085,13.0,2766.0
9965,6.0,1003999.0,吉岡秀隆,0.2763098945617676,Q1189115,Geography.Regions.Asia.East_Asia,1003999.0,2531.5568885074085,13.0,2766.0
9966,6.0,1003999.0,吉岡秀隆,0.19165198707580566,Q1189115,Geography.Regions.Asia.Asia*,1003999.0,2531.5568885074085,13.0,2766.0
9967,6.0,1003999.0,吉岡秀隆,0.15611489117145538,Q1189115,Culture.Media.Music,1003999.0,2531.5568885074085,13.0,2766.0
9968,6.0,1003999.0,吉岡秀隆,0.11921291798353195,Q1189115,Culture.Media.Media*,1003999.0,2531.5568885074085,13.0,2766.0
9969,1.0,1005667.0,守護者 (電影),0.991162657737732,Q162182,Culture.Media.Media*,1005667.0,0.0,6.0,2311.0
9970,1.0,1005667.0,守護者 (電影),0.9879562258720398,Q162182,Culture.Media.Films,1005667.0,0.0,6.0,2311.0
9971,1.0,1005667.0,守護者 (電影),0.3007555902004242,Q162182,Culture.Literature,1005667.0,0.0,6.0,2311.0
9972,1.0,1005667.0,守護者 (電影),0.2568419873714447,Q162182,Culture.Visual_arts.Comics_and_Anime,1005667.0,0.0,6.0,2311.0
9973,1.0,1005667.0,守護者 (電影),0.23371636867523196,Q162182,Culture.Media.Entertainment,1005667.0,0.0,6.0,2311.0
9974,1.0,1005667.0,守護者 (電影),0.16452647745609286,Q162182,Culture.Visual_arts.Visual_arts*,1005667.0,0.0,6.0,2311.0
9975,1.0,1005667.0,守護者 (電影),0.0,Q162182,Geography.Regions.Americas.North_America,1005667.0,0.0,6.0,2311.0
9976,3.0,1007698.0,郭子仪,0.9814634323120116,Q1290765,Culture.Biography.Biography*,1007698.0,6406.683392663027,11.0,2854.0
9977,3.0,1007698.0,郭子仪,0.4959346523284912,Q1290765,Geography.Regions.Asia.East_Asia,1007698.0,6406.683392663027,11.0,2854.0
9978,3.0,1007698.0,郭子仪,0.4925217499732971,Q1290765,Geography.Regions.Asia.Asia*,1007698.0,6406.683392663027,11.0,2854.0
9979,26.0,1007719.0,無敵浩克,0.9958112239837646,Q466611,Culture.Media.Media*,1007719.0,3849.968373484479,6.0,2744.0
9980,26.0,1007719.0,無敵浩克,0.9890230894088744,Q466611,Culture.Media.Films,1007719.0,3849.968373484479,6.0,2744.0
9981,26.0,1007719.0,無敵浩克,0.4455395638942719,Q466611,Culture.Literature,1007719.0,3849.968373484479,6.0,2744.0
9982,26.0,1007719.0,無敵浩克,0.4301573634147644,Q466611,Culture.Visual_arts.Comics_and_Anime,1007719.0,3849.968373484479,6.0,2744.0
9983,26.0,1007719.0,無敵浩克,0.2689514458179474,Q466611,Culture.Visual_arts.Visual_arts*,1007719.0,3849.968373484479,6.0,2744.0
9984,26.0,1007719.0,無敵浩克,0.26285186409950256,Q466611,Culture.Media.Entertainment,1007719.0,3849.968373484479,6.0,2744.0
9985,26.0,1007719.0,無敵浩克,0.0,Q466611,Geography.Regions.Americas.North_America,1007719.0,3849.968373484479,6.0,2744.0
9986,30.0,1007898.0,X戰警：金鋼狼,0.9946250915527344,Q217552,Culture.Media.Media*,1007898.0,2098.7301830139763,6.0,2865.0
9987,30.0,1007898.0,X戰警：金鋼狼,0.991162657737732,Q217552,Culture.Media.Films,1007898.0,2098.7301830139763,6.0,2865.0
9988,30.0,1007898.0,X戰警：金鋼狼,0.4921981394290924,Q217552,Culture.Literature,1007898.0,2098.7301830139763,6.0,2865.0
9989,30.0,1007898.0,X戰警：金鋼狼,0.4378334879875183,Q217552,Culture.Visual_arts.Comics_and_Anime,1007898.0,2098.7301830139763,6.0,2865.0
9990,30.0,1007898.0,X戰警：金鋼狼,0.3415925204753876,Q217552,Culture.Visual_arts.Visual_arts*,1007898.0,2098.7301830139763,6.0,2865.0
9991,30.0,1007898.0,X戰警：金鋼狼,0.3415925204753876,Q217552,Culture.Media.Entertainment,1007898.0,2098.7301830139763,6.0,2865.0
9992,30.0,1007898.0,X戰警：金鋼狼,0.006821857929229736,Q217552,Geography.Regions.Americas.North_America,1007898.0,2098.7301830139763,6.0,2865.0
9993,3.0,1008060.0,超異能冒險,0.9990989565849304,Q922006,Culture.Media.Films,1008060.0,3942.0,6.0,1638.0
9994,3.0,1008060.0,超異能冒險,0.9972950220108032,Q922006,Culture.Media.Media*,1008060.0,3942.0,6.0,1638.0
9995,3.0,1008060.0,超異能冒險,0.3629792034626007,Q922006,Culture.Media.Entertainment,1008060.0,3942.0,6.0,1638.0
9996,3.0,1008060.0,超異能冒險,0.037993239402771,Q922006,Geography.Regions.Americas.North_America,1008060.0,3942.0,6.0,1638.0
9997,5.0,1008206.0,臺灣外省人,0.16027602553367615,Q5360579,History_and_Society.Politics_and_government,1008206.0,30837.243366533185,5.0,2905.0
9998,5.0,1008206.0,臺灣外省人,0.14415885508060455,Q5360579,STEM.STEM*,1008206.0,30837.243366533185,5.0,2905.0
9999,5.0,1008206.0,臺灣外省人,0.11280541121959685,Q5360579,Culture.Media.Media*,1008206.0,30837.243366533185,5.0,2905.0
10000,5.0,1008206.0,臺灣外省人,0.10088862478733064,Q5360579,Culture.Media.Television,1008206.0,30837.243366533185,5.0,2905.0
10001,5.0,1008206.0,臺灣外省人,0.0,Q5360579,Geography.Regions.Europe.Europe*,1008206.0,30837.243366533185,5.0,2905.0
10002,5.0,1008206.0,臺灣外省人,0.0,Q5360579,Geography.Regions.Asia.Asia*,1008206.0,30837.243366533185,5.0,2905.0
10003,5.0,1008206.0,臺灣外省人,0.0,Q5360579,Geography.Regions.Americas.North_America,1008206.0,30837.243366533185,5.0,2905.0
10004,1.0,1008514.0,复线铁路,0.880807101726532,Q962977,History_and_Society.Transportation,1008514.0,0.0,17.0,928.0
10005,1.0,1010694.0,小区广播,0.2227101624011993,Q1052989,Culture.Media.Media*,1010694.0,0.0,5.0,24770.0
10006,1.0,1010694.0,小区广播,0.18714269995689392,Q1052989,STEM.STEM*,1010694.0,0.0,5.0,24770.0
10007,1.0,1010694.0,小区广播,0.1259327530860901,Q1052989,Culture.Media.Radio,1010694.0,0.0,5.0,24770.0
10008,1.0,1010694.0,小区广播,0.0,Q1052989,Geography.Regions.Asia.Asia*,1010694.0,0.0,5.0,24770.0
10009,8.0,1011193.0,呂珊,0.992888569831848,Q8261023,Culture.Biography.Biography*,1011193.0,16126.889318449681,12.0,2899.0
10010,8.0,1011193.0,呂珊,0.4616831412315369,Q8261023,Geography.Regions.Asia.East_Asia,1011193.0,16126.889318449681,12.0,2899.0
10011,8.0,1011193.0,呂珊,0.4334051480293274,Q8261023,Geography.Regions.Asia.Asia*,1011193.0,16126.889318449681,12.0,2899.0
10012,8.0,1011193.0,呂珊,0.38492217659950256,Q8261023,Culture.Biography.Women,1011193.0,16126.889318449681,12.0,2899.0
10013,8.0,1011193.0,呂珊,0.23371636867523196,Q8261023,Culture.Media.Music,1011193.0,16126.889318449681,12.0,2899.0
10014,8.0,1011193.0,呂珊,0.1520422399044037,Q8261023,Culture.Media.Media*,1011193.0,16126.889318449681,12.0,2899.0
10015,2.0,1012343.0,蔡燦得,1.0000100135803225,Q9183105,Culture.Biography.Biography*,1012343.0,3941.9999999999986,4.0,2257.0
10016,2.0,1012343.0,蔡燦得,0.9697954058647156,Q9183105,History_and_Society.Society,1012343.0,3941.9999999999986,4.0,2257.0
10017,2.0,1012343.0,蔡燦得,0.8311530351638794,Q9183105,Culture.Biography.Women,1012343.0,3941.9999999999986,4.0,2257.0
10018,2.0,1012343.0,蔡燦得,0.4659240117073059,Q9183105,Geography.Regions.Asia.East_Asia,1012343.0,3941.9999999999986,4.0,2257.0
10019,2.0,1012343.0,蔡燦得,0.3862146010398865,Q9183105,Geography.Regions.Asia.Asia*,1012343.0,3941.9999999999986,4.0,2257.0
10020,2.0,1012343.0,蔡燦得,0.1520422399044037,Q9183105,Culture.Media.Media*,1012343.0,3941.9999999999986,4.0,2257.0
10021,8.0,1012746.0,葉蘊儀,0.9972090721130372,Q704021,Culture.Biography.Biography*,1012746.0,16354.1195556477,12.0,2382.0
10022,8.0,1012746.0,葉蘊儀,0.6370407938957214,Q704021,Culture.Biography.Women,1012746.0,16354.1195556477,12.0,2382.0
10023,8.0,1012746.0,葉蘊儀,0.43892334604263306,Q704021,Geography.Regions.Asia.East_Asia,1012746.0,16354.1195556477,12.0,2382.0
10024,8.0,1012746.0,葉蘊儀,0.3165845146179199,Q704021,Geography.Regions.Asia.Asia*,1012746.0,16354.1195556477,12.0,2382.0
10025,8.0,1012746.0,葉蘊儀,0.275139719247818,Q704021,Culture.Media.Media*,1012746.0,16354.1195556477,12.0,2382.0
10026,8.0,1012746.0,葉蘊儀,0.2689514458179474,Q704021,Culture.Media.Music,1012746.0,16354.1195556477,12.0,2382.0
10027,4.0,1016068.0,陳亦飛,1.0000100135803225,Q9366533,Culture.Biography.Biography*,1016068.0,2883.1594380718243,4.0,2460.0
10028,4.0,1016068.0,陳亦飛,0.38492217659950256,Q9366533,History_and_Society.Society,1016068.0,2883.1594380718243,4.0,2460.0
10029,4.0,1016068.0,陳亦飛,0.30218379402160644,Q9366533,Geography.Regions.Asia.Asia*,1016068.0,2883.1594380718243,4.0,2460.0
10030,4.0,1016068.0,陳亦飛,0.24217800998687744,Q9366533,Geography.Regions.Asia.East_Asia,1016068.0,2883.1594380718243,4.0,2460.0
10031,35.0,1018472.0,X戰警2,0.99593985080719,Q219776,Culture.Media.Media*,1018472.0,32722.963328347505,6.0,3538.0
10032,35.0,1018472.0,X戰警2,0.9935217499732972,Q219776,Culture.Media.Films,1018472.0,32722.963328347505,6.0,3538.0
10033,35.0,1018472.0,X戰警2,0.6513648629188538,Q219776,Culture.Visual_arts.Comics_and_Anime,1018472.0,32722.963328347505,6.0,3538.0
10034,35.0,1018472.0,X戰警2,0.6513648629188538,Q219776,Culture.Literature,1018472.0,32722.963328347505,6.0,3538.0
10035,35.0,1018472.0,X戰警2,0.5698626637458801,Q219776,Culture.Media.Entertainment,1018472.0,32722.963328347505,6.0,3538.0
10036,35.0,1018472.0,X戰警2,0.4765896201133728,Q219776,Culture.Visual_arts.Visual_arts*,1018472.0,32722.963328347505,6.0,3538.0
10037,35.0,1018472.0,X戰警2,0.08411114120483397,Q219776,Geography.Regions.Americas.North_America,1018472.0,32722.963328347505,6.0,3538.0
10038,4.0,1018678.0,紀佳松,0.9763205647468568,Q8975889,Culture.Biography.Biography*,1018678.0,4767.635676028583,4.0,2044.0
10039,4.0,1018678.0,紀佳松,0.6926519870758057,Q8975889,Culture.Media.Media*,1018678.0,4767.635676028583,4.0,2044.0
10040,4.0,1018678.0,紀佳松,0.5078218579292297,Q8975889,Culture.Media.Music,1018678.0,4767.635676028583,4.0,2044.0
10041,4.0,1018678.0,紀佳松,0.16452647745609286,Q8975889,Culture.Internet_culture,1018678.0,4767.635676028583,4.0,2044.0
10042,4.0,1018678.0,紀佳松,0.15611489117145538,Q8975889,Culture.Media.Video_games,1018678.0,4767.635676028583,4.0,2044.0
10043,4.0,1018678.0,紀佳松,0.09167657995224,Q8975889,Geography.Regions.Asia.East_Asia,1018678.0,4767.635676028583,4.0,2044.0
10044,4.0,1018678.0,紀佳松,0.07650540971755981,Q8975889,Geography.Regions.Asia.Asia*,1018678.0,4767.635676028583,4.0,2044.0
10045,4.0,1019448.0,劉尚謙,0.99753737449646,Q9112606,Culture.Biography.Biography*,1019448.0,823.497700055333,4.0,5408.0
10046,4.0,1019448.0,劉尚謙,0.5312193632125854,Q9112606,History_and_Society.Society,1019448.0,823.497700055333,4.0,5408.0
10047,4.0,1019448.0,劉尚謙,0.4501522054672241,Q9112606,Geography.Regions.Asia.East_Asia,1019448.0,823.497700055333,4.0,5408.0
10048,4.0,1019448.0,劉尚謙,0.43892334604263306,Q9112606,Geography.Regions.Asia.Asia*,1019448.0,823.497700055333,4.0,5408.0
10049,7.0,1020165.0,法语国家及地区国际组织,0.5234303474426271,Q134102,History_and_Society.Politics_and_government,1020165.0,3668.72097138086,5.0,2696.0
10050,7.0,1020165.0,法语国家及地区国际组织,0.5000100135803223,Q134102,History_and_Society.Business_and_economics,1020165.0,3668.72097138086,5.0,2696.0
10051,7.0,1020165.0,法语国家及地区国际组织,0.3775506913661957,Q134102,History_and_Society.Education,1020165.0,3668.72097138086,5.0,2696.0
10052,7.0,1020165.0,法语国家及地区国际组织,0.1968362182378769,Q134102,History_and_Society.Society,1020165.0,3668.72097138086,5.0,2696.0
10053,7.0,1020165.0,法语国家及地区国际组织,0.19165198707580566,Q134102,Geography.Regions.Europe.Western_Europe,1020165.0,3668.72097138086,5.0,2696.0
10054,7.0,1020165.0,法语国家及地区国际组织,0.15036486291885376,Q134102,Geography.Regions.Europe.Europe*,1020165.0,3668.72097138086,5.0,2696.0
10055,7.0,1020165.0,法语国家及地区国际组织,0.14415885508060455,Q134102,STEM.STEM*,1020165.0,3668.72097138086,5.0,2696.0
10056,7.0,1020165.0,法语国家及地区国际组织,0.1294127255678177,Q134102,History_and_Society.Military_and_warfare,1020165.0,3668.72097138086,5.0,2696.0
10057,13.0,1020595.0,即刻救援,0.9926641583442688,Q277080,Culture.Media.Films,1020595.0,17168.040169785672,6.0,3251.0
10058,13.0,1020595.0,即刻救援,0.9890230894088744,Q277080,Culture.Media.Media*,1020595.0,17168.040169785672,6.0,3251.0
10059,13.0,1020595.0,即刻救援,0.0,Q277080,Geography.Regions.Europe.Europe*,1020595.0,17168.040169785672,6.0,3251.0
10060,13.0,1020595.0,即刻救援,0.0,Q277080,Geography.Regions.Americas.North_America,1020595.0,17168.040169785672,6.0,3251.0
10061,13.0,1020595.0,即刻救援,0.0,Q277080,Geography.Regions.Europe.Western_Europe,1020595.0,17168.040169785672,6.0,3251.0
10062,4.0,1023478.0,黛米·摩尔,0.9989450573921204,Q43044,Culture.Biography.Biography*,1023478.0,9653.784346292312,3.0,2532.0
10063,4.0,1023478.0,黛米·摩尔,0.9046605229377748,Q43044,Culture.Biography.Women,1023478.0,9653.784346292312,3.0,2532.0
10064,4.0,1023478.0,黛米·摩尔,0.2393593490123749,Q43044,Culture.Media.Media*,1023478.0,9653.784346292312,3.0,2532.0
10065,4.0,1023478.0,黛米·摩尔,0.23616819286346435,Q43044,Geography.Regions.Americas.North_America,1023478.0,9653.784346292312,3.0,2532.0
10066,4.0,1023478.0,黛米·摩尔,0.10375863313674928,Q43044,Culture.Literature,1023478.0,9653.784346292312,3.0,2532.0
10067,4.0,1023478.0,黛米·摩尔,0.0,Q43044,Geography.Regions.Europe.Europe*,1023478.0,9653.784346292312,3.0,2532.0
10068,1.0,1024385.0,傑西·李佛摩,0.9890230894088744,Q724153,Culture.Biography.Biography*,1024385.0,0.0,3.0,2732.0
10069,1.0,1024385.0,傑西·李佛摩,0.2689514458179474,Q724153,History_and_Society.Business_and_economics,1024385.0,0.0,3.0,2732.0
10070,1.0,1024385.0,傑西·李佛摩,0.16442059183120727,Q724153,Geography.Regions.Americas.North_America,1024385.0,0.0,3.0,2732.0
10071,1.0,1024385.0,傑西·李佛摩,0.1067005917429924,Q724153,Culture.Philosophy_and_religion,1024385.0,0.0,3.0,2732.0
10072,6.0,1024835.0,玩命關頭4,0.9972090721130372,Q380996,Culture.Media.Media*,1024835.0,8912.996120731686,8.0,2856.0
10073,6.0,1024835.0,玩命關頭4,0.9972090721130372,Q380996,Culture.Media.Films,1024835.0,8912.996120731686,8.0,2856.0
10074,6.0,1024835.0,玩命關頭4,0.3073680400848389,Q380996,Culture.Media.Entertainment,1024835.0,8912.996120731686,8.0,2856.0
10075,6.0,1024835.0,玩命關頭4,0.14034625887870789,Q380996,Culture.Literature,1024835.0,8912.996120731686,8.0,2856.0
10076,6.0,1024835.0,玩命關頭4,0.13604079389572146,Q380996,Geography.Regions.Americas.North_America,1024835.0,8912.996120731686,8.0,2856.0
10077,6.0,1024835.0,玩命關頭4,0.11597072333097458,Q380996,Culture.Visual_arts.Comics_and_Anime,1024835.0,8912.996120731686,8.0,2856.0
10078,2.0,1029311.0,波蘭流亡政府,0.4972553720474243,Q210846,Geography.Regions.Europe.Eastern_Europe,1029311.0,385.7633185287375,3.0,923.0
10079,2.0,1029311.0,波蘭流亡政府,0.4738311638832092,Q210846,Geography.Regions.Europe.Europe*,1029311.0,385.7633185287375,3.0,923.0
10080,2.0,1029311.0,波蘭流亡政府,0.4378334879875183,Q210846,History_and_Society.Military_and_warfare,1029311.0,385.7633185287375,3.0,923.0
10081,2.0,1029311.0,波蘭流亡政府,0.3998216390609741,Q210846,History_and_Society.History,1029311.0,385.7633185287375,3.0,923.0
10082,2.0,1029311.0,波蘭流亡政府,0.19194278120994568,Q210846,History_and_Society.Politics_and_government,1029311.0,385.7633185287375,3.0,923.0
10083,21.0,1030837.0,反攻大陸,0.2942249774932861,Q15920064,STEM.STEM*,1030837.0,25924.438348305302,5.0,3479.0
10084,21.0,1030837.0,反攻大陸,0.0,Q15920064,Geography.Regions.Asia.Asia*,1030837.0,25924.438348305302,5.0,3479.0
10085,21.0,1030837.0,反攻大陸,0.0,Q15920064,Geography.Regions.Americas.North_America,1030837.0,25924.438348305302,5.0,3479.0
10086,21.0,1030837.0,反攻大陸,0.0,Q15920064,Geography.Regions.Europe.Europe*,1030837.0,25924.438348305302,5.0,3479.0
10087,7.0,1035655.0,复活节星期一,0.7879412174224854,Q209663,Culture.Philosophy_and_religion,1035655.0,7095.562185948986,11.0,2084.0
10088,7.0,1035655.0,复活节星期一,0.0,Q209663,Geography.Regions.Europe.Europe*,1035655.0,7095.562185948986,11.0,2084.0
10089,7.0,1035655.0,复活节星期一,0.0,Q209663,Geography.Regions.Europe.Southern_Europe,1035655.0,7095.562185948986,11.0,2084.0
10090,1.0,1036089.0,和歌山毒咖哩事件,0.9976868629455566,Q1154925,Culture.Biography.Biography*,1036089.0,0.0,2.0,1080.0
10091,1.0,1036089.0,和歌山毒咖哩事件,0.3981314172744751,Q1154925,Geography.Regions.Asia.East_Asia,1036089.0,0.0,2.0,1080.0
10092,1.0,1036089.0,和歌山毒咖哩事件,0.32119916582107544,Q1154925,Geography.Regions.Asia.Asia*,1036089.0,0.0,2.0,1080.0
10093,1.0,1036089.0,和歌山毒咖哩事件,0.11597072333097458,Q1154925,History_and_Society.Politics_and_government,1036089.0,0.0,2.0,1080.0
10094,1.0,1036089.0,和歌山毒咖哩事件,0.1067005917429924,Q1154925,History_and_Society.History,1036089.0,0.0,2.0,1080.0
10095,1.0,1037684.0,許瀞蔆,0.9344051480293274,Q15914096,Culture.Biography.Biography*,1037684.0,0.0,4.0,975.0
10096,1.0,1037684.0,許瀞蔆,0.4843900501728058,Q15914096,Culture.Biography.Women,1037684.0,0.0,4.0,975.0
10097,1.0,1037684.0,許瀞蔆,0.33459946513175964,Q15914096,Culture.Media.Media*,1037684.0,0.0,4.0,975.0
10098,1.0,1037684.0,許瀞蔆,0.33459946513175964,Q15914096,Culture.Media.Music,1037684.0,0.0,4.0,975.0
10099,1.0,1037684.0,許瀞蔆,0.0991983880996704,Q15914096,Geography.Regions.Asia.Asia*,1037684.0,0.0,4.0,975.0
10100,1.0,1037684.0,許瀞蔆,0.0,Q15914096,Geography.Regions.Asia.East_Asia,1037684.0,0.0,4.0,975.0
10101,3.0,1038174.0,天使与魔鬼 (电影),0.99753737449646,Q192934,Culture.Media.Films,1038174.0,1765.0769041502595,6.0,2677.0
10102,3.0,1038174.0,天使与魔鬼 (电影),0.9960646033287048,Q192934,Culture.Media.Media*,1038174.0,1765.0769041502595,6.0,2677.0
10103,3.0,1038174.0,天使与魔鬼 (电影),0.0,Q192934,Geography.Regions.Americas.North_America,1038174.0,1765.0769041502595,6.0,2677.0
10104,10.0,1038775.0,早霸王,0.880807101726532,Q86725205,Culture.Media.Media*,1038775.0,12540.348506644214,12.0,2237.0
10105,10.0,1038775.0,早霸王,0.6150978803634644,Q86725205,Culture.Media.Radio,1038775.0,12540.348506644214,12.0,2237.0
10106,10.0,1038775.0,早霸王,0.13661839067935946,Q86725205,Culture.Media.Television,1038775.0,12540.348506644214,12.0,2237.0
10107,10.0,1038775.0,早霸王,0.0,Q86725205,Geography.Regions.Europe.Europe*,1038775.0,12540.348506644214,12.0,2237.0
10108,10.0,1038775.0,早霸王,0.0,Q86725205,Geography.Regions.Americas.North_America,1038775.0,12540.348506644214,12.0,2237.0
10109,10.0,1038775.0,早霸王,0.0,Q86725205,Geography.Regions.Oceania,1038775.0,12540.348506644214,12.0,2237.0
10110,2.0,1040421.0,梁修身,1.0000100135803225,Q9297310,Culture.Biography.Biography*,1040421.0,1631.4202628422,4.0,2146.0
10111,2.0,1040421.0,梁修身,0.880807101726532,Q9297310,History_and_Society.Society,1040421.0,1631.4202628422,4.0,2146.0
10112,2.0,1040421.0,梁修身,0.4627899398803711,Q9297310,Geography.Regions.Asia.East_Asia,1040421.0,1631.4202628422,4.0,2146.0
10113,2.0,1040421.0,梁修身,0.4515841474533081,Q9297310,Geography.Regions.Asia.Asia*,1040421.0,1631.4202628422,4.0,2146.0
10114,2.0,1041807.0,真野惠里菜,0.9836069941520692,Q1207368,Culture.Biography.Biography*,1041807.0,789.4619654416306,13.0,2392.0
10115,2.0,1041807.0,真野惠里菜,0.3702353835105896,Q1207368,Culture.Biography.Women,1041807.0,789.4619654416306,13.0,2392.0
10116,2.0,1041807.0,真野惠里菜,0.21734751760959625,Q1207368,Culture.Media.Media*,1041807.0,789.4619654416306,13.0,2392.0
10117,2.0,1041807.0,真野惠里菜,0.11280541121959685,Q1207368,Culture.Media.Music,1041807.0,789.4619654416306,13.0,2392.0
10118,2.0,1041807.0,真野惠里菜,0.07650540971755981,Q1207368,Geography.Regions.Asia.East_Asia,1041807.0,789.4619654416306,13.0,2392.0
10119,2.0,1041807.0,真野惠里菜,0.022430347442626952,Q1207368,Geography.Regions.Asia.Asia*,1041807.0,789.4619654416306,13.0,2392.0
10120,9.0,1041824.0,秀蘭瑪雅,1.0000100135803225,Q9321719,Culture.Biography.Biography*,1041824.0,5148.351326584982,4.0,2776.0
10121,9.0,1041824.0,秀蘭瑪雅,0.966924011707306,Q9321719,History_and_Society.Society,1041824.0,5148.351326584982,4.0,2776.0
10122,9.0,1041824.0,秀蘭瑪雅,0.538993239402771,Q9321719,Culture.Media.Media*,1041824.0,5148.351326584982,4.0,2776.0
10123,9.0,1041824.0,秀蘭瑪雅,0.4804634323120117,Q9321719,Geography.Regions.Asia.Asia*,1041824.0,5148.351326584982,4.0,2776.0
10124,9.0,1041824.0,秀蘭瑪雅,0.4669093360900879,Q9321719,Geography.Regions.Asia.East_Asia,1041824.0,5148.351326584982,4.0,2776.0
10125,9.0,1041824.0,秀蘭瑪雅,0.22816647589206696,Q9321719,Culture.Media.Music,1041824.0,5148.351326584982,4.0,2776.0
10126,9.0,1041824.0,秀蘭瑪雅,0.16027602553367615,Q9321719,Culture.Biography.Women,1041824.0,5148.351326584982,4.0,2776.0
10127,1.0,1042478.0,女子監獄 (香港電影),0.9099169969558716,Q10942749,Culture.Media.Films,1042478.0,0.0,12.0,1172.0
10128,1.0,1042478.0,女子監獄 (香港電影),0.8634016513824463,Q10942749,Culture.Media.Media*,1042478.0,0.0,12.0,1172.0
10129,1.0,1042478.0,女子監獄 (香港電影),0.4849463572502136,Q10942749,Geography.Regions.Asia.East_Asia,1042478.0,0.0,12.0,1172.0
10130,1.0,1042478.0,女子監獄 (香港電影),0.4820951094627381,Q10942749,Geography.Regions.Asia.Asia*,1042478.0,0.0,12.0,1172.0
10131,2.0,1042592.0,巴里号驱逐舰 (DDG-52),1.0000100135803225,Q916981,History_and_Society.Transportation,1042592.0,0.0,5.0,1060.0
10132,2.0,1042592.0,巴里号驱逐舰 (DDG-52),0.99753737449646,Q916981,History_and_Society.Military_and_warfare,1042592.0,0.0,5.0,1060.0
10133,38.0,1042692.0,X戰警 (電影),0.9935217499732972,Q106182,Culture.Media.Media*,1042692.0,27518.74507234561,6.0,3624.0
10134,38.0,1042692.0,X戰警 (電影),0.9820237755775452,Q106182,Culture.Media.Films,1042692.0,27518.74507234561,6.0,3624.0
10135,38.0,1042692.0,X戰警 (電影),0.7718535065650941,Q106182,Culture.Literature,1042692.0,27518.74507234561,6.0,3624.0
10136,38.0,1042692.0,X戰警 (電影),0.6076731681823729,Q106182,Culture.Visual_arts.Comics_and_Anime,1042692.0,27518.74507234561,6.0,3624.0
10137,38.0,1042692.0,X戰警 (電影),0.4455395638942719,Q106182,Culture.Visual_arts.Visual_arts*,1042692.0,27518.74507234561,6.0,3624.0
10138,38.0,1042692.0,X戰警 (電影),0.3923468291759491,Q106182,Culture.Media.Entertainment,1042692.0,27518.74507234561,6.0,3624.0
10139,38.0,1042692.0,X戰警 (電影),0.0,Q106182,Geography.Regions.Americas.North_America,1042692.0,27518.74507234561,6.0,3624.0
10140,34.0,1042705.0,X戰警：最後戰役,0.9958112239837646,Q221168,Culture.Media.Media*,1042705.0,6036.890164016855,6.0,3745.0
10141,34.0,1042705.0,X戰警：最後戰役,0.990301549434662,Q221168,Culture.Media.Films,1042705.0,6036.890164016855,6.0,3745.0
10142,34.0,1042705.0,X戰警：最後戰役,0.7931159734725952,Q221168,Culture.Literature,1042705.0,6036.890164016855,6.0,3745.0
10143,34.0,1042705.0,X戰警：最後戰役,0.7606606483459473,Q221168,Culture.Visual_arts.Comics_and_Anime,1042705.0,6036.890164016855,6.0,3745.0
10144,34.0,1042705.0,X戰警：最後戰役,0.585111141204834,Q221168,Culture.Visual_arts.Visual_arts*,1042705.0,6036.890164016855,6.0,3745.0
10145,34.0,1042705.0,X戰警：最後戰役,0.5234303474426271,Q221168,Culture.Media.Entertainment,1042705.0,6036.890164016855,6.0,3745.0
10146,34.0,1042705.0,X戰警：最後戰役,0.006821857929229736,Q221168,Geography.Regions.Americas.North_America,1042705.0,6036.890164016855,6.0,3745.0
10147,1.0,1042988.0,石野真子,0.9879562258720398,Q3273231,Culture.Biography.Biography*,1042988.0,0.0,13.0,3733.0
10148,1.0,1042988.0,石野真子,0.4843900501728058,Q3273231,Culture.Biography.Women,1042988.0,0.0,13.0,3733.0
10149,1.0,1042988.0,石野真子,0.42531375789642334,Q3273231,Geography.Regions.Asia.East_Asia,1042988.0,0.0,13.0,3733.0
10150,1.0,1042988.0,石野真子,0.3893042674064636,Q3273231,Geography.Regions.Asia.Asia*,1042988.0,0.0,13.0,3733.0
10151,1.0,1042988.0,石野真子,0.33459946513175964,Q3273231,Culture.Media.Music,1042988.0,0.0,13.0,3733.0
10152,1.0,1042988.0,石野真子,0.2509227991104126,Q3273231,Culture.Media.Media*,1042988.0,0.0,13.0,3733.0
10153,2.0,1043815.0,趙元儼,0.974052667617798,Q8070595,Culture.Biography.Biography*,1043815.0,0.0,15.0,3139.0
10154,2.0,1043815.0,趙元儼,0.3862146010398865,Q8070595,Geography.Regions.Asia.East_Asia,1043815.0,0.0,15.0,3139.0
10155,2.0,1043815.0,趙元儼,0.3257217874526977,Q8070595,Geography.Regions.Asia.Asia*,1043815.0,0.0,15.0,3139.0
10156,2.0,1043815.0,趙元儼,0.2689514458179474,Q8070595,History_and_Society.History,1043815.0,0.0,15.0,3139.0
10157,34.0,1045138.0,金鋼狼,0.9855064153671264,Q186422,Culture.Literature,1045138.0,1714.5097393737667,6.0,2549.0
10158,34.0,1045138.0,金鋼狼,0.23371636867523196,Q186422,Culture.Media.Media*,1045138.0,1714.5097393737667,6.0,2549.0
10159,34.0,1045138.0,金鋼狼,0.20182321965694427,Q186422,Culture.Visual_arts.Visual_arts*,1045138.0,1714.5097393737667,6.0,2549.0
10160,34.0,1045138.0,金鋼狼,0.1732981950044632,Q186422,Culture.Visual_arts.Comics_and_Anime,1045138.0,1714.5097393737667,6.0,2549.0
10161,3.0,1047292.0,甲型流感病毒,0.9955416321754456,Q834390,STEM.STEM*,1047292.0,7882.0,7.0,2526.0
10162,3.0,1047292.0,甲型流感病毒,0.9796776771545409,Q834390,STEM.Biology,1047292.0,7882.0,7.0,2526.0
10163,3.0,1047292.0,甲型流感病毒,0.3702353835105896,Q834390,STEM.Medicine_&_Health,1047292.0,7882.0,7.0,2526.0
10164,3.0,1047292.0,甲型流感病毒,0.11280541121959685,Q834390,History_and_Society.Society,1047292.0,7882.0,7.0,2526.0
10165,6.0,1050093.0,特種部隊：眼鏡蛇的崛起,0.9960646033287048,Q288645,Culture.Media.Films,1050093.0,5376.270214446743,6.0,2582.0
10166,6.0,1050093.0,特種部隊：眼鏡蛇的崛起,0.99593985080719,Q288645,Culture.Media.Media*,1050093.0,5376.270214446743,6.0,2582.0
10167,6.0,1050093.0,特種部隊：眼鏡蛇的崛起,0.585111141204834,Q288645,Culture.Media.Entertainment,1050093.0,5376.270214446743,6.0,2582.0
10168,6.0,1050093.0,特種部隊：眼鏡蛇的崛起,0.14415885508060455,Q288645,Culture.Literature,1050093.0,5376.270214446743,6.0,2582.0
10169,6.0,1050093.0,特種部隊：眼鏡蛇的崛起,0.1097157895565033,Q288645,Culture.Visual_arts.Comics_and_Anime,1050093.0,5376.270214446743,6.0,2582.0
10170,6.0,1050093.0,特種部隊：眼鏡蛇的崛起,0.10375863313674928,Q288645,Culture.Visual_arts.Visual_arts*,1050093.0,5376.270214446743,6.0,2582.0
10171,6.0,1050093.0,特種部隊：眼鏡蛇的崛起,0.0,Q288645,Geography.Regions.Americas.North_America,1050093.0,5376.270214446743,6.0,2582.0
10172,2.0,1050171.0,決勝時刻：現代戰爭2,0.9990094900131226,Q486351,Culture.Media.Media*,1050171.0,3942.0,6.0,5301.0
10173,2.0,1050171.0,決勝時刻：現代戰爭2,0.9989112615585328,Q486351,Culture.Media.Video_games,1050171.0,3942.0,6.0,5301.0
10174,2.0,1050171.0,決勝時刻：現代戰爭2,0.9989112615585328,Q486351,Culture.Internet_culture,1050171.0,3942.0,6.0,5301.0
10175,5.0,1050433.0,克里斯·潘恩,0.9992059469223022,Q23466,Culture.Biography.Biography*,1050433.0,2544.055078910969,6.0,1953.0
10176,5.0,1050433.0,克里斯·潘恩,0.33459946513175964,Q23466,Culture.Media.Media*,1050433.0,2544.055078910969,6.0,1953.0
10177,5.0,1050433.0,克里斯·潘恩,0.16452647745609286,Q23466,Culture.Media.Television,1050433.0,2544.055078910969,6.0,1953.0
10178,5.0,1050433.0,克里斯·潘恩,0.0,Q23466,Geography.Regions.Americas.North_America,1050433.0,2544.055078910969,6.0,1953.0
10179,5.0,1050433.0,克里斯·潘恩,0.0,Q23466,Geography.Regions.Europe.Europe*,1050433.0,2544.055078910969,6.0,1953.0
10180,2.0,1052539.0,太陽星君,0.8872146010398865,Q10875215,Culture.Philosophy_and_religion,1052539.0,0.0,4.0,2245.0
10181,2.0,1052539.0,太陽星君,0.5621865391731262,Q10875215,Culture.Literature,1052539.0,0.0,4.0,2245.0
10182,2.0,1052539.0,太陽星君,0.07650540971755981,Q10875215,Geography.Regions.Asia.Asia*,1052539.0,0.0,4.0,2245.0
10183,2.0,1052539.0,太陽星君,0.0,Q10875215,Geography.Regions.Asia.South_Asia,1052539.0,0.0,4.0,2245.0
10184,2.0,1052539.0,太陽星君,0.0,Q10875215,Geography.Regions.Asia.East_Asia,1052539.0,0.0,4.0,2245.0
10185,2.0,1052539.0,太陽星君,0.0,Q10875215,Geography.Regions.Asia.Southeast_Asia,1052539.0,0.0,4.0,2245.0
10186,10.0,1052906.0,風繼續吹,0.9972950220108032,Q15930033,Culture.Media.Music,1052906.0,0.0,12.0,2107.0
10187,10.0,1052906.0,風繼續吹,0.9919480085372924,Q15930033,Culture.Media.Media*,1052906.0,0.0,12.0,2107.0
10188,2.0,1054449.0,關秀媚,1.0000100135803225,Q8979775,Culture.Biography.Biography*,1054449.0,51.90365120302886,12.0,2522.0
10189,2.0,1054449.0,關秀媚,0.585111141204834,Q8979775,Culture.Biography.Women,1054449.0,51.90365120302886,12.0,2522.0
10190,2.0,1054449.0,關秀媚,0.3429050912857056,Q8979775,Geography.Regions.Asia.East_Asia,1054449.0,51.90365120302886,12.0,2522.0
10191,2.0,1054449.0,關秀媚,0.3429050912857056,Q8979775,Geography.Regions.Asia.Asia*,1054449.0,51.90365120302886,12.0,2522.0
10192,2.0,1060712.0,關寶慧,0.9987651705741882,Q9361581,Culture.Biography.Biography*,1060712.0,71.88474716585854,12.0,2412.0
10193,2.0,1060712.0,關寶慧,0.3998216390609741,Q9361581,Culture.Biography.Women,1060712.0,71.88474716585854,12.0,2412.0
10194,2.0,1060712.0,關寶慧,0.2047950496673584,Q9361581,Geography.Regions.Asia.East_Asia,1060712.0,71.88474716585854,12.0,2412.0
10195,2.0,1060712.0,關寶慧,0.014629947185516357,Q9361581,Geography.Regions.Asia.Asia*,1060712.0,71.88474716585854,12.0,2412.0
10196,1.0,1063314.0,尹衍樑,1.0000100135803225,Q9080179,Culture.Biography.Biography*,1063314.0,0.0,3.0,2586.0
10197,1.0,1063314.0,尹衍樑,0.9992306232452391,Q9080179,History_and_Society.Society,1063314.0,0.0,3.0,2586.0
10198,1.0,1063314.0,尹衍樑,0.4985066523551941,Q9080179,Geography.Regions.Asia.East_Asia,1063314.0,0.0,3.0,2586.0
10199,1.0,1063314.0,尹衍樑,0.4953027834892273,Q9080179,Geography.Regions.Asia.Asia*,1063314.0,0.0,3.0,2586.0
10200,5.0,1063422.0,何鴻章,0.9890230894088744,Q7486205,Culture.Biography.Biography*,1063422.0,0.25,2.0,1914.0
10201,5.0,1063422.0,何鴻章,0.348655104637146,Q7486205,History_and_Society.Business_and_economics,1063422.0,0.25,2.0,1914.0
10202,5.0,1063422.0,何鴻章,0.0,Q7486205,Geography.Regions.Asia.Asia*,1063422.0,0.25,2.0,1914.0
10203,5.0,1063422.0,何鴻章,0.0,Q7486205,Geography.Regions.Asia.East_Asia,1063422.0,0.25,2.0,1914.0
10204,1.0,1066498.0,方靜,0.9993638396263124,Q5433788,Culture.Biography.Biography*,1066498.0,0.0,5.0,3405.0
10205,1.0,1066498.0,方靜,0.4959346523284912,Q5433788,Geography.Regions.Asia.East_Asia,1066498.0,0.0,5.0,3405.0
10206,1.0,1066498.0,方靜,0.4906942119598389,Q5433788,Geography.Regions.Asia.Asia*,1066498.0,0.0,5.0,3405.0
10207,1.0,1066498.0,方靜,0.2689514458179474,Q5433788,Culture.Media.Media*,1066498.0,0.0,5.0,3405.0
10208,1.0,1066498.0,方靜,0.13297423720359802,Q5433788,Culture.Biography.Women,1066498.0,0.0,5.0,3405.0
10209,8.0,1066767.0,张召忠,0.9481645226478576,Q8070425,Culture.Biography.Biography*,1066767.0,10949.811614169204,5.0,3462.0
10210,8.0,1066767.0,张召忠,0.5156299471855164,Q8070425,History_and_Society.Military_and_warfare,1066767.0,10949.811614169204,5.0,3462.0
10211,8.0,1066767.0,张召忠,0.4853731861114502,Q8070425,Geography.Regions.Asia.East_Asia,1066767.0,10949.811614169204,5.0,3462.0
10212,8.0,1066767.0,张召忠,0.4605437984466553,Q8070425,Geography.Regions.Asia.Asia*,1066767.0,10949.811614169204,5.0,3462.0
10213,5.0,1069252.0,秋元康,0.9954004287719728,Q457860,Culture.Biography.Biography*,1069252.0,18918.143854818063,13.0,2979.0
10214,5.0,1069252.0,秋元康,0.2120788097381592,Q457860,Culture.Media.Media*,1069252.0,18918.143854818063,13.0,2979.0
10215,5.0,1069252.0,秋元康,0.13604079389572146,Q457860,Geography.Regions.Asia.East_Asia,1069252.0,18918.143854818063,13.0,2979.0
10216,5.0,1069252.0,秋元康,0.10375863313674928,Q457860,Culture.Literature,1069252.0,18918.143854818063,13.0,2979.0
10217,5.0,1069252.0,秋元康,0.08411114120483397,Q457860,Geography.Regions.Asia.Asia*,1069252.0,18918.143854818063,13.0,2979.0
10218,2.0,1070606.0,周令飛,0.9890230894088744,Q9088880,Culture.Biography.Biography*,1070606.0,0.0,2.0,801.0
10219,2.0,1070606.0,周令飛,0.29719679260253906,Q9088880,Geography.Regions.Asia.Asia*,1070606.0,0.0,2.0,801.0
10220,2.0,1070606.0,周令飛,0.2763098945617676,Q9088880,Geography.Regions.Asia.East_Asia,1070606.0,0.0,2.0,801.0
10221,1.0,1071524.0,粉红佳人,0.9976868629455566,Q160009,Culture.Biography.Biography*,1071524.0,0.0,6.0,3190.0
10222,1.0,1071524.0,粉红佳人,0.8903042674064636,Q160009,Culture.Biography.Women,1071524.0,0.0,6.0,3190.0
10223,1.0,1071524.0,粉红佳人,0.6442351341247559,Q160009,Culture.Media.Media*,1071524.0,0.0,6.0,3190.0
10224,1.0,1071524.0,粉红佳人,0.5698626637458801,Q160009,Culture.Media.Music,1071524.0,0.0,6.0,3190.0
10225,1.0,1071524.0,粉红佳人,0.16886694729328156,Q160009,History_and_Society.Society,1071524.0,0.0,6.0,3190.0
10226,1.0,1071524.0,粉红佳人,0.0,Q160009,Geography.Regions.Americas.North_America,1071524.0,0.0,6.0,3190.0
10227,1.0,1071524.0,粉红佳人,0.0,Q160009,Geography.Regions.Europe.Europe*,1071524.0,0.0,6.0,3190.0
10228,1.0,1071524.0,粉红佳人,0.0,Q160009,Geography.Regions.Europe.Northern_Europe,1071524.0,0.0,6.0,3190.0
10229,2.0,1071899.0,劉明湘,0.99219411611557,Q9112768,Culture.Biography.Biography*,1071899.0,3706.910767467839,13.0,1731.0
10230,2.0,1071899.0,劉明湘,0.21734751760959625,Q9112768,Culture.Biography.Women,1071899.0,3706.910767467839,13.0,1731.0
10231,2.0,1071899.0,劉明湘,0.0,Q9112768,Geography.Regions.Asia.Asia*,1071899.0,3706.910767467839,13.0,1731.0
10232,2.0,1071899.0,劉明湘,0.0,Q9112768,Geography.Regions.Asia.East_Asia,1071899.0,3706.910767467839,13.0,1731.0
10233,1.0,1074104.0,杨坤,0.9960646033287048,Q9213521,Culture.Biography.Biography*,1074104.0,0.0,12.0,1883.0
10234,1.0,1074104.0,杨坤,0.25392501258850103,Q9213521,Geography.Regions.Asia.Asia*,1074104.0,0.0,12.0,1883.0
10235,1.0,1074104.0,杨坤,0.1713417043685913,Q9213521,Geography.Regions.Asia.East_Asia,1074104.0,0.0,12.0,1883.0
10236,1.0,1074104.0,杨坤,0.1520422399044037,Q9213521,Culture.Media.Music,1074104.0,0.0,12.0,1883.0
10237,1.0,1074104.0,杨坤,0.14034625887870789,Q9213521,Culture.Media.Media*,1074104.0,0.0,12.0,1883.0
10238,2.0,1076921.0,方文琳,1.0000100135803225,Q9145963,Culture.Biography.Biography*,1076921.0,5619.657202300938,2.0,2473.0
10239,2.0,1076921.0,方文琳,0.7773098945617676,Q9145963,Culture.Biography.Women,1076921.0,5619.657202300938,2.0,2473.0
10240,2.0,1076921.0,方文琳,0.7718535065650941,Q9145963,History_and_Society.Society,1076921.0,5619.657202300938,2.0,2473.0
10241,2.0,1076921.0,方文琳,0.3952613940238953,Q9145963,Geography.Regions.Asia.Asia*,1076921.0,5619.657202300938,2.0,2473.0
10242,2.0,1076921.0,方文琳,0.3893042674064636,Q9145963,Geography.Regions.Asia.East_Asia,1076921.0,5619.657202300938,2.0,2473.0
10243,2.0,1076921.0,方文琳,0.1778208613395691,Q9145963,Culture.Media.Media*,1076921.0,5619.657202300938,2.0,2473.0
10244,2.0,1076921.0,方文琳,0.1732981950044632,Q9145963,Culture.Media.Music,1076921.0,5619.657202300938,2.0,2473.0
10245,3.0,1077044.0,PPS影音,0.8933194279670715,Q4300422,STEM.STEM*,1077044.0,2032.1004370495227,2.0,1673.0
10246,3.0,1077044.0,PPS影音,0.3629792034626007,Q4300422,STEM.Computing,1077044.0,2032.1004370495227,2.0,1673.0
10247,3.0,1077044.0,PPS影音,0.3073680400848389,Q4300422,Culture.Internet_culture,1077044.0,2032.1004370495227,2.0,1673.0
10248,3.0,1077044.0,PPS影音,0.2689514458179474,Q4300422,Culture.Media.Media*,1077044.0,2032.1004370495227,2.0,1673.0
10249,3.0,1077044.0,PPS影音,0.2509227991104126,Q4300422,STEM.Technology,1077044.0,2032.1004370495227,2.0,1673.0
10250,3.0,1077044.0,PPS影音,0.18714269995689392,Q4300422,Culture.Media.Software,1077044.0,2032.1004370495227,2.0,1673.0
10251,3.0,1077044.0,PPS影音,0.0,Q4300422,Geography.Regions.Asia.East_Asia,1077044.0,2032.1004370495227,2.0,1673.0
10252,3.0,1077044.0,PPS影音,0.0,Q4300422,Geography.Regions.Asia.Asia*,1077044.0,2032.1004370495227,2.0,1673.0
10253,2.0,1078562.0,為愛瘋狂,0.8991314172744751,Q498354,Culture.Media.Media*,1078562.0,0.0,13.0,821.0
10254,2.0,1078562.0,為愛瘋狂,0.8670457601547241,Q498354,Culture.Media.Television,1078562.0,0.0,13.0,821.0
10255,2.0,1078562.0,為愛瘋狂,0.4352950325012207,Q498354,Geography.Regions.Asia.East_Asia,1078562.0,0.0,13.0,821.0
10256,2.0,1078562.0,為愛瘋狂,0.37980710172653204,Q498354,Geography.Regions.Asia.Asia*,1078562.0,0.0,13.0,821.0
10257,4.0,1078761.0,陳慧儀,0.9850529432296752,Q8260515,Culture.Biography.Biography*,1078761.0,418.2231956108906,12.0,1564.0
10258,4.0,1078761.0,陳慧儀,0.1732981950044632,Q8260515,Culture.Biography.Women,1078761.0,418.2231956108906,12.0,1564.0
10259,4.0,1078761.0,陳慧儀,0.16452647745609286,Q8260515,History_and_Society.Business_and_economics,1078761.0,418.2231956108906,12.0,1564.0
10260,4.0,1078761.0,陳慧儀,0.0,Q8260515,Geography.Regions.Asia.Asia*,1078761.0,418.2231956108906,12.0,1564.0
10261,4.0,1078761.0,陳慧儀,0.0,Q8260515,Geography.Regions.Asia.East_Asia,1078761.0,418.2231956108906,12.0,1564.0
10262,3.0,1080624.0,曾轶可,0.994098961353302,Q6383390,Culture.Biography.Biography*,1080624.0,6966.919869186903,7.0,1887.0
10263,3.0,1080624.0,曾轶可,0.6513648629188538,Q6383390,Culture.Biography.Women,1080624.0,6966.919869186903,7.0,1887.0
10264,3.0,1080624.0,曾轶可,0.2816725244522095,Q6383390,Geography.Regions.Asia.Asia*,1080624.0,6966.919869186903,7.0,1887.0
10265,3.0,1080624.0,曾轶可,0.2814156115055084,Q6383390,Culture.Media.Media*,1080624.0,6966.919869186903,7.0,1887.0
10266,3.0,1080624.0,曾轶可,0.2814156115055084,Q6383390,Culture.Media.Music,1080624.0,6966.919869186903,7.0,1887.0
10267,3.0,1080624.0,曾轶可,0.2596606483459473,Q6383390,Geography.Regions.Asia.East_Asia,1080624.0,6966.919869186903,7.0,1887.0
10268,1.0,1081815.0,安娜蘇菲亞·羅伯,0.9987651705741882,Q105695,Culture.Biography.Biography*,1081815.0,0.0,6.0,2188.0
10269,1.0,1081815.0,安娜蘇菲亞·羅伯,0.8311530351638794,Q105695,Culture.Biography.Women,1081815.0,0.0,6.0,2188.0
10270,1.0,1081815.0,安娜蘇菲亞·羅伯,0.38492217659950256,Q105695,Culture.Media.Media*,1081815.0,0.0,6.0,2188.0
10271,1.0,1081815.0,安娜蘇菲亞·羅伯,0.12146936559677125,Q105695,Geography.Regions.Americas.North_America,1081815.0,0.0,6.0,2188.0
10272,1.0,1081815.0,安娜蘇菲亞·羅伯,0.1097157895565033,Q105695,Culture.Media.Music,1081815.0,0.0,6.0,2188.0
10273,1.0,1081815.0,安娜蘇菲亞·羅伯,0.10375863313674928,Q105695,Culture.Media.Television,1081815.0,0.0,6.0,2188.0
10274,1.0,1084888.0,路卡利歐,1.0000100135803225,Q1154303,Culture.Media.Video_games,1084888.0,0.0,14.0,2104.0
10275,1.0,1084888.0,路卡利歐,1.0000100135803225,Q1154303,Culture.Internet_culture,1084888.0,0.0,14.0,2104.0
10276,1.0,1084888.0,路卡利歐,0.9993433356285096,Q1154303,Culture.Visual_arts.Visual_arts*,1084888.0,0.0,14.0,2104.0
10277,1.0,1084888.0,路卡利歐,0.9993221759796144,Q1154303,Culture.Visual_arts.Comics_and_Anime,1084888.0,0.0,14.0,2104.0
10278,1.0,1084888.0,路卡利歐,0.997758150100708,Q1154303,Culture.Media.Media*,1084888.0,0.0,14.0,2104.0
10279,1.0,1084888.0,路卡利歐,0.9855064153671264,Q1154303,Culture.Literature,1084888.0,0.0,14.0,2104.0
10280,3.0,1085311.0,李泉,0.992888569831848,Q9207125,Culture.Biography.Biography*,1085311.0,271.72283508174166,12.0,1743.0
10281,3.0,1085311.0,李泉,0.311877357006073,Q9207125,Geography.Regions.Asia.East_Asia,1085311.0,271.72283508174166,12.0,1743.0
10282,3.0,1085311.0,李泉,0.16442059183120727,Q9207125,Geography.Regions.Asia.Asia*,1085311.0,271.72283508174166,12.0,1743.0
10283,13.0,1085524.0,溫成皇后,0.9362950325012208,Q8251739,Culture.Biography.Biography*,1085524.0,6859.3461099882215,15.0,11248.0
10284,13.0,1085524.0,溫成皇后,0.4610267877578736,Q8251739,History_and_Society.History,1085524.0,6859.3461099882215,15.0,11248.0
10285,13.0,1085524.0,溫成皇后,0.3998216390609741,Q8251739,Culture.Biography.Women,1085524.0,6859.3461099882215,15.0,11248.0
10286,13.0,1085524.0,溫成皇后,0.16442059183120727,Q8251739,Geography.Regions.Asia.Asia*,1085524.0,6859.3461099882215,15.0,11248.0
10287,13.0,1085524.0,溫成皇后,0.04574816131591797,Q8251739,Geography.Regions.Asia.East_Asia,1085524.0,6859.3461099882215,15.0,11248.0
10288,1.0,1085612.0,蘇建榮,1.0000100135803225,Q9340026,Culture.Biography.Biography*,1085612.0,0.0,5.0,1776.0
10289,1.0,1085612.0,蘇建榮,1.0000100135803225,Q9340026,History_and_Society.Society,1085612.0,0.0,5.0,1776.0
10290,1.0,1085612.0,蘇建榮,0.4969592561721802,Q9340026,Geography.Regions.Asia.East_Asia,1085612.0,0.0,5.0,1776.0
10291,1.0,1085612.0,蘇建榮,0.4895974268913269,Q9340026,Geography.Regions.Asia.Asia*,1085612.0,0.0,5.0,1776.0
10292,15.0,1085945.0,慈圣光献皇后,0.9073222279548644,Q704227,Culture.Biography.Biography*,1085945.0,10597.007647879496,15.0,8453.0
10293,15.0,1085945.0,慈圣光献皇后,0.6584275364875793,Q704227,Culture.Biography.Women,1085945.0,10597.007647879496,15.0,8453.0
10294,15.0,1085945.0,慈圣光献皇后,0.59267657995224,Q704227,History_and_Society.History,1085945.0,10597.007647879496,15.0,8453.0
10295,15.0,1085945.0,慈圣光献皇后,0.3952613940238953,Q704227,Geography.Regions.Asia.Asia*,1085945.0,10597.007647879496,15.0,8453.0
10296,15.0,1085945.0,慈圣光献皇后,0.3509628047943115,Q704227,Geography.Regions.Asia.East_Asia,1085945.0,10597.007647879496,15.0,8453.0
10297,1.0,1085969.0,曹皇后,1.0,Q1305553,Compilation.List_Disambig,1085969.0,0.0,15.0,1833.0
10298,1.0,1085969.0,曹皇后,0.15611489117145538,Q1305553,STEM.STEM*,1085969.0,0.0,15.0,1833.0
10299,1.0,1085969.0,曹皇后,0.14805719256401062,Q1305553,History_and_Society.Transportation,1085969.0,0.0,15.0,1833.0
10300,1.0,1085969.0,曹皇后,0.11280541121959685,Q1305553,History_and_Society.Military_and_warfare,1085969.0,0.0,15.0,1833.0
10301,1.0,1085969.0,曹皇后,0.0,Q1305553,Geography.Regions.Asia.Asia*,1085969.0,0.0,15.0,1833.0
10302,1.0,1085969.0,曹皇后,0.0,Q1305553,Geography.Geographical,1085969.0,0.0,15.0,1833.0
10303,1.0,1085969.0,曹皇后,0.0,Q1305553,Geography.Regions.Asia.West_Asia,1085969.0,0.0,15.0,1833.0
10304,1.0,1086206.0,陳雷 (歌手),1.0000100135803225,Q7197693,Culture.Biography.Biography*,1086206.0,0.0,4.0,3258.0
10305,1.0,1086206.0,陳雷 (歌手),0.9914325475692748,Q7197693,History_and_Society.Society,1086206.0,0.0,4.0,3258.0
10306,1.0,1086206.0,陳雷 (歌手),0.4865783920288086,Q7197693,Geography.Regions.Asia.East_Asia,1086206.0,0.0,4.0,3258.0
10307,1.0,1086206.0,陳雷 (歌手),0.4820951094627381,Q7197693,Geography.Regions.Asia.Asia*,1086206.0,0.0,4.0,3258.0
10308,1.0,1086206.0,陳雷 (歌手),0.3007555902004242,Q7197693,Culture.Media.Music,1086206.0,0.0,4.0,3258.0
10309,1.0,1086206.0,陳雷 (歌手),0.18714269995689392,Q7197693,Culture.Media.Media*,1086206.0,0.0,4.0,3258.0
10310,1.0,1086897.0,兩少一寬,0.2942249774932861,Q10891817,STEM.STEM*,1086897.0,0.0,10.0,904.0
10311,1.0,1086897.0,兩少一寬,0.0,Q10891817,Geography.Regions.Asia.Asia*,1086897.0,0.0,10.0,904.0
10312,1.0,1086897.0,兩少一寬,0.0,Q10891817,Geography.Regions.Americas.North_America,1086897.0,0.0,10.0,904.0
10313,1.0,1086897.0,兩少一寬,0.0,Q10891817,Geography.Regions.Europe.Europe*,1086897.0,0.0,10.0,904.0
10314,1.0,1087769.0,李清云,0.994455099105835,Q304690,Culture.Biography.Biography*,1087769.0,0.0,3.0,2250.0
10315,1.0,1087769.0,李清云,0.6150978803634644,Q304690,Culture.Philosophy_and_religion,1087769.0,0.0,3.0,2250.0
10316,1.0,1087769.0,李清云,0.4798859825134277,Q304690,Geography.Regions.Asia.East_Asia,1087769.0,0.0,3.0,2250.0
10317,1.0,1087769.0,李清云,0.4745869507789612,Q304690,Geography.Regions.Asia.Asia*,1087769.0,0.0,3.0,2250.0
10318,1.0,1087769.0,李清云,0.11921291798353195,Q304690,History_and_Society.History,1087769.0,0.0,3.0,2250.0
10319,1.0,1087769.0,李清云,0.10088862478733064,Q304690,STEM.STEM*,1087769.0,0.0,3.0,2250.0
10320,8.0,1087912.0,奇謀妙計五福星,0.951152205467224,Q1193754,Culture.Media.Media*,1087912.0,6118.432413136355,12.0,2069.0
10321,8.0,1087912.0,奇謀妙計五福星,0.9399233460426332,Q1193754,Culture.Media.Films,1087912.0,6118.432413136355,12.0,2069.0
10322,8.0,1087912.0,奇謀妙計五福星,0.4804634323120117,Q1193754,Geography.Regions.Asia.East_Asia,1087912.0,6118.432413136355,12.0,2069.0
10323,8.0,1087912.0,奇謀妙計五福星,0.4456066956520081,Q1193754,Geography.Regions.Asia.Asia*,1087912.0,6118.432413136355,12.0,2069.0
10324,1.0,1088605.0,竹幼婷,0.9942797422409058,Q9322582,Culture.Biography.Biography*,1088605.0,0.0,2.0,1235.0
10325,1.0,1088605.0,竹幼婷,0.7371681928634644,Q9322582,History_and_Society.Society,1088605.0,0.0,2.0,1235.0
10326,1.0,1088605.0,竹幼婷,0.7057950496673584,Q9322582,Culture.Biography.Women,1088605.0,0.0,2.0,1235.0
10327,1.0,1088605.0,竹幼婷,0.6791887283325195,Q9322582,Culture.Media.Media*,1088605.0,0.0,2.0,1235.0
10328,1.0,1088605.0,竹幼婷,0.12146936559677125,Q9322582,Geography.Regions.Asia.Asia*,1088605.0,0.0,2.0,1235.0
10329,1.0,1088605.0,竹幼婷,0.0,Q9322582,Geography.Regions.Asia.East_Asia,1088605.0,0.0,2.0,1235.0
10330,1.0,1089494.0,三少爺的劍,0.9958112239837646,Q10865848,Culture.Media.Books,1089494.0,0.0,12.0,1857.0
10331,1.0,1089494.0,三少爺的劍,0.99219411611557,Q10865848,Culture.Media.Media*,1089494.0,0.0,12.0,1857.0
10332,1.0,1089494.0,三少爺的劍,0.9344051480293274,Q10865848,Culture.Literature,1089494.0,0.0,12.0,1857.0
10333,1.0,1089494.0,三少爺的劍,0.6297846436500549,Q10865848,Culture.Internet_culture,1089494.0,0.0,12.0,1857.0
10334,1.0,1089494.0,三少爺的劍,0.40093068981170654,Q10865848,Geography.Regions.Asia.East_Asia,1089494.0,0.0,12.0,1857.0
10335,1.0,1089494.0,三少爺的劍,0.311877357006073,Q10865848,Geography.Regions.Asia.Asia*,1089494.0,0.0,12.0,1857.0
10336,1.0,1089494.0,三少爺的劍,0.1968362182378769,Q10865848,Culture.Media.Video_games,1089494.0,0.0,12.0,1857.0
10337,1.0,1089494.0,三少爺的劍,0.1778208613395691,Q10865848,STEM.STEM*,1089494.0,0.0,12.0,1857.0
10338,1.0,1089494.0,三少爺的劍,0.16886694729328156,Q10865848,STEM.Technology,1089494.0,0.0,12.0,1857.0
10339,1.0,1089494.0,三少爺的劍,0.12253321707248688,Q10865848,Culture.Media.Software,1089494.0,0.0,12.0,1857.0
10340,7.0,1089631.0,2012年現象,0.6224693655967712,Q139274,Culture.Internet_culture,1089631.0,26063.385045468745,6.0,2206.0
10341,7.0,1089631.0,2012年現象,0.3629792034626007,Q139274,History_and_Society.Politics_and_government,1089631.0,26063.385045468745,6.0,2206.0
10342,7.0,1089631.0,2012年現象,0.348655104637146,Q139274,STEM.STEM*,1089631.0,26063.385045468745,6.0,2206.0
10343,7.0,1089631.0,2012年現象,0.33459946513175964,Q139274,Culture.Media.Media*,1089631.0,26063.385045468745,6.0,2206.0
10344,7.0,1089631.0,2012年現象,0.21734751760959625,Q139274,Culture.Philosophy_and_religion,1089631.0,26063.385045468745,6.0,2206.0
10345,7.0,1089631.0,2012年現象,0.21734751760959625,Q139274,History_and_Society.Society,1089631.0,26063.385045468745,6.0,2206.0
10346,7.0,1089631.0,2012年現象,0.1294127255678177,Q139274,STEM.Technology,1089631.0,26063.385045468745,6.0,2206.0
10347,7.0,1089631.0,2012年現象,0.0,Q139274,Geography.Regions.Americas.North_America,1089631.0,26063.385045468745,6.0,2206.0
10348,1.0,1089694.0,汪辟疆,0.9777238368988036,Q8464212,Culture.Biography.Biography*,1089694.0,0.0,2.0,1627.0
10349,1.0,1089694.0,汪辟疆,0.0991983880996704,Q8464212,Geography.Regions.Asia.East_Asia,1089694.0,0.0,2.0,1627.0
10350,1.0,1089694.0,汪辟疆,0.037993239402771,Q8464212,Geography.Regions.Asia.Asia*,1089694.0,0.0,2.0,1627.0
10351,2.0,1090550.0,聖芳濟書院 (香港),0.7981967926025391,Q7588009,Geography.Regions.Asia.East_Asia,1090550.0,596.2855606419982,12.0,1846.0
10352,2.0,1090550.0,聖芳濟書院 (香港),0.7879412174224854,Q7588009,Geography.Regions.Asia.Asia*,1090550.0,596.2855606419982,12.0,1846.0
10353,2.0,1090550.0,聖芳濟書院 (香港),0.6297846436500549,Q7588009,History_and_Society.Education,1090550.0,596.2855606419982,12.0,1846.0
10354,9.0,1091084.0,2012 (電影),0.99593985080719,Q184605,Culture.Media.Films,1091084.0,24031.815660637472,6.0,16031.0
10355,9.0,1091084.0,2012 (電影),0.9937201142311096,Q184605,Culture.Media.Media*,1091084.0,24031.815660637472,6.0,16031.0
10356,9.0,1091084.0,2012 (電影),0.38492217659950256,Q184605,Culture.Media.Entertainment,1091084.0,24031.815660637472,6.0,16031.0
10357,9.0,1091084.0,2012 (電影),0.1259327530860901,Q184605,Culture.Literature,1091084.0,24031.815660637472,6.0,16031.0
10358,9.0,1091084.0,2012 (電影),0.0,Q184605,Geography.Regions.Americas.North_America,1091084.0,24031.815660637472,6.0,16031.0
10359,4.0,1093454.0,美国第一夫人,0.8031837940216064,Q7166256,Culture.Biography.Biography*,1093454.0,2517.928937446029,11.0,1376.0
10360,4.0,1093454.0,美国第一夫人,0.4515841474533081,Q7166256,Geography.Regions.Americas.North_America,1093454.0,2517.928937446029,11.0,1376.0
10361,4.0,1093454.0,美国第一夫人,0.4455395638942719,Q7166256,Culture.Biography.Women,1093454.0,2517.928937446029,11.0,1376.0
10362,4.0,1093454.0,美国第一夫人,0.2814156115055084,Q7166256,History_and_Society.Politics_and_government,1093454.0,2517.928937446029,11.0,1376.0
10363,4.0,1093454.0,美国第一夫人,0.2069040536880493,Q7166256,History_and_Society.History,1093454.0,2517.928937446029,11.0,1376.0
10364,2.0,1095884.0,末日救未來,0.9947898983955384,Q49498,Culture.Media.Media*,1095884.0,0.0,6.0,1652.0
10365,2.0,1095884.0,末日救未來,0.9908843636512756,Q49498,Culture.Media.Films,1095884.0,0.0,6.0,1652.0
10366,2.0,1095884.0,末日救未來,0.2689514458179474,Q49498,Culture.Media.Entertainment,1095884.0,0.0,6.0,1652.0
10367,2.0,1095884.0,末日救未來,0.0,Q49498,Geography.Regions.Americas.North_America,1095884.0,0.0,6.0,1652.0
10368,1.0,1096483.0,流星·蝴蝶·劍,0.9993003606796264,Q4403451,Culture.Media.Books,1096483.0,0.0,12.0,2445.0
10369,1.0,1096483.0,流星·蝴蝶·劍,0.9970290064811708,Q4403451,Culture.Media.Media*,1096483.0,0.0,12.0,2445.0
10370,1.0,1096483.0,流星·蝴蝶·劍,0.996837317943573,Q4403451,Culture.Literature,1096483.0,0.0,12.0,2445.0
10371,1.0,1096483.0,流星·蝴蝶·劍,0.4543291201591492,Q4403451,Geography.Regions.Asia.East_Asia,1096483.0,0.0,12.0,2445.0
10372,1.0,1096483.0,流星·蝴蝶·劍,0.40093068981170654,Q4403451,Geography.Regions.Asia.Asia*,1096483.0,0.0,12.0,2445.0
10373,13.0,1096721.0,寵愛,0.9992306232452391,Q6916735,Culture.Media.Music,1096721.0,7896.780113200807,12.0,1136.0
10374,13.0,1096721.0,寵愛,0.9942797422409058,Q6916735,Culture.Media.Media*,1096721.0,7896.780113200807,12.0,1136.0
10375,13.0,1096721.0,寵愛,0.4970832934379578,Q6916735,Geography.Regions.Asia.East_Asia,1096721.0,7896.780113200807,12.0,1136.0
10376,13.0,1096721.0,寵愛,0.4946784844398498,Q6916735,Geography.Regions.Asia.Asia*,1096721.0,7896.780113200807,12.0,1136.0
10377,13.0,1096721.0,寵愛,0.2393593490123749,Q6916735,History_and_Society.Society,1096721.0,7896.780113200807,12.0,1136.0
10378,12.0,1097331.0,Summer Romance,0.9802908897399902,Q7637414,Culture.Media.Music,1097331.0,5426.661356484409,12.0,821.0
10379,12.0,1097331.0,Summer Romance,0.9579222798347472,Q7637414,Culture.Media.Media*,1097331.0,5426.661356484409,12.0,821.0
10380,12.0,1097331.0,Summer Romance,0.4616831412315369,Q7637414,Geography.Regions.Asia.Asia*,1097331.0,5426.661356484409,12.0,821.0
10381,12.0,1097331.0,Summer Romance,0.4581643214225769,Q7637414,Geography.Regions.Asia.East_Asia,1097331.0,5426.661356484409,12.0,821.0
10382,9.0,1098251.0,竊聽風雲,0.9706977605819702,Q1055695,Culture.Media.Media*,1098251.0,4213.44261804789,12.0,2742.0
10383,9.0,1098251.0,竊聽風雲,0.9496793746948242,Q1055695,Culture.Media.Films,1098251.0,4213.44261804789,12.0,2742.0
10384,9.0,1098251.0,竊聽風雲,0.4139109721183777,Q1055695,Geography.Regions.Asia.East_Asia,1098251.0,4213.44261804789,12.0,2742.0
10385,9.0,1098251.0,竊聽風雲,0.38304929637908935,Q1055695,Geography.Regions.Asia.Asia*,1098251.0,4213.44261804789,12.0,2742.0
10386,1.0,1098861.0,監察院院長,0.9965265989303588,Q15909024,Culture.Biography.Biography*,1098861.0,0.0,5.0,1927.0
10387,1.0,1098861.0,監察院院長,0.9579222798347472,Q15909024,History_and_Society.Society,1098861.0,0.0,5.0,1927.0
10388,1.0,1098861.0,監察院院長,0.4974121918678284,Q15909024,Geography.Regions.Asia.East_Asia,1098861.0,0.0,5.0,1927.0
10389,1.0,1098861.0,監察院院長,0.4826069941520691,Q15909024,Geography.Regions.Asia.Asia*,1098861.0,0.0,5.0,1927.0
10390,1.0,1098861.0,監察院院長,0.4610267877578736,Q15909024,History_and_Society.Politics_and_government,1098861.0,0.0,5.0,1927.0
10391,1.0,1098861.0,監察院院長,0.1968362182378769,Q15909024,History_and_Society.Military_and_warfare,1098861.0,0.0,5.0,1927.0
10392,1.0,1101743.0,AFP,1.0,Q228929,Compilation.List_Disambig,1101743.0,0.0,10.0,547.0
10393,1.0,1101743.0,AFP,0.15611489117145538,Q228929,STEM.STEM*,1101743.0,0.0,10.0,547.0
10394,1.0,1101743.0,AFP,0.14805719256401062,Q228929,History_and_Society.Transportation,1101743.0,0.0,10.0,547.0
10395,1.0,1101743.0,AFP,0.11280541121959685,Q228929,History_and_Society.Military_and_warfare,1101743.0,0.0,10.0,547.0
10396,1.0,1101743.0,AFP,0.0,Q228929,Geography.Regions.Asia.Asia*,1101743.0,0.0,10.0,547.0
10397,1.0,1101743.0,AFP,0.0,Q228929,Geography.Geographical,1101743.0,0.0,10.0,547.0
10398,1.0,1101743.0,AFP,0.0,Q228929,Geography.Regions.Asia.West_Asia,1101743.0,0.0,10.0,547.0
10399,3.0,1103451.0,酷龍,0.9324633479118348,Q490754,Culture.Media.Music,1103451.0,8532.366612362099,0.0,2243.0
10400,3.0,1103451.0,酷龍,0.8872146010398865,Q490754,Culture.Media.Media*,1103451.0,8532.366612362099,0.0,2243.0
10401,3.0,1103451.0,酷龍,0.7186043858528137,Q490754,Culture.Biography.Biography*,1103451.0,8532.366612362099,0.0,2243.0
10402,3.0,1103451.0,酷龍,0.4139109721183777,Q490754,Geography.Regions.Asia.East_Asia,1103451.0,8532.366612362099,0.0,2243.0
10403,3.0,1103451.0,酷龍,0.3429050912857056,Q490754,Geography.Regions.Asia.Asia*,1103451.0,8532.366612362099,0.0,2243.0
10404,2.0,1103899.0,尼克松在中国 (歌剧),0.9553291201591492,Q1146706,Culture.Performing_arts,1103899.0,187.7352753356333,5.0,1228.0
10405,2.0,1103899.0,尼克松在中国 (歌剧),0.951152205467224,Q1146706,Culture.Media.Media*,1103899.0,187.7352753356333,5.0,1228.0
10406,2.0,1103899.0,尼克松在中国 (歌剧),0.8634016513824463,Q1146706,Culture.Media.Music,1103899.0,187.7352753356333,5.0,1228.0
10407,1.0,1106845.0,亚太2号海底电缆,0.9988405108451844,Q865508,STEM.Technology,1106845.0,0.0,10.0,639.0
10408,1.0,1106845.0,亚太2号海底电缆,0.996185541152954,Q865508,STEM.STEM*,1106845.0,0.0,10.0,639.0
10409,1.0,1106845.0,亚太2号海底电缆,0.0,Q865508,Geography.Regions.Europe.Northern_Europe,1106845.0,0.0,10.0,639.0
10410,1.0,1106845.0,亚太2号海底电缆,0.0,Q865508,Geography.Regions.Asia.Southeast_Asia,1106845.0,0.0,10.0,639.0
10411,1.0,1106845.0,亚太2号海底电缆,0.0,Q865508,Geography.Regions.Europe.Europe*,1106845.0,0.0,10.0,639.0
10412,1.0,1106845.0,亚太2号海底电缆,0.0,Q865508,Geography.Regions.Asia.Asia*,1106845.0,0.0,10.0,639.0
10413,1.0,1106845.0,亚太2号海底电缆,0.0,Q865508,Geography.Regions.Asia.East_Asia,1106845.0,0.0,10.0,639.0
10414,1.0,1106845.0,亚太2号海底电缆,0.0,Q865508,Geography.Regions.Europe.Western_Europe,1106845.0,0.0,10.0,639.0
10415,1.0,1106845.0,亚太2号海底电缆,0.0,Q865508,Geography.Regions.Americas.North_America,1106845.0,0.0,10.0,639.0
10416,5.0,1106877.0,內政部空中勤務總隊,1.0000100135803225,Q10891303,Culture.Biography.Biography*,1106877.0,3914.0299408814894,5.0,1507.0
10417,5.0,1106877.0,內政部空中勤務總隊,1.0000100135803225,Q10891303,History_and_Society.Society,1106877.0,3914.0299408814894,5.0,1507.0
10418,5.0,1106877.0,內政部空中勤務總隊,0.946606695652008,Q10891303,History_and_Society.Politics_and_government,1106877.0,3914.0299408814894,5.0,1507.0
10419,5.0,1106877.0,內政部空中勤務總隊,0.4961204400062561,Q10891303,Geography.Regions.Asia.East_Asia,1106877.0,3914.0299408814894,5.0,1507.0
10420,5.0,1106877.0,內政部空中勤務總隊,0.4945416321754456,Q10891303,Geography.Regions.Asia.Asia*,1106877.0,3914.0299408814894,5.0,1507.0
10421,5.0,1106877.0,內政部空中勤務總隊,0.287777841091156,Q10891303,History_and_Society.Military_and_warfare,1106877.0,3914.0299408814894,5.0,1507.0
10422,5.0,1106877.0,內政部空中勤務總隊,0.15611489117145538,Q10891303,STEM.STEM*,1106877.0,3914.0299408814894,5.0,1507.0
10423,5.0,1106877.0,內政部空中勤務總隊,0.14034625887870789,Q10891303,STEM.Earth_and_environment,1106877.0,3914.0299408814894,5.0,1507.0
10424,1.0,1112974.0,篠田麻里子,0.9830951094627379,Q1195767,Culture.Biography.Biography*,1112974.0,0.0,13.0,2189.0
10425,1.0,1112974.0,篠田麻里子,0.6791887283325195,Q1195767,Culture.Biography.Women,1112974.0,0.0,13.0,2189.0
10426,1.0,1112974.0,篠田麻里子,0.21124218606948847,Q1195767,Geography.Regions.Asia.Asia*,1112974.0,0.0,13.0,2189.0
10427,1.0,1112974.0,篠田麻里子,0.15611489117145538,Q1195767,Culture.Visual_arts.Visual_arts*,1112974.0,0.0,13.0,2189.0
10428,1.0,1112974.0,篠田麻里子,0.12878464365005493,Q1195767,Geography.Regions.Asia.East_Asia,1112974.0,0.0,13.0,2189.0
10429,14.0,1113672.0,雄風二E巡弋飛彈,1.0000100135803225,Q4448530,Culture.Biography.Biography*,1113672.0,828.6701922088932,5.0,2078.0
10430,14.0,1113672.0,雄風二E巡弋飛彈,1.0000100135803225,Q4448530,History_and_Society.Society,1113672.0,828.6701922088932,5.0,2078.0
10431,14.0,1113672.0,雄風二E巡弋飛彈,0.4990100135803223,Q4448530,Geography.Regions.Asia.East_Asia,1113672.0,828.6701922088932,5.0,2078.0
10432,14.0,1113672.0,雄風二E巡弋飛彈,0.4985221495628357,Q4448530,Geography.Regions.Asia.Asia*,1113672.0,828.6701922088932,5.0,2078.0
10433,14.0,1113672.0,雄風二E巡弋飛彈,0.3415925204753876,Q4448530,History_and_Society.Military_and_warfare,1113672.0,828.6701922088932,5.0,2078.0
10434,14.0,1113672.0,雄風二E巡弋飛彈,0.2227101624011993,Q4448530,STEM.STEM*,1113672.0,828.6701922088932,5.0,2078.0
10435,1.0,1113942.0,Lisa S.,0.9969346523284912,Q624637,Culture.Biography.Biography*,1113942.0,0.0,12.0,8041.0
10436,1.0,1113942.0,Lisa S.,0.7879412174224854,Q624637,Culture.Biography.Women,1113942.0,0.0,12.0,8041.0
10437,1.0,1113942.0,Lisa S.,0.275139719247818,Q624637,Culture.Visual_arts.Fashion,1113942.0,0.0,12.0,8041.0
10438,1.0,1113942.0,Lisa S.,0.1294127255678177,Q624637,Culture.Visual_arts.Visual_arts*,1113942.0,0.0,12.0,8041.0
10439,1.0,1113942.0,Lisa S.,0.0,Q624637,Geography.Regions.Asia.Asia*,1113942.0,0.0,12.0,8041.0
10440,2.0,1114206.0,張書偉,0.9659096002578736,Q9138656,Culture.Biography.Biography*,1114206.0,1426.334784950662,4.0,3367.0
10441,2.0,1114206.0,張書偉,0.16027602553367615,Q9138656,Culture.Media.Media*,1114206.0,1426.334784950662,4.0,3367.0
10442,2.0,1114206.0,張書偉,0.16027602553367615,Q9138656,Culture.Media.Music,1114206.0,1426.334784950662,4.0,3367.0
10443,2.0,1114206.0,張書偉,0.0,Q9138656,Geography.Regions.Asia.Asia*,1114206.0,1426.334784950662,4.0,3367.0
10444,2.0,1114206.0,張書偉,0.0,Q9138656,Geography.Regions.Asia.East_Asia,1114206.0,1426.334784950662,4.0,3367.0
10445,4.0,1114280.0,航海王電影：強者天下,0.9777238368988036,Q303929,Culture.Visual_arts.Comics_and_Anime,1114280.0,5098.360562916613,14.0,1548.0
10446,4.0,1114280.0,航海王電影：強者天下,0.9615437984466552,Q303929,Culture.Visual_arts.Visual_arts*,1114280.0,5098.360562916613,14.0,1548.0
10447,4.0,1114280.0,航海王電影：強者天下,0.9579222798347472,Q303929,Culture.Media.Media*,1114280.0,5098.360562916613,14.0,1548.0
10448,4.0,1114280.0,航海王電影：強者天下,0.952584147453308,Q303929,Culture.Media.Films,1114280.0,5098.360562916613,14.0,1548.0
10449,4.0,1114280.0,航海王電影：強者天下,0.9481645226478576,Q303929,Culture.Literature,1114280.0,5098.360562916613,14.0,1548.0
10450,4.0,1114280.0,航海王電影：強者天下,0.3862146010398865,Q303929,Geography.Regions.Asia.East_Asia,1114280.0,5098.360562916613,14.0,1548.0
10451,4.0,1114280.0,航海王電影：強者天下,0.32119916582107544,Q303929,Geography.Regions.Asia.Asia*,1114280.0,5098.360562916613,14.0,1548.0
10452,1.0,1114878.0,大原麗子,0.9973783493041992,Q1059833,Culture.Biography.Biography*,1114878.0,0.0,13.0,704.0
10453,1.0,1114878.0,大原麗子,0.6370407938957214,Q1059833,Culture.Biography.Women,1114878.0,0.0,13.0,704.0
10454,1.0,1114878.0,大原麗子,0.4605437984466553,Q1059833,Geography.Regions.Asia.East_Asia,1114878.0,0.0,13.0,704.0
10455,1.0,1114878.0,大原麗子,0.4440047016143799,Q1059833,Geography.Regions.Asia.Asia*,1114878.0,0.0,13.0,704.0
10456,1.0,1114878.0,大原麗子,0.1097157895565033,Q1059833,Culture.Media.Media*,1114878.0,0.0,13.0,704.0
10457,3.0,1115393.0,美利達工業,0.9935217499732972,Q619230,Culture.Biography.Biography*,1115393.0,0.0,3.0,1655.0
10458,3.0,1115393.0,美利達工業,0.9890230894088744,Q619230,History_and_Society.Society,1115393.0,0.0,3.0,1655.0
10459,3.0,1115393.0,美利達工業,0.9591643214225768,Q619230,History_and_Society.Business_and_economics,1115393.0,0.0,3.0,1655.0
10460,3.0,1115393.0,美利達工業,0.7310686111450195,Q619230,Culture.Sports,1115393.0,0.0,3.0,1655.0
10461,3.0,1115393.0,美利達工業,0.4773946871757507,Q619230,Geography.Regions.Asia.East_Asia,1115393.0,0.0,3.0,1655.0
10462,3.0,1115393.0,美利達工業,0.4486793746948242,Q619230,Geography.Regions.Asia.Asia*,1115393.0,0.0,3.0,1655.0
10463,3.0,1115393.0,美利達工業,0.1732981950044632,Q619230,STEM.STEM*,1115393.0,0.0,3.0,1655.0
10464,3.0,1117005.0,血鑽 (電影),0.9926641583442688,Q74958,Culture.Media.Films,1117005.0,7491.953585072837,11.0,2779.0
10465,3.0,1117005.0,血鑽 (電影),0.9914325475692748,Q74958,Culture.Media.Media*,1117005.0,7491.953585072837,11.0,2779.0
10466,3.0,1117005.0,血鑽 (電影),0.1520422399044037,Q74958,History_and_Society.Military_and_warfare,1117005.0,7491.953585072837,11.0,2779.0
10467,3.0,1117005.0,血鑽 (電影),0.0,Q74958,Geography.Regions.Americas.North_America,1117005.0,7491.953585072837,11.0,2779.0
10468,3.0,1117319.0,惠天賜,0.99745911359787,Q7234867,Culture.Biography.Biography*,1117319.0,421.9459757103245,12.0,1818.0
10469,3.0,1117319.0,惠天賜,0.0,Q7234867,Geography.Regions.Asia.Asia*,1117319.0,421.9459757103245,12.0,1818.0
10470,3.0,1117319.0,惠天賜,0.0,Q7234867,Geography.Regions.Asia.East_Asia,1117319.0,421.9459757103245,12.0,1818.0
10471,7.0,1120070.0,陳強 (主持人),0.9972950220108032,Q8931800,Culture.Biography.Biography*,1120070.0,1495.534786251411,12.0,3182.0
10472,7.0,1120070.0,陳強 (主持人),0.3629792034626007,Q8931800,Culture.Sports,1120070.0,1495.534786251411,12.0,3182.0
10473,7.0,1120070.0,陳強 (主持人),0.3548611869812012,Q8931800,Geography.Regions.Asia.East_Asia,1120070.0,1495.534786251411,12.0,3182.0
10474,7.0,1120070.0,陳強 (主持人),0.2653036584854126,Q8931800,Geography.Regions.Asia.Asia*,1120070.0,1495.534786251411,12.0,3182.0
10475,4.0,1120107.0,大明王朝1566,0.9149109721183776,Q5207270,Culture.Media.Media*,1120107.0,2708.0966447383435,4.0,2714.0
10476,4.0,1120107.0,大明王朝1566,0.8311530351638794,Q5207270,Culture.Media.Television,1120107.0,2708.0966447383435,4.0,2714.0
10477,4.0,1120107.0,大明王朝1566,0.24217800998687744,Q5207270,Geography.Regions.Asia.East_Asia,1120107.0,2708.0966447383435,4.0,2714.0
10478,4.0,1120107.0,大明王朝1566,0.15036486291885376,Q5207270,Geography.Regions.Asia.Asia*,1120107.0,2708.0966447383435,4.0,2714.0
10479,3.0,1121286.0,聽說,0.9241518378257751,Q704241,Culture.Media.Films,1121286.0,8056.41136595717,12.0,1960.0
10480,3.0,1121286.0,聽說,0.880807101726532,Q704241,Culture.Media.Media*,1121286.0,8056.41136595717,12.0,1960.0
10481,3.0,1121286.0,聽說,0.4605437984466553,Q704241,Geography.Regions.Asia.East_Asia,1121286.0,8056.41136595717,12.0,1960.0
10482,3.0,1121286.0,聽說,0.4334051480293274,Q704241,Geography.Regions.Asia.Asia*,1121286.0,8056.41136595717,12.0,1960.0
10483,3.0,1121286.0,聽說,0.26285186409950256,Q704241,History_and_Society.Society,1121286.0,8056.41136595717,12.0,1960.0
10484,15.0,1123164.0,意外 (電影),0.9073222279548644,Q2822693,Culture.Media.Media*,1123164.0,3740.431171068157,12.0,1545.0
10485,15.0,1123164.0,意外 (電影),0.8706072568893433,Q2822693,Culture.Media.Films,1123164.0,3740.431171068157,12.0,1545.0
10486,15.0,1123164.0,意外 (電影),0.38304929637908935,Q2822693,Geography.Regions.Asia.Asia*,1123164.0,3740.431171068157,12.0,1545.0
10487,15.0,1123164.0,意外 (電影),0.3764868249893189,Q2822693,Geography.Regions.Asia.East_Asia,1123164.0,3740.431171068157,12.0,1545.0
10488,2.0,1123632.0,衛生福利部中央健康保險署,1.0000100135803225,Q15913985,Culture.Biography.Biography*,1123632.0,2396.7545822029324,11.0,2177.0
10489,2.0,1123632.0,衛生福利部中央健康保險署,1.0000100135803225,Q15913985,History_and_Society.Society,1123632.0,2396.7545822029324,11.0,2177.0
10490,2.0,1123632.0,衛生福利部中央健康保險署,0.4986055364608765,Q15913985,Geography.Regions.Asia.East_Asia,1123632.0,2396.7545822029324,11.0,2177.0
10491,2.0,1123632.0,衛生福利部中央健康保險署,0.495837317943573,Q15913985,Geography.Regions.Asia.Asia*,1123632.0,2396.7545822029324,11.0,2177.0
10492,2.0,1123632.0,衛生福利部中央健康保險署,0.3073680400848389,Q15913985,STEM.STEM*,1123632.0,2396.7545822029324,11.0,2177.0
10493,2.0,1123632.0,衛生福利部中央健康保險署,0.3007555902004242,Q15913985,History_and_Society.Business_and_economics,1123632.0,2396.7545822029324,11.0,2177.0
10494,2.0,1123632.0,衛生福利部中央健康保險署,0.24509501457214355,Q15913985,History_and_Society.Education,1123632.0,2396.7545822029324,11.0,2177.0
10495,2.0,1123632.0,衛生福利部中央健康保險署,0.2069040536880493,Q15913985,Culture.Media.Media*,1123632.0,2396.7545822029324,11.0,2177.0
10496,2.0,1123632.0,衛生福利部中央健康保險署,0.2069040536880493,Q15913985,Culture.Visual_arts.Visual_arts*,1123632.0,2396.7545822029324,11.0,2177.0
10497,2.0,1123632.0,衛生福利部中央健康保險署,0.19194278120994568,Q15913985,Culture.Visual_arts.Architecture,1123632.0,2396.7545822029324,11.0,2177.0
10498,2.0,1123632.0,衛生福利部中央健康保險署,0.18714269995689392,Q15913985,History_and_Society.Politics_and_government,1123632.0,2396.7545822029324,11.0,2177.0
10499,2.0,1123632.0,衛生福利部中央健康保險署,0.1259327530860901,Q15913985,Culture.Sports,1123632.0,2396.7545822029324,11.0,2177.0
10500,2.0,1123632.0,衛生福利部中央健康保險署,0.1097157895565033,Q15913985,Culture.Media.Television,1123632.0,2396.7545822029324,11.0,2177.0
10501,2.0,1123632.0,衛生福利部中央健康保險署,0.1067005917429924,Q15913985,History_and_Society.Transportation,1123632.0,2396.7545822029324,11.0,2177.0
10502,2.0,1123632.0,衛生福利部中央健康保險署,0.10375863313674928,Q15913985,STEM.Earth_and_environment,1123632.0,2396.7545822029324,11.0,2177.0
10503,8.0,1124409.0,梁志祥,0.9697954058647156,Q6534559,Culture.Biography.Biography*,1124409.0,16.280195387414068,3.0,2449.0
10504,8.0,1124409.0,梁志祥,0.18495945835113525,Q6534559,Geography.Regions.Asia.East_Asia,1124409.0,16.280195387414068,3.0,2449.0
10505,8.0,1124409.0,梁志祥,0.17818872833251953,Q6534559,Geography.Regions.Asia.Asia*,1124409.0,16.280195387414068,3.0,2449.0
10506,1.0,1126525.0,橋港大學,0.9790457487106324,Q1055874,Geography.Regions.Americas.North_America,1126525.0,0.0,4.0,2872.0
10507,1.0,1126525.0,橋港大學,0.9566442370414734,Q1055874,History_and_Society.Education,1126525.0,0.0,4.0,2872.0
10508,1.0,1126525.0,橋港大學,0.3415925204753876,Q1055874,Culture.Philosophy_and_religion,1126525.0,0.0,4.0,2872.0
10509,1.0,1130303.0,聖誕之吻,1.0000100135803225,Q452402,Culture.Visual_arts.Comics_and_Anime,1130303.0,0.0,13.0,2593.0
10510,1.0,1130303.0,聖誕之吻,1.0000100135803225,Q452402,Culture.Visual_arts.Visual_arts*,1130303.0,0.0,13.0,2593.0
10511,1.0,1130303.0,聖誕之吻,0.9991804361343384,Q452402,Culture.Literature,1130303.0,0.0,13.0,2593.0
10512,1.0,1130303.0,聖誕之吻,0.98678719997406,Q452402,Culture.Media.Video_games,1130303.0,0.0,13.0,2593.0
10513,1.0,1130303.0,聖誕之吻,0.9850529432296752,Q452402,Culture.Internet_culture,1130303.0,0.0,13.0,2593.0
10514,1.0,1130303.0,聖誕之吻,0.9073222279548644,Q452402,Culture.Media.Media*,1130303.0,0.0,13.0,2593.0
10515,4.0,1130424.0,风声 (电影),0.9648651480674744,Q1042247,Culture.Media.Media*,1130424.0,4442.798524696309,12.0,2904.0
10516,4.0,1130424.0,风声 (电影),0.9149109721183776,Q1042247,Culture.Media.Films,1130424.0,4442.798524696309,12.0,2904.0
10517,4.0,1130424.0,风声 (电影),0.4581643214225769,Q1042247,Geography.Regions.Asia.East_Asia,1130424.0,4442.798524696309,12.0,2904.0
10518,4.0,1130424.0,风声 (电影),0.4114462008476257,Q1042247,Geography.Regions.Asia.Asia*,1130424.0,4442.798524696309,12.0,2904.0
10519,2.0,1131117.0,大黄,0.9996417164802552,Q7535,STEM.Biology,1131117.0,3942.0000000000014,5.0,2768.0
10520,2.0,1131117.0,大黄,0.9992778301239014,Q7535,STEM.STEM*,1131117.0,3942.0000000000014,5.0,2768.0
10521,2.0,1131117.0,大黄,0.6224693655967712,Q7535,Culture.Food_and_drink,1131117.0,3942.0000000000014,5.0,2768.0
10522,3.0,1133685.0,林子博,0.9965265989303588,Q9291011,Culture.Biography.Biography*,1133685.0,601.3712491767395,12.0,1717.0
10523,3.0,1133685.0,林子博,0.6076731681823729,Q9291011,Culture.Media.Media*,1133685.0,601.3712491767395,12.0,1717.0
10524,3.0,1133685.0,林子博,0.0,Q9291011,Geography.Regions.Asia.Asia*,1133685.0,601.3712491767395,12.0,1717.0
10525,1.0,1134924.0,落地，请开手机,0.8519628047943115,Q15914387,Culture.Media.Television,1134924.0,0.0,12.0,1895.0
10526,1.0,1134924.0,落地，请开手机,0.7773098945617676,Q15914387,Culture.Media.Media*,1134924.0,0.0,12.0,1895.0
10527,1.0,1134924.0,落地，请开手机,0.0,Q15914387,Geography.Regions.Asia.Asia*,1134924.0,0.0,12.0,1895.0
10528,2.0,1135635.0,草莽英雌,0.9850529432296752,Q10505215,Culture.Media.Films,1135635.0,392.3274364102594,12.0,438.0
10529,2.0,1135635.0,草莽英雌,0.9416641592979432,Q10505215,Culture.Media.Media*,1135635.0,392.3274364102594,12.0,438.0
10530,2.0,1135635.0,草莽英雌,0.497142421245575,Q10505215,Geography.Regions.Asia.East_Asia,1135635.0,392.3274364102594,12.0,438.0
10531,2.0,1135635.0,草莽英雌,0.4946784844398498,Q10505215,Geography.Regions.Asia.Asia*,1135635.0,392.3274364102594,12.0,438.0
10532,2.0,1135635.0,草莽英雌,0.14415885508060455,Q10505215,Culture.Biography.Biography*,1135635.0,392.3274364102594,12.0,438.0
10533,4.0,1138409.0,剑灵,0.9990700483322144,Q488144,Culture.Media.Video_games,1138409.0,23945.004139916982,16.0,3974.0
10534,4.0,1138409.0,剑灵,0.9986429810523988,Q488144,Culture.Internet_culture,1138409.0,23945.004139916982,16.0,3974.0
10535,4.0,1138409.0,剑灵,0.9715740084648132,Q488144,Culture.Media.Media*,1138409.0,23945.004139916982,16.0,3974.0
10536,4.0,1138409.0,剑灵,0.7931159734725952,Q488144,Culture.Literature,1138409.0,23945.004139916982,16.0,3974.0
10537,4.0,1138409.0,剑灵,0.754925012588501,Q488144,Culture.Visual_arts.Visual_arts*,1138409.0,23945.004139916982,16.0,3974.0
10538,4.0,1138409.0,剑灵,0.7490972280502319,Q488144,Culture.Visual_arts.Comics_and_Anime,1138409.0,23945.004139916982,16.0,3974.0
10539,6.0,1140779.0,荒山亮,1.0000100135803225,Q15904590,Culture.Biography.Biography*,1140779.0,17.497694085178086,4.0,2050.0
10540,6.0,1140779.0,荒山亮,0.9972090721130372,Q15904590,History_and_Society.Society,1140779.0,17.497694085178086,4.0,2050.0
10541,6.0,1140779.0,荒山亮,0.4911941161155701,Q15904590,Geography.Regions.Asia.East_Asia,1140779.0,17.497694085178086,4.0,2050.0
10542,6.0,1140779.0,荒山亮,0.478677677154541,Q15904590,Geography.Regions.Asia.Asia*,1140779.0,17.497694085178086,4.0,2050.0
10543,1.0,1141378.0,曾仕强,1.0000100135803225,Q9189696,Culture.Biography.Biography*,1141378.0,0.0,5.0,2367.0
10544,1.0,1141378.0,曾仕强,0.951152205467224,Q9189696,History_and_Society.Society,1141378.0,0.0,5.0,2367.0
10545,1.0,1141378.0,曾仕强,0.4970832934379578,Q9189696,Geography.Regions.Asia.East_Asia,1141378.0,0.0,5.0,2367.0
10546,1.0,1141378.0,曾仕强,0.4792908897399902,Q9189696,Geography.Regions.Asia.Asia*,1141378.0,0.0,5.0,2367.0
10547,1.0,1143275.0,魚躍在花見,0.966924011707306,Q7760853,Culture.Media.Media*,1143275.0,0.0,12.0,2371.0
10548,1.0,1143275.0,魚躍在花見,0.9241518378257751,Q7760853,Culture.Media.Television,1143275.0,0.0,12.0,2371.0
10549,1.0,1143275.0,魚躍在花見,0.4745869507789612,Q7760853,Geography.Regions.Asia.Asia*,1143275.0,0.0,12.0,2371.0
10550,1.0,1143275.0,魚躍在花見,0.40093068981170654,Q7760853,Geography.Regions.Asia.East_Asia,1143275.0,0.0,12.0,2371.0
10551,8.0,1148567.0,安娜·派昆,0.998876452445984,Q199884,Culture.Biography.Biography*,1148567.0,5826.775775294167,6.0,1699.0
10552,8.0,1148567.0,安娜·派昆,0.991162657737732,Q199884,Culture.Biography.Women,1148567.0,5826.775775294167,6.0,1699.0
10553,8.0,1148567.0,安娜·派昆,0.2653036584854126,Q199884,Geography.Regions.Americas.North_America,1148567.0,5826.775775294167,6.0,1699.0
10554,8.0,1148567.0,安娜·派昆,0.2393593490123749,Q199884,Culture.Media.Media*,1148567.0,5826.775775294167,6.0,1699.0
10555,8.0,1148567.0,安娜·派昆,0.18714269995689392,Q199884,Culture.Literature,1148567.0,5826.775775294167,6.0,1699.0
10556,8.0,1148567.0,安娜·派昆,0.1732981950044632,Q199884,History_and_Society.Society,1148567.0,5826.775775294167,6.0,1699.0
10557,8.0,1148567.0,安娜·派昆,0.10088862478733064,Q199884,Culture.Media.Television,1148567.0,5826.775775294167,6.0,1699.0
10558,4.0,1149156.0,文强 (重庆),0.990301549434662,Q7927961,Culture.Biography.Biography*,1149156.0,6029.6732703250245,2.0,3777.0
10559,4.0,1149156.0,文强 (重庆),0.40366052293777466,Q7927961,Geography.Regions.Asia.East_Asia,1149156.0,6029.6732703250245,2.0,3777.0
10560,4.0,1149156.0,文强 (重庆),0.3070772161483765,Q7927961,Geography.Regions.Asia.Asia*,1149156.0,6029.6732703250245,2.0,3777.0
10561,4.0,1149156.0,文强 (重庆),0.11597072333097458,Q7927961,History_and_Society.Politics_and_government,1149156.0,6029.6732703250245,2.0,3777.0
10562,2.0,1149902.0,屍樂園,0.9992059469223022,Q219810,Culture.Media.Films,1149902.0,103.72987046204392,6.0,2612.0
10563,2.0,1149902.0,屍樂園,0.9981998205184937,Q219810,Culture.Media.Media*,1149902.0,103.72987046204392,6.0,2612.0
10564,2.0,1149902.0,屍樂園,0.6654205918312073,Q219810,Culture.Media.Entertainment,1149902.0,103.72987046204392,6.0,2612.0
10565,2.0,1149902.0,屍樂園,0.23616819286346435,Q219810,Geography.Regions.Americas.North_America,1149902.0,103.72987046204392,6.0,2612.0
10566,2.0,1149902.0,屍樂園,0.10375863313674928,Q219810,Culture.Literature,1149902.0,103.72987046204392,6.0,2612.0
10567,2.0,1150339.0,賀一誠,0.9935217499732972,Q9346254,Culture.Biography.Biography*,1150339.0,850.4464882940844,2.0,2665.0
10568,2.0,1150339.0,賀一誠,0.3469777574539185,Q9346254,Geography.Regions.Asia.East_Asia,1150339.0,850.4464882940844,2.0,2665.0
10569,2.0,1150339.0,賀一誠,0.19826446676254272,Q9346254,Geography.Regions.Asia.Asia*,1150339.0,850.4464882940844,2.0,2665.0
10570,2.0,1152657.0,王大仁,0.967909336090088,Q705844,Culture.Biography.Biography*,1152657.0,3942.0,12.0,2410.0
10571,2.0,1152657.0,王大仁,0.8962613940238953,Q705844,Culture.Visual_arts.Fashion,1152657.0,3942.0,12.0,2410.0
10572,2.0,1152657.0,王大仁,0.8933194279670715,Q705844,Culture.Visual_arts.Visual_arts*,1152657.0,3942.0,12.0,2410.0
10573,2.0,1152657.0,王大仁,0.4455395638942719,Q705844,History_and_Society.Business_and_economics,1152657.0,3942.0,12.0,2410.0
10574,2.0,1152657.0,王大仁,0.0,Q705844,Geography.Regions.Americas.North_America,1152657.0,3942.0,12.0,2410.0
10575,2.0,1153528.0,白髮魔女傳,0.9883227348327636,Q4843210,Culture.Literature,1153528.0,1000.22266478804,4.0,2749.0
10576,2.0,1153528.0,白髮魔女傳,0.9879562258720398,Q4843210,Culture.Media.Books,1153528.0,1000.22266478804,4.0,2749.0
10577,2.0,1153528.0,白髮魔女傳,0.9841036200523376,Q4843210,Culture.Media.Media*,1153528.0,1000.22266478804,4.0,2749.0
10578,2.0,1153528.0,白髮魔女傳,0.17818872833251953,Q4843210,Geography.Regions.Asia.East_Asia,1153528.0,1000.22266478804,4.0,2749.0
10579,2.0,1153528.0,白髮魔女傳,0.0991983880996704,Q4843210,Geography.Regions.Asia.Asia*,1153528.0,1000.22266478804,4.0,2749.0
10580,4.0,1153579.0,大胃王,0.38492217659950256,Q1576973,Culture.Media.Media*,1153579.0,7883.0,13.0,1242.0
10581,4.0,1153579.0,大胃王,0.3775506913661957,Q1576973,STEM.STEM*,1153579.0,7883.0,13.0,1242.0
10582,4.0,1153579.0,大胃王,0.3629792034626007,Q1576973,Culture.Visual_arts.Visual_arts*,1153579.0,7883.0,13.0,1242.0
10583,4.0,1153579.0,大胃王,0.19194278120994568,Q1576973,Culture.Sports,1153579.0,7883.0,13.0,1242.0
10584,4.0,1153579.0,大胃王,0.1824355274438858,Q1576973,STEM.Technology,1153579.0,7883.0,13.0,1242.0
10585,4.0,1153579.0,大胃王,0.1520422399044037,Q1576973,History_and_Society.Society,1153579.0,7883.0,13.0,1242.0
10586,4.0,1153579.0,大胃王,0.13661839067935946,Q1576973,Culture.Media.Music,1153579.0,7883.0,13.0,1242.0
10587,4.0,1153579.0,大胃王,0.1294127255678177,Q1576973,Culture.Visual_arts.Comics_and_Anime,1153579.0,7883.0,13.0,1242.0
10588,4.0,1153579.0,大胃王,0.1097157895565033,Q1576973,History_and_Society.History,1153579.0,7883.0,13.0,1242.0
10589,1.0,1154245.0,國光勳章,0.8933194279670715,Q765429,History_and_Society.Military_and_warfare,1154245.0,0.0,2.0,2279.0
10590,1.0,1154245.0,國光勳章,0.585111141204834,Q765429,Culture.Biography.Biography*,1154245.0,0.0,2.0,2279.0
10591,1.0,1154245.0,國光勳章,0.320831298828125,Q765429,History_and_Society.Society,1154245.0,0.0,2.0,2279.0
10592,1.0,1154245.0,國光勳章,0.23616819286346435,Q765429,Geography.Regions.Asia.Asia*,1154245.0,0.0,2.0,2279.0
10593,1.0,1154245.0,國光勳章,0.12146936559677125,Q765429,Geography.Regions.Asia.East_Asia,1154245.0,0.0,2.0,2279.0
10594,1.0,1154245.0,國光勳章,0.0,Q765429,Geography.Regions.Europe.Europe*,1154245.0,0.0,2.0,2279.0
10595,1.0,1154245.0,國光勳章,0.0,Q765429,Geography.Regions.Asia.South_Asia,1154245.0,0.0,2.0,2279.0
10596,2.0,1156669.0,袁詠琳,0.9935217499732972,Q5120617,Culture.Biography.Biography*,1156669.0,549.1751473166407,12.0,2318.0
10597,2.0,1156669.0,袁詠琳,0.40734341740608215,Q5120617,Culture.Biography.Women,1156669.0,549.1751473166407,12.0,2318.0
10598,2.0,1156669.0,袁詠琳,0.2393593490123749,Q5120617,Culture.Media.Music,1156669.0,549.1751473166407,12.0,2318.0
10599,2.0,1156669.0,袁詠琳,0.16886694729328156,Q5120617,Culture.Media.Media*,1156669.0,549.1751473166407,12.0,2318.0
10600,2.0,1156669.0,袁詠琳,0.0,Q5120617,Geography.Regions.Asia.Asia*,1156669.0,549.1751473166407,12.0,2318.0
10601,2.0,1156669.0,袁詠琳,0.0,Q5120617,Geography.Regions.Asia.East_Asia,1156669.0,549.1751473166407,12.0,2318.0
10602,3.0,1156695.0,批鬥,0.6723417043685913,Q2681848,STEM.STEM*,1156695.0,1469.340424157321,2.0,2085.0
10603,3.0,1156695.0,批鬥,0.3702353835105896,Q2681848,History_and_Society.Society,1156695.0,1469.340424157321,2.0,2085.0
10604,3.0,1156695.0,批鬥,0.348655104637146,Q2681848,STEM.Medicine_&_Health,1156695.0,1469.340424157321,2.0,2085.0
10605,3.0,1156695.0,批鬥,0.2509227991104126,Q2681848,History_and_Society.History,1156695.0,1469.340424157321,2.0,2085.0
10606,3.0,1156695.0,批鬥,0.19194278120994568,Q2681848,Culture.Sports,1156695.0,1469.340424157321,2.0,2085.0
10607,3.0,1156695.0,批鬥,0.13661839067935946,Q2681848,History_and_Society.Politics_and_government,1156695.0,1469.340424157321,2.0,2085.0
10608,3.0,1156695.0,批鬥,0.13297423720359802,Q2681848,History_and_Society.Military_and_warfare,1156695.0,1469.340424157321,2.0,2085.0
10609,3.0,1156695.0,批鬥,0.13297423720359802,Q2681848,Culture.Philosophy_and_religion,1156695.0,1469.340424157321,2.0,2085.0
10610,3.0,1156695.0,批鬥,0.12253321707248688,Q2681848,History_and_Society.Business_and_economics,1156695.0,1469.340424157321,2.0,2085.0
10611,3.0,1156695.0,批鬥,0.0,Q2681848,Geography.Regions.Asia.East_Asia,1156695.0,1469.340424157321,2.0,2085.0
10612,3.0,1156695.0,批鬥,0.0,Q2681848,Geography.Regions.Asia.Asia*,1156695.0,1469.340424157321,2.0,2085.0
10613,2.0,1158396.0,萧建华,0.9970290064811708,Q9185969,Culture.Biography.Biography*,1158396.0,0.0,2.0,2446.0
10614,2.0,1158396.0,萧建华,0.3165845146179199,Q9185969,Geography.Regions.Asia.East_Asia,1158396.0,0.0,2.0,2446.0
10615,2.0,1158396.0,萧建华,0.11921291798353195,Q9185969,History_and_Society.Business_and_economics,1158396.0,0.0,2.0,2446.0
10616,2.0,1158396.0,萧建华,0.11409788036346435,Q9185969,Geography.Regions.Asia.Asia*,1158396.0,0.0,2.0,2446.0
10617,1.0,1159196.0,南风窗,0.98678719997406,Q7568298,Culture.Literature,1159196.0,0.0,2.0,1452.0
10618,1.0,1159196.0,南风窗,0.9850529432296752,Q7568298,Culture.Media.Entertainment,1159196.0,0.0,2.0,1452.0
10619,1.0,1159196.0,南风窗,0.9770326614379884,Q7568298,Culture.Media.Media*,1159196.0,0.0,2.0,1452.0
10620,1.0,1159196.0,南风窗,0.0,Q7568298,Geography.Regions.Asia.Asia*,1159196.0,0.0,2.0,1452.0
10621,1.0,1159196.0,南风窗,0.0,Q7568298,Geography.Regions.Europe.Europe*,1159196.0,0.0,2.0,1452.0
10622,3.0,1160086.0,陳嘉寶,0.9958112239837646,Q7199725,Culture.Biography.Biography*,1160086.0,6280.851702494334,12.0,3215.0
10623,3.0,1160086.0,陳嘉寶,0.8670457601547241,Q7199725,Culture.Biography.Women,1160086.0,6280.851702494334,12.0,3215.0
10624,3.0,1160086.0,陳嘉寶,0.4898843636512756,Q7199725,Geography.Regions.Asia.East_Asia,1160086.0,6280.851702494334,12.0,3215.0
10625,3.0,1160086.0,陳嘉寶,0.4659240117073059,Q7199725,Geography.Regions.Asia.Asia*,1160086.0,6280.851702494334,12.0,3215.0
10626,2.0,1160364.0,五马进京,0.4990100135803223,Q9384997,Geography.Regions.Asia.East_Asia,1160364.0,0.0,1.0,1260.0
10627,2.0,1160364.0,五马进京,0.49675815010070795,Q9384997,Geography.Regions.Asia.Asia*,1160364.0,0.0,1.0,1260.0
10628,5.0,1160850.0,祖鋒,0.9939124584197998,Q9321349,Culture.Biography.Biography*,1160850.0,3983.7492206112,12.0,1855.0
10629,5.0,1160850.0,祖鋒,0.3981314172744751,Q9321349,Geography.Regions.Asia.East_Asia,1160850.0,3983.7492206112,12.0,1855.0
10630,5.0,1160850.0,祖鋒,0.2653036584854126,Q9321349,Geography.Regions.Asia.Asia*,1160850.0,3983.7492206112,12.0,1855.0
10631,2.0,1162675.0,腦波,0.880807101726532,Q24841392,STEM.STEM*,1162675.0,444.3424848158778,10.0,3738.0
10632,2.0,1162675.0,腦波,0.3998216390609741,Q24841392,STEM.Physics,1162675.0,444.3424848158778,10.0,3738.0
10633,2.0,1162675.0,腦波,0.10375863313674928,Q24841392,STEM.Technology,1162675.0,444.3424848158778,10.0,3738.0
10634,3.0,1163140.0,盧秀芳,1.0000100135803225,Q9320607,Culture.Biography.Biography*,1163140.0,13646.373302300666,2.0,2855.0
10635,3.0,1163140.0,盧秀芳,0.996837317943573,Q9320607,History_and_Society.Society,1163140.0,13646.373302300666,2.0,2855.0
10636,3.0,1163140.0,盧秀芳,0.7490972280502319,Q9320607,Culture.Biography.Women,1163140.0,13646.373302300666,2.0,2855.0
10637,3.0,1163140.0,盧秀芳,0.4960290064811706,Q9320607,Geography.Regions.Asia.East_Asia,1163140.0,13646.373302300666,2.0,2855.0
10638,3.0,1163140.0,盧秀芳,0.4857871999740601,Q9320607,Geography.Regions.Asia.Asia*,1163140.0,13646.373302300666,2.0,2855.0
10639,3.0,1163140.0,盧秀芳,0.2120788097381592,Q9320607,Culture.Media.Media*,1163140.0,13646.373302300666,2.0,2855.0
10640,3.0,1163140.0,盧秀芳,0.1259327530860901,Q9320607,Culture.Media.Television,1163140.0,13646.373302300666,2.0,2855.0
10641,4.0,1163797.0,廖凡,0.9989450573921204,Q8986791,Culture.Biography.Biography*,1163797.0,7508.962313097281,12.0,1385.0
10642,4.0,1163797.0,廖凡,0.15036486291885376,Q8986791,Geography.Regions.Asia.East_Asia,1163797.0,7508.962313097281,12.0,1385.0
10643,4.0,1163797.0,廖凡,0.13604079389572146,Q8986791,Geography.Regions.Asia.Asia*,1163797.0,7508.962313097281,12.0,1385.0
10644,24.0,1164129.0,第一財政大臣,0.9579222798347472,Q609884,History_and_Society.Politics_and_government,1164129.0,2605.912903021197,1.0,881.0
10645,1.0,1164288.0,库鲁病,1.0000100135803225,Q274615,STEM.Medicine_&_Health,1164288.0,0.0,10.0,2848.0
10646,1.0,1164288.0,库鲁病,1.0000100135803225,Q274615,STEM.STEM*,1164288.0,0.0,10.0,2848.0
10647,1.0,1164288.0,库鲁病,0.15611489117145538,Q274615,STEM.Biology,1164288.0,0.0,10.0,2848.0
10648,3.0,1165414.0,紫石英号事件,0.9992545843124391,Q4202301,Geography.Regions.Asia.Asia*,1165414.0,1990.154594494328,1.0,5535.0
10649,3.0,1165414.0,紫石英号事件,0.9991540908813475,Q4202301,Geography.Regions.Asia.East_Asia,1165414.0,1990.154594494328,1.0,5535.0
10650,3.0,1165414.0,紫石英号事件,0.8740872144699097,Q4202301,Culture.Visual_arts.Architecture,1165414.0,1990.154594494328,1.0,5535.0
10651,3.0,1165414.0,紫石英号事件,0.8596737384796143,Q4202301,Culture.Biography.Biography*,1165414.0,1990.154594494328,1.0,5535.0
10652,3.0,1165414.0,紫石英号事件,0.839743971824646,Q4202301,History_and_Society.Military_and_warfare,1165414.0,1990.154594494328,1.0,5535.0
10653,3.0,1165414.0,紫石英号事件,0.812877357006073,Q4202301,Culture.Visual_arts.Visual_arts*,1165414.0,1990.154594494328,1.0,5535.0
10654,3.0,1165414.0,紫石英号事件,0.287777841091156,Q4202301,History_and_Society.Politics_and_government,1165414.0,1990.154594494328,1.0,5535.0
10655,3.0,1165414.0,紫石英号事件,0.12253321707248688,Q4202301,History_and_Society.Society,1165414.0,1990.154594494328,1.0,5535.0
10656,1.0,1166122.0,英國國民（海外）護照,0.15611489117145538,Q4970512,History_and_Society.Politics_and_government,1166122.0,0.0,12.0,4377.0
10657,1.0,1166122.0,英國國民（海外）護照,0.0,Q4970512,Geography.Regions.Europe.Europe*,1166122.0,0.0,12.0,4377.0
10658,1.0,1166122.0,英國國民（海外）護照,0.0,Q4970512,Geography.Regions.Americas.Central_America,1166122.0,0.0,12.0,4377.0
10659,1.0,1166122.0,英國國民（海外）護照,0.0,Q4970512,Geography.Regions.Asia.Asia*,1166122.0,0.0,12.0,4377.0
10660,1.0,1166122.0,英國國民（海外）護照,0.0,Q4970512,Geography.Regions.Oceania,1166122.0,0.0,12.0,4377.0
10661,1.0,1166122.0,英國國民（海外）護照,0.0,Q4970512,Geography.Regions.Africa.Africa*,1166122.0,0.0,12.0,4377.0
10662,1.0,1166122.0,英國國民（海外）護照,0.0,Q4970512,Geography.Regions.Asia.West_Asia,1166122.0,0.0,12.0,4377.0
10663,1.0,1166122.0,英國國民（海外）護照,0.0,Q4970512,Geography.Regions.Europe.Northern_Europe,1166122.0,0.0,12.0,4377.0
10664,1.0,1166122.0,英國國民（海外）護照,0.0,Q4970512,Geography.Regions.Europe.Southern_Europe,1166122.0,0.0,12.0,4377.0
10665,2.0,1166419.0,艾洛蒂·袁,0.9984612464904784,Q326837,Culture.Biography.Biography*,1166419.0,15.594638680033414,11.0,1203.0
10666,2.0,1166419.0,艾洛蒂·袁,0.6926519870758057,Q326837,Culture.Biography.Women,1166419.0,15.594638680033414,11.0,1203.0
10667,2.0,1166419.0,艾洛蒂·袁,0.16027602553367615,Q326837,Culture.Sports,1166419.0,15.594638680033414,11.0,1203.0
10668,2.0,1166419.0,艾洛蒂·袁,0.037993239402771,Q326837,Geography.Regions.Europe.Europe*,1166419.0,15.594638680033414,11.0,1203.0
10669,2.0,1166419.0,艾洛蒂·袁,0.0,Q326837,Geography.Regions.Europe.Western_Europe,1166419.0,15.594638680033414,11.0,1203.0
10670,6.0,1166462.0,最佳國語男歌手獎 (金曲獎),1.0000100135803225,Q11091701,Culture.Biography.Biography*,1166462.0,9040.487158091899,12.0,2213.0
10671,6.0,1166462.0,最佳國語男歌手獎 (金曲獎),0.9935217499732972,Q11091701,History_and_Society.Society,1166462.0,9040.487158091899,12.0,2213.0
10672,6.0,1166462.0,最佳國語男歌手獎 (金曲獎),0.4929124584197998,Q11091701,Geography.Regions.Asia.East_Asia,1166462.0,9040.487158091899,12.0,2213.0
10673,6.0,1166462.0,最佳國語男歌手獎 (金曲獎),0.4294682612419128,Q11091701,Geography.Regions.Asia.Asia*,1166462.0,9040.487158091899,12.0,2213.0
10674,1.0,1166513.0,歐直AS365海豚直升機,0.9991804361343384,Q39663,STEM.Engineering,1166513.0,0.0,11.0,2527.0
10675,1.0,1166513.0,歐直AS365海豚直升機,0.9987257122993468,Q39663,History_and_Society.Transportation,1166513.0,0.0,11.0,2527.0
10676,1.0,1166513.0,歐直AS365海豚直升機,0.9976868629455566,Q39663,STEM.STEM*,1166513.0,0.0,11.0,2527.0
10677,1.0,1166513.0,歐直AS365海豚直升機,0.8221991658210754,Q39663,History_and_Society.Military_and_warfare,1166513.0,0.0,11.0,2527.0
10678,1.0,1166513.0,歐直AS365海豚直升機,0.22388027811050412,Q39663,Geography.Regions.Europe.Europe*,1166513.0,0.0,11.0,2527.0
10679,1.0,1166513.0,歐直AS365海豚直升機,0.03021936321258545,Q39663,Geography.Regions.Europe.Western_Europe,1166513.0,0.0,11.0,2527.0
10680,1.0,1166513.0,歐直AS365海豚直升機,0.0,Q39663,Geography.Regions.Asia.Asia*,1166513.0,0.0,11.0,2527.0
10681,2.0,1168556.0,静电,0.7122421860694885,Q845744,STEM.STEM*,1168556.0,7882.0,10.0,2298.0
10682,2.0,1168556.0,静电,0.22816647589206696,Q845744,History_and_Society.Society,1168556.0,7882.0,10.0,2298.0
10683,2.0,1168556.0,静电,0.1732981950044632,Q845744,STEM.Biology,1168556.0,7882.0,10.0,2298.0
10684,2.0,1168556.0,静电,0.16452647745609286,Q845744,STEM.Medicine_&_Health,1168556.0,7882.0,10.0,2298.0
10685,2.0,1168556.0,静电,0.1097157895565033,Q845744,STEM.Technology,1168556.0,7882.0,10.0,2298.0
10686,2.0,1168556.0,静电,0.0,Q845744,Geography.Regions.Asia.Asia*,1168556.0,7882.0,10.0,2298.0
10687,7.0,1169613.0,异形大战铁血战士,0.99745911359787,Q155163,Culture.Media.Films,1169613.0,16919.15285247537,9.0,1953.0
10688,7.0,1169613.0,异形大战铁血战士,0.9965265989303588,Q155163,Culture.Media.Media*,1169613.0,16919.15285247537,9.0,1953.0
10689,7.0,1169613.0,异形大战铁血战士,0.59267657995224,Q155163,Culture.Media.Entertainment,1169613.0,16919.15285247537,9.0,1953.0
10690,7.0,1169613.0,异形大战铁血战士,0.19194278120994568,Q155163,Culture.Literature,1169613.0,16919.15285247537,9.0,1953.0
10691,7.0,1169613.0,异形大战铁血战士,0.1294127255678177,Q155163,Culture.Visual_arts.Comics_and_Anime,1169613.0,16919.15285247537,9.0,1953.0
10692,7.0,1169613.0,异形大战铁血战士,0.0,Q155163,Geography.Regions.Americas.North_America,1169613.0,16919.15285247537,9.0,1953.0
10693,7.0,1169613.0,异形大战铁血战士,0.0,Q155163,Geography.Regions.Europe.Europe*,1169613.0,16919.15285247537,9.0,1953.0
10694,2.0,1170575.0,打鬼戰士1：世界末日求生指南,0.98678719997406,Q2439688,Culture.Media.Media*,1170575.0,0.0,6.0,1694.0
10695,2.0,1170575.0,打鬼戰士1：世界末日求生指南,0.967909336090088,Q2439688,Culture.Literature,1170575.0,0.0,6.0,1694.0
10696,2.0,1170575.0,打鬼戰士1：世界末日求生指南,0.9344051480293274,Q2439688,Culture.Media.Books,1170575.0,0.0,6.0,1694.0
10697,5.0,1172214.0,情迷索瑪莉,0.9947898983955384,Q177374,Culture.Media.Media*,1172214.0,1127.545531647513,6.0,749.0
10698,5.0,1172214.0,情迷索瑪莉,0.991162657737732,Q177374,Culture.Media.Films,1172214.0,1127.545531647513,6.0,749.0
10699,5.0,1172214.0,情迷索瑪莉,0.3923468291759491,Q177374,Culture.Media.Entertainment,1172214.0,1127.545531647513,6.0,749.0
10700,5.0,1172214.0,情迷索瑪莉,0.037993239402771,Q177374,Geography.Regions.Americas.North_America,1172214.0,1127.545531647513,6.0,749.0
10701,2.0,1172261.0,打鬼戰士II：檔案Z,0.9993003606796264,Q28172,Culture.Media.Books,1172261.0,0.0,6.0,1976.0
10702,2.0,1172261.0,打鬼戰士II：檔案Z,0.9989112615585328,Q28172,Culture.Literature,1172261.0,0.0,6.0,1976.0
10703,2.0,1172261.0,打鬼戰士II：檔案Z,0.9972950220108032,Q28172,Culture.Media.Media*,1172261.0,0.0,6.0,1976.0
10704,2.0,1172261.0,打鬼戰士II：檔案Z,0.2120788097381592,Q28172,Culture.Media.Entertainment,1172261.0,0.0,6.0,1976.0
10705,3.0,1172332.0,葉金鳳,1.0000100135803225,Q8280389,Culture.Biography.Biography*,1172332.0,0.0,4.0,972.0
10706,3.0,1172332.0,葉金鳳,0.9304682612419128,Q8280389,History_and_Society.Society,1172332.0,0.0,4.0,972.0
10707,3.0,1172332.0,葉金鳳,0.6584275364875793,Q8280389,Culture.Biography.Women,1172332.0,0.0,4.0,972.0
10708,3.0,1172332.0,葉金鳳,0.4901626577377319,Q8280389,Geography.Regions.Asia.East_Asia,1172332.0,0.0,4.0,972.0
10709,3.0,1172332.0,葉金鳳,0.4880230894088745,Q8280389,Geography.Regions.Asia.Asia*,1172332.0,0.0,4.0,972.0
10710,2.0,1172933.0,成泰燊,1.0000100135803225,Q8937703,Culture.Biography.Biography*,1172933.0,0.0,12.0,1035.0
10711,2.0,1172933.0,成泰燊,0.19165198707580566,Q8937703,Geography.Regions.Asia.East_Asia,1172933.0,0.0,12.0,1035.0
10712,2.0,1172933.0,成泰燊,0.0,Q8937703,Geography.Regions.Asia.Asia*,1172933.0,0.0,12.0,1035.0
10713,12.0,1173159.0,若望保祿二世,0.994455099105835,Q989,Culture.Biography.Biography*,1173159.0,24422.13909128768,1.0,1767.0
10714,12.0,1173159.0,若望保祿二世,0.7879412174224854,Q989,Culture.Philosophy_and_religion,1173159.0,24422.13909128768,1.0,1767.0
10715,12.0,1173159.0,若望保祿二世,0.3764868249893189,Q989,Geography.Regions.Europe.Europe*,1173159.0,24422.13909128768,1.0,1767.0
10716,12.0,1173159.0,若望保祿二世,0.0,Q989,Geography.Regions.Europe.Eastern_Europe,1173159.0,24422.13909128768,1.0,1767.0
10717,2.0,1173898.0,黃經漢,0.9994907379150392,Q938855,Culture.Biography.Biography*,1173898.0,488.58681360894684,6.0,1393.0
10718,2.0,1173898.0,黃經漢,0.0,Q938855,Geography.Regions.Asia.Asia*,1173898.0,488.58681360894684,6.0,1393.0
10719,2.0,1173898.0,黃經漢,0.0,Q938855,Geography.Regions.Asia.Southeast_Asia,1173898.0,488.58681360894684,6.0,1393.0
10720,7.0,1175319.0,芳姬·詹森,1.0000100135803225,Q190794,Culture.Biography.Biography*,1175319.0,1256.6002627018022,6.0,2591.0
10721,7.0,1175319.0,芳姬·詹森,0.8519628047943115,Q190794,Culture.Biography.Women,1175319.0,1256.6002627018022,6.0,2591.0
10722,7.0,1175319.0,芳姬·詹森,0.11921291798353195,Q190794,Culture.Media.Media*,1175319.0,1256.6002627018022,6.0,2591.0
10723,7.0,1175319.0,芳姬·詹森,0.0,Q190794,Geography.Regions.Europe.Europe*,1175319.0,1256.6002627018022,6.0,2591.0
10724,7.0,1175319.0,芳姬·詹森,0.0,Q190794,Geography.Regions.Americas.North_America,1175319.0,1256.6002627018022,6.0,2591.0
10725,7.0,1175319.0,芳姬·詹森,0.0,Q190794,Geography.Regions.Europe.Western_Europe,1175319.0,1256.6002627018022,6.0,2591.0
10726,3.0,1178984.0,金在中,0.9732507467269896,Q169717,Culture.Biography.Biography*,1178984.0,10206.790670727336,0.0,29884.0
10727,3.0,1178984.0,金在中,0.6224693655967712,Q169717,Culture.Media.Music,1178984.0,10206.790670727336,0.0,29884.0
10728,3.0,1178984.0,金在中,0.4820951094627381,Q169717,Geography.Regions.Asia.East_Asia,1178984.0,10206.790670727336,0.0,29884.0
10729,3.0,1178984.0,金在中,0.4780457487106323,Q169717,Geography.Regions.Asia.Asia*,1178984.0,10206.790670727336,0.0,29884.0
10730,3.0,1178984.0,金在中,0.4301573634147644,Q169717,Culture.Media.Media*,1178984.0,10206.790670727336,0.0,29884.0
10731,5.0,1179534.0,龍千玉,1.0000100135803225,Q9466053,Culture.Biography.Biography*,1179534.0,325.08456257481544,4.0,2121.0
10732,5.0,1179534.0,龍千玉,0.7310686111450195,Q9466053,History_and_Society.Society,1179534.0,325.08456257481544,4.0,2121.0
10733,5.0,1179534.0,龍千玉,0.5544804334640503,Q9466053,Culture.Biography.Women,1179534.0,325.08456257481544,4.0,2121.0
10734,5.0,1179534.0,龍千玉,0.4352950325012207,Q9466053,Geography.Regions.Asia.East_Asia,1179534.0,325.08456257481544,4.0,2121.0
10735,5.0,1179534.0,龍千玉,0.42531375789642334,Q9466053,Geography.Regions.Asia.Asia*,1179534.0,325.08456257481544,4.0,2121.0
10736,5.0,1179534.0,龍千玉,0.40734341740608215,Q9466053,Culture.Media.Music,1179534.0,325.08456257481544,4.0,2121.0
10737,5.0,1179534.0,龍千玉,0.1968362182378769,Q9466053,Culture.Media.Media*,1179534.0,325.08456257481544,4.0,2121.0
10738,6.0,1180307.0,葉青 (臺灣),1.0000100135803225,Q9335600,Culture.Biography.Biography*,1180307.0,17870.92985015695,11.0,1944.0
10739,6.0,1180307.0,葉青 (臺灣),0.8596737384796143,Q9335600,History_and_Society.Society,1180307.0,17870.92985015695,11.0,1944.0
10740,6.0,1180307.0,葉青 (臺灣),0.3730872144699097,Q9335600,Geography.Regions.Asia.Asia*,1180307.0,17870.92985015695,11.0,1944.0
10741,6.0,1180307.0,葉青 (臺灣),0.3557848632335663,Q9335600,Culture.Biography.Women,1180307.0,17870.92985015695,11.0,1944.0
10742,6.0,1180307.0,葉青 (臺灣),0.32119916582107544,Q9335600,Geography.Regions.Asia.East_Asia,1180307.0,17870.92985015695,11.0,1944.0
10743,7.0,1186943.0,长子西征,0.8479777574539185,Q852171,History_and_Society.Military_and_warfare,1186943.0,14570.781289307664,11.0,1282.0
10744,7.0,1186943.0,长子西征,0.7248802781105042,Q852171,History_and_Society.History,1186943.0,14570.781289307664,11.0,1282.0
10745,7.0,1186943.0,长子西征,0.15611489117145538,Q852171,History_and_Society.Society,1186943.0,14570.781289307664,11.0,1282.0
10746,7.0,1186943.0,长子西征,0.03021936321258545,Q852171,Geography.Regions.Asia.Asia*,1186943.0,14570.781289307664,11.0,1282.0
10747,7.0,1186943.0,长子西征,0.0,Q852171,Geography.Regions.Europe.Europe*,1186943.0,14570.781289307664,11.0,1282.0
10748,7.0,1186943.0,长子西征,0.0,Q852171,Geography.Regions.Europe.Eastern_Europe,1186943.0,14570.781289307664,11.0,1282.0
10749,7.0,1186943.0,长子西征,0.0,Q852171,Geography.Geographical,1186943.0,14570.781289307664,11.0,1282.0
10750,7.0,1186943.0,长子西征,0.0,Q852171,Geography.Regions.Asia.East_Asia,1186943.0,14570.781289307664,11.0,1282.0
10751,7.0,1186943.0,长子西征,0.0,Q852171,Geography.Regions.Europe.Western_Europe,1186943.0,14570.781289307664,11.0,1282.0
10752,6.0,1187414.0,劉洵 (演員),1.0000100135803225,Q8991915,Culture.Biography.Biography*,1187414.0,3418.5575992204704,12.0,3530.0
10753,6.0,1187414.0,劉洵 (演員),0.8267217874526978,Q8991915,History_and_Society.Society,1187414.0,3418.5575992204704,12.0,3530.0
10754,6.0,1187414.0,劉洵 (演員),0.4471645226478577,Q8991915,Geography.Regions.Asia.East_Asia,1187414.0,3418.5575992204704,12.0,3530.0
10755,6.0,1187414.0,劉洵 (演員),0.4440047016143799,Q8991915,Geography.Regions.Asia.Asia*,1187414.0,3418.5575992204704,12.0,3530.0
10756,2.0,1191471.0,时佩璞,0.9615437984466552,Q733568,Culture.Biography.Biography*,1191471.0,3942.0,3.0,1884.0
10757,2.0,1191471.0,时佩璞,0.2942249774932861,Q733568,Culture.Media.Media*,1191471.0,3942.0,3.0,1884.0
10758,2.0,1191471.0,时佩璞,0.11921291798353195,Q733568,History_and_Society.History,1191471.0,3942.0,3.0,1884.0
10759,2.0,1191471.0,时佩璞,0.0,Q733568,Geography.Regions.Asia.East_Asia,1191471.0,3942.0,3.0,1884.0
10760,2.0,1191471.0,时佩璞,0.0,Q733568,Geography.Regions.Asia.Asia*,1191471.0,3942.0,3.0,1884.0
10761,9.0,1193236.0,曹雅雯,1.0000100135803225,Q9189521,Culture.Biography.Biography*,1193236.0,6025.573187340649,4.0,2752.0
10762,9.0,1193236.0,曹雅雯,0.5312193632125854,Q9189521,History_and_Society.Society,1193236.0,6025.573187340649,4.0,2752.0
10763,9.0,1193236.0,曹雅雯,0.2596606483459473,Q9189521,Geography.Regions.Asia.Asia*,1193236.0,6025.573187340649,4.0,2752.0
10764,9.0,1193236.0,曹雅雯,0.2509227991104126,Q9189521,Culture.Biography.Women,1193236.0,6025.573187340649,4.0,2752.0
10765,9.0,1193236.0,曹雅雯,0.24509501457214355,Q9189521,Culture.Media.Media*,1193236.0,6025.573187340649,4.0,2752.0
10766,9.0,1193236.0,曹雅雯,0.21734751760959625,Q9189521,Culture.Media.Music,1193236.0,6025.573187340649,4.0,2752.0
10767,9.0,1193236.0,曹雅雯,0.15742753648757934,Q9189521,Geography.Regions.Asia.East_Asia,1193236.0,6025.573187340649,4.0,2752.0
10768,4.0,1194516.0,再生號,0.9748311638832092,Q8038550,Culture.Media.Films,1194516.0,6.6293256998751975,12.0,833.0
10769,4.0,1194516.0,再生號,0.946606695652008,Q8038550,Culture.Media.Media*,1194516.0,6.6293256998751975,12.0,833.0
10770,4.0,1194516.0,再生號,0.4955265989303589,Q8038550,Geography.Regions.Asia.East_Asia,1194516.0,6.6293256998751975,12.0,833.0
10771,4.0,1194516.0,再生號,0.4901626577377319,Q8038550,Geography.Regions.Asia.Asia*,1194516.0,6.6293256998751975,12.0,833.0
10772,6.0,1195441.0,李麗華,1.0000100135803225,Q4260699,Culture.Biography.Biography*,1195441.0,16933.285550854853,12.0,1892.0
10773,6.0,1195441.0,李麗華,0.5078218579292297,Q4260699,Culture.Biography.Women,1195441.0,16933.285550854853,12.0,1892.0
10774,6.0,1195441.0,李麗華,0.4627899398803711,Q4260699,Geography.Regions.Asia.East_Asia,1195441.0,16933.285550854853,12.0,1892.0
10775,6.0,1195441.0,李麗華,0.41865252161026,Q4260699,Geography.Regions.Asia.Asia*,1195441.0,16933.285550854853,12.0,1892.0
10776,6.0,1195441.0,李麗華,0.2689514458179474,Q4260699,Culture.Media.Media*,1195441.0,16933.285550854853,12.0,1892.0
10777,6.0,1195441.0,李麗華,0.16027602553367615,Q4260699,History_and_Society.Society,1195441.0,16933.285550854853,12.0,1892.0
10778,6.0,1195441.0,李麗華,0.11280541121959685,Q4260699,Culture.Media.Music,1195441.0,16933.285550854853,12.0,1892.0
10779,1.0,1197212.0,鄧建明,0.99219411611557,Q7206805,Culture.Biography.Biography*,1197212.0,0.0,12.0,1353.0
10780,1.0,1197212.0,鄧建明,0.3702353835105896,Q7206805,Culture.Media.Media*,1197212.0,0.0,12.0,1353.0
10781,1.0,1197212.0,鄧建明,0.33459946513175964,Q7206805,Culture.Media.Music,1197212.0,0.0,12.0,1353.0
10782,1.0,1197212.0,鄧建明,0.0,Q7206805,Geography.Regions.Americas.North_America,1197212.0,0.0,12.0,1353.0
10783,1.0,1197212.0,鄧建明,0.0,Q7206805,Geography.Regions.Asia.Asia*,1197212.0,0.0,12.0,1353.0
10784,9.0,1199152.0,李是英,0.9905974268913268,Q489046,Culture.Biography.Biography*,1199152.0,12463.809601669898,0.0,3243.0
10785,9.0,1199152.0,李是英,0.4532718360424042,Q489046,Culture.Biography.Women,1199152.0,12463.809601669898,0.0,3243.0
10786,9.0,1199152.0,李是英,0.0,Q489046,Geography.Regions.Asia.Asia*,1199152.0,12463.809601669898,0.0,3243.0
10787,9.0,1199152.0,李是英,0.0,Q489046,Geography.Regions.Asia.East_Asia,1199152.0,12463.809601669898,0.0,3243.0
10788,1.0,1199207.0,楊立門,0.8031837940216064,Q9299322,Culture.Biography.Biography*,1199207.0,0.0,12.0,13052.0
10789,1.0,1199207.0,楊立門,0.32119916582107544,Q9299322,Geography.Regions.Asia.Asia*,1199207.0,0.0,12.0,13052.0
10790,1.0,1199207.0,楊立門,0.270853506565094,Q9299322,Geography.Regions.Asia.East_Asia,1199207.0,0.0,12.0,13052.0
10791,3.0,1199655.0,郭建梅,0.9659096002578736,Q1062969,Culture.Biography.Biography*,1199655.0,3942.0,2.0,2050.0
10792,3.0,1199655.0,郭建梅,0.4765896201133728,Q1062969,Culture.Biography.Women,1199655.0,3942.0,2.0,2050.0
10793,3.0,1199655.0,郭建梅,0.3548611869812012,Q1062969,Geography.Regions.Asia.Asia*,1199655.0,3942.0,2.0,2050.0
10794,3.0,1199655.0,郭建梅,0.1259327530860901,Q1062969,History_and_Society.History,1199655.0,3942.0,2.0,2050.0
10795,3.0,1199655.0,郭建梅,0.0991983880996704,Q1062969,Geography.Regions.Asia.East_Asia,1199655.0,3942.0,2.0,2050.0
10796,2.0,1202191.0,劉薰愛,1.0000100135803225,Q4726280,Culture.Biography.Biography*,1202191.0,3942.0,2.0,4803.0
10797,2.0,1202191.0,劉薰愛,0.992888569831848,Q4726280,History_and_Society.Society,1202191.0,3942.0,2.0,4803.0
10798,2.0,1202191.0,劉薰愛,0.7371681928634644,Q4726280,Culture.Biography.Women,1202191.0,3942.0,2.0,4803.0
10799,2.0,1202191.0,劉薰愛,0.4638651480674744,Q4726280,Geography.Regions.Asia.East_Asia,1202191.0,3942.0,2.0,4803.0
10800,2.0,1202191.0,劉薰愛,0.4501522054672241,Q4726280,Geography.Regions.Asia.Asia*,1202191.0,3942.0,2.0,4803.0
10801,2.0,1202191.0,劉薰愛,0.4301573634147644,Q4726280,Culture.Visual_arts.Visual_arts*,1202191.0,3942.0,2.0,4803.0
10802,2.0,1202191.0,劉薰愛,0.33459946513175964,Q4726280,Culture.Visual_arts.Fashion,1202191.0,3942.0,2.0,4803.0
10803,2.0,1202191.0,劉薰愛,0.1778208613395691,Q4726280,Culture.Sports,1202191.0,3942.0,2.0,4803.0
10804,5.0,1204437.0,佐佐木希,0.991162657737732,Q465236,Culture.Biography.Biography*,1204437.0,11226.944399758022,13.0,2883.0
10805,5.0,1204437.0,佐佐木希,0.812877357006073,Q465236,Culture.Biography.Women,1204437.0,11226.944399758022,13.0,2883.0
10806,5.0,1204437.0,佐佐木希,0.270853506565094,Q465236,Geography.Regions.Asia.East_Asia,1204437.0,11226.944399758022,13.0,2883.0
10807,5.0,1204437.0,佐佐木希,0.18495945835113525,Q465236,Geography.Regions.Asia.Asia*,1204437.0,11226.944399758022,13.0,2883.0
10808,5.0,1204437.0,佐佐木希,0.11280541121959685,Q465236,Culture.Media.Media*,1204437.0,11226.944399758022,13.0,2883.0
10809,5.0,1204437.0,佐佐木希,0.1067005917429924,Q465236,Culture.Media.Music,1204437.0,11226.944399758022,13.0,2883.0
10810,5.0,1204873.0,蜜桃成熟时,1.0,Q16071514,Compilation.List_Disambig,1204873.0,2654.8448506584305,12.0,1927.0
10811,5.0,1204873.0,蜜桃成熟时,0.15611489117145538,Q16071514,STEM.STEM*,1204873.0,2654.8448506584305,12.0,1927.0
10812,5.0,1204873.0,蜜桃成熟时,0.14805719256401062,Q16071514,History_and_Society.Transportation,1204873.0,2654.8448506584305,12.0,1927.0
10813,5.0,1204873.0,蜜桃成熟时,0.11280541121959685,Q16071514,History_and_Society.Military_and_warfare,1204873.0,2654.8448506584305,12.0,1927.0
10814,5.0,1204873.0,蜜桃成熟时,0.0,Q16071514,Geography.Regions.Asia.Asia*,1204873.0,2654.8448506584305,12.0,1927.0
10815,5.0,1204873.0,蜜桃成熟时,0.0,Q16071514,Geography.Geographical,1204873.0,2654.8448506584305,12.0,1927.0
10816,5.0,1204873.0,蜜桃成熟时,0.0,Q16071514,Geography.Regions.Asia.West_Asia,1204873.0,2654.8448506584305,12.0,1927.0
10817,1.0,1207622.0,劉夢熊,0.9935217499732972,Q7255676,Culture.Biography.Biography*,1207622.0,0.0,12.0,6414.0
10818,1.0,1207622.0,劉夢熊,0.311877357006073,Q7255676,Geography.Regions.Asia.Asia*,1207622.0,0.0,12.0,6414.0
10819,1.0,1207622.0,劉夢熊,0.270853506565094,Q7255676,Geography.Regions.Asia.East_Asia,1207622.0,0.0,12.0,6414.0
10820,1.0,1207622.0,劉夢熊,0.2689514458179474,Q7255676,History_and_Society.Politics_and_government,1207622.0,0.0,12.0,6414.0
10821,5.0,1208765.0,下半旗 (中华人民共和国),0.2942249774932861,Q28418724,STEM.STEM*,1208765.0,5360.378055553883,5.0,2557.0
10822,5.0,1208765.0,下半旗 (中华人民共和国),0.0,Q28418724,Geography.Regions.Asia.Asia*,1208765.0,5360.378055553883,5.0,2557.0
10823,5.0,1208765.0,下半旗 (中华人民共和国),0.0,Q28418724,Geography.Regions.Americas.North_America,1208765.0,5360.378055553883,5.0,2557.0
10824,5.0,1208765.0,下半旗 (中华人民共和国),0.0,Q28418724,Geography.Regions.Europe.Europe*,1208765.0,5360.378055553883,5.0,2557.0
10825,7.0,1209875.0,罗丝·伯恩,0.997894287109375,Q228717,Culture.Biography.Biography*,1209875.0,14724.854512262216,6.0,1776.0
10826,7.0,1209875.0,罗丝·伯恩,0.7057950496673584,Q228717,Culture.Biography.Women,1209875.0,14724.854512262216,6.0,1776.0
10827,7.0,1209875.0,罗丝·伯恩,0.287777841091156,Q228717,Culture.Media.Media*,1209875.0,14724.854512262216,6.0,1776.0
10828,7.0,1209875.0,罗丝·伯恩,0.1067005917429924,Q228717,Culture.Media.Music,1209875.0,14724.854512262216,6.0,1776.0
10829,7.0,1209875.0,罗丝·伯恩,0.0,Q228717,Geography.Regions.Americas.North_America,1209875.0,14724.854512262216,6.0,1776.0
10830,7.0,1209875.0,罗丝·伯恩,0.0,Q228717,Geography.Regions.Oceania,1209875.0,14724.854512262216,6.0,1776.0
10831,7.0,1209875.0,罗丝·伯恩,0.0,Q228717,Geography.Regions.Europe.Europe*,1209875.0,14724.854512262216,6.0,1776.0
10832,7.0,1209875.0,罗丝·伯恩,0.0,Q228717,Geography.Regions.Europe.Northern_Europe,1209875.0,14724.854512262216,6.0,1776.0
10833,1.0,1210156.0,葉璦菱,0.9926641583442688,Q9429501,Culture.Biography.Biography*,1210156.0,0.0,2.0,2765.0
10834,1.0,1210156.0,葉璦菱,0.16027602553367615,Q9429501,Culture.Biography.Women,1210156.0,0.0,2.0,2765.0
10835,1.0,1210156.0,葉璦菱,0.0,Q9429501,Geography.Regions.Asia.Asia*,1210156.0,0.0,2.0,2765.0
10836,1.0,1210156.0,葉璦菱,0.0,Q9429501,Geography.Regions.Asia.East_Asia,1210156.0,0.0,2.0,2765.0
10837,1.0,1211063.0,李愛綺,0.9905974268913268,Q8988253,Culture.Biography.Biography*,1211063.0,0.0,12.0,2121.0
10838,1.0,1211063.0,李愛綺,0.16886694729328156,Q8988253,Culture.Biography.Women,1211063.0,0.0,12.0,2121.0
10839,1.0,1211063.0,李愛綺,0.12146936559677125,Q8988253,Geography.Regions.Asia.Asia*,1211063.0,0.0,12.0,2121.0
10840,1.0,1211063.0,李愛綺,0.0,Q8988253,Geography.Regions.Asia.East_Asia,1211063.0,0.0,12.0,2121.0
10841,3.0,1211442.0,Key (歌手),0.99593985080719,Q483980,Culture.Biography.Biography*,1211442.0,4953.298174717807,0.0,2277.0
10842,3.0,1211442.0,Key (歌手),0.459371196269989,Q483980,Geography.Regions.Asia.East_Asia,1211442.0,4953.298174717807,0.0,2277.0
10843,3.0,1211442.0,Key (歌手),0.4209318628311157,Q483980,Geography.Regions.Asia.Asia*,1211442.0,4953.298174717807,0.0,2277.0
10844,3.0,1211442.0,Key (歌手),0.21734751760959625,Q483980,Culture.Media.Media*,1211442.0,4953.298174717807,0.0,2277.0
10845,3.0,1211442.0,Key (歌手),0.1968362182378769,Q483980,Culture.Media.Music,1211442.0,4953.298174717807,0.0,2277.0
10846,7.0,1212731.0,庫茲涅佐夫元帥級航空母艦,0.9924327731132508,Q358966,History_and_Society.Military_and_warfare,1212731.0,3653.049821374892,5.0,2041.0
10847,7.0,1212731.0,庫茲涅佐夫元帥級航空母艦,0.9871888160705566,Q358966,History_and_Society.Transportation,1212731.0,3653.049821374892,5.0,2041.0
10848,7.0,1212731.0,庫茲涅佐夫元帥級航空母艦,0.6150978803634644,Q358966,History_and_Society.Society,1212731.0,3653.049821374892,5.0,2041.0
10849,7.0,1212731.0,庫茲涅佐夫元帥級航空母艦,0.08411114120483397,Q358966,Geography.Regions.Asia.Asia*,1212731.0,3653.049821374892,5.0,2041.0
10850,7.0,1212731.0,庫茲涅佐夫元帥級航空母艦,0.04574816131591797,Q358966,Geography.Regions.Europe.Eastern_Europe,1212731.0,3653.049821374892,5.0,2041.0
10851,7.0,1212731.0,庫茲涅佐夫元帥級航空母艦,0.037993239402771,Q358966,Geography.Regions.Asia.North_Asia,1212731.0,3653.049821374892,5.0,2041.0
10852,7.0,1212731.0,庫茲涅佐夫元帥級航空母艦,0.0,Q358966,Geography.Regions.Europe.Europe*,1212731.0,3653.049821374892,5.0,2041.0
10853,1.0,1213514.0,瑞莎,1.0000100135803225,Q9317341,Culture.Biography.Biography*,1213514.0,0.0,12.0,3187.0
10854,1.0,1213514.0,瑞莎,0.41490885615348816,Q9317341,History_and_Society.Society,1213514.0,0.0,12.0,3187.0
10855,1.0,1213514.0,瑞莎,0.2568419873714447,Q9317341,Culture.Biography.Women,1213514.0,0.0,12.0,3187.0
10856,1.0,1213514.0,瑞莎,0.0,Q9317341,Geography.Regions.Asia.Asia*,1213514.0,0.0,12.0,3187.0
10857,8.0,1214737.0,时代百大人物,1.0,Q604370,Compilation.List_Disambig,1214737.0,14588.094193949426,3.0,1808.0
10858,8.0,1214737.0,时代百大人物,0.7981967926025391,Q604370,History_and_Society.Society,1214737.0,14588.094193949426,3.0,1808.0
10859,8.0,1214737.0,时代百大人物,0.41490885615348816,Q604370,Culture.Media.Media*,1214737.0,14588.094193949426,3.0,1808.0
10860,8.0,1214737.0,时代百大人物,0.287777841091156,Q604370,Culture.Literature,1214737.0,14588.094193949426,3.0,1808.0
10861,8.0,1214737.0,时代百大人物,0.11921291798353195,Q604370,Culture.Media.Entertainment,1214737.0,14588.094193949426,3.0,1808.0
10862,8.0,1214737.0,时代百大人物,0.0,Q604370,Geography.Regions.Americas.North_America,1214737.0,14588.094193949426,3.0,1808.0
10863,8.0,1214737.0,时代百大人物,0.0,Q604370,Geography.Regions.Europe.Europe*,1214737.0,14588.094193949426,3.0,1808.0
10864,8.0,1214737.0,时代百大人物,0.0,Q604370,Geography.Regions.Europe.Northern_Europe,1214737.0,14588.094193949426,3.0,1808.0
10865,4.0,1218348.0,林瑟雍,0.9399233460426332,Q5244665,Culture.Biography.Biography*,1218348.0,284.3871804317302,0.0,1495.0
10866,4.0,1218348.0,林瑟雍,0.585111141204834,Q5244665,Culture.Media.Music,1218348.0,284.3871804317302,0.0,1495.0
10867,4.0,1218348.0,林瑟雍,0.5000100135803223,Q5244665,Culture.Media.Media*,1218348.0,284.3871804317302,0.0,1495.0
10868,4.0,1218348.0,林瑟雍,0.4898843636512756,Q5244665,Geography.Regions.Asia.East_Asia,1218348.0,284.3871804317302,0.0,1495.0
10869,4.0,1218348.0,林瑟雍,0.4873227348327637,Q5244665,Geography.Regions.Asia.Asia*,1218348.0,284.3871804317302,0.0,1495.0
10870,2.0,1218584.0,朝鮮戰爭細菌戰,0.7371681928634644,Q4731243,History_and_Society.Military_and_warfare,1218584.0,7882.0,3.0,3459.0
10871,2.0,1218584.0,朝鮮戰爭細菌戰,0.5000100135803223,Q4731243,STEM.STEM*,1218584.0,7882.0,3.0,3459.0
10872,2.0,1218584.0,朝鮮戰爭細菌戰,0.4486793746948242,Q4731243,Geography.Regions.Asia.East_Asia,1218584.0,7882.0,3.0,3459.0
10873,2.0,1218584.0,朝鮮戰爭細菌戰,0.22388027811050412,Q4731243,Geography.Regions.Asia.Asia*,1218584.0,7882.0,3.0,3459.0
10874,2.0,1218584.0,朝鮮戰爭細菌戰,0.2120788097381592,Q4731243,Culture.Media.Media*,1218584.0,7882.0,3.0,3459.0
10875,2.0,1218584.0,朝鮮戰爭細菌戰,0.1968362182378769,Q4731243,History_and_Society.Politics_and_government,1218584.0,7882.0,3.0,3459.0
10876,2.0,1218584.0,朝鮮戰爭細菌戰,0.1294127255678177,Q4731243,STEM.Engineering,1218584.0,7882.0,3.0,3459.0
10877,2.0,1218584.0,朝鮮戰爭細菌戰,0.0,Q4731243,Geography.Regions.Americas.North_America,1218584.0,7882.0,3.0,3459.0
10878,2.0,1218652.0,邵昕,0.998803436756134,Q9037790,Culture.Biography.Biography*,1218652.0,943.4580919861032,4.0,2288.0
10879,2.0,1218652.0,邵昕,0.2763098945617676,Q9037790,Geography.Regions.Asia.East_Asia,1218652.0,943.4580919861032,4.0,2288.0
10880,2.0,1218652.0,邵昕,0.2653036584854126,Q9037790,Geography.Regions.Asia.Asia*,1218652.0,943.4580919861032,4.0,2288.0
10881,2.0,1218652.0,邵昕,0.1824355274438858,Q9037790,History_and_Society.Society,1218652.0,943.4580919861032,4.0,2288.0
10882,1.0,1218977.0,很想和你在一起,0.9579222798347472,Q1066729,Culture.Media.Films,1218977.0,0.0,12.0,1083.0
10883,1.0,1218977.0,很想和你在一起,0.9173126816749572,Q1066729,Culture.Media.Media*,1218977.0,0.0,12.0,1083.0
10884,1.0,1218977.0,很想和你在一起,0.4627899398803711,Q1066729,Geography.Regions.Asia.East_Asia,1218977.0,0.0,12.0,1083.0
10885,1.0,1218977.0,很想和你在一起,0.4581643214225769,Q1066729,Geography.Regions.Asia.Asia*,1218977.0,0.0,12.0,1083.0
10886,3.0,1219695.0,贝塔以色列,0.585111141204834,Q202812,Culture.Philosophy_and_religion,1219695.0,1316.6655325941265,11.0,1220.0
10887,3.0,1219695.0,贝塔以色列,0.5078218579292297,Q202812,History_and_Society.History,1219695.0,1316.6655325941265,11.0,1220.0
10888,3.0,1219695.0,贝塔以色列,0.4225146472454071,Q202812,History_and_Society.Society,1219695.0,1316.6655325941265,11.0,1220.0
10889,3.0,1219695.0,贝塔以色列,0.0,Q202812,Geography.Regions.Asia.West_Asia,1219695.0,1316.6655325941265,11.0,1220.0
10890,3.0,1219695.0,贝塔以色列,0.0,Q202812,Geography.Regions.Africa.Africa*,1219695.0,1316.6655325941265,11.0,1220.0
10891,4.0,1220246.0,佐伊·索尔达娜,0.9992306232452391,Q190162,Culture.Biography.Biography*,1220246.0,3144.3599669813734,6.0,1914.0
10892,4.0,1220246.0,佐伊·索尔达娜,0.546748161315918,Q190162,Culture.Biography.Women,1220246.0,3144.3599669813734,6.0,1914.0
10893,4.0,1220246.0,佐伊·索尔达娜,0.13297423720359802,Q190162,Culture.Media.Media*,1220246.0,3144.3599669813734,6.0,1914.0
10894,4.0,1220246.0,佐伊·索尔达娜,0.1097157895565033,Q190162,Culture.Media.Entertainment,1220246.0,3144.3599669813734,6.0,1914.0
10895,4.0,1220246.0,佐伊·索尔达娜,0.10667316818237303,Q190162,Geography.Regions.Americas.North_America,1220246.0,3144.3599669813734,6.0,1914.0
10896,6.0,1220606.0,錦衣衛 (2010年電影),0.98678719997406,Q3084243,Culture.Media.Films,1220606.0,303.5948063148041,12.0,1297.0
10897,6.0,1220606.0,錦衣衛 (2010年電影),0.952584147453308,Q3084243,Culture.Media.Media*,1220606.0,303.5948063148041,12.0,1297.0
10898,6.0,1220606.0,錦衣衛 (2010年電影),0.4840529432296753,Q3084243,Geography.Regions.Asia.Asia*,1220606.0,303.5948063148041,12.0,1297.0
10899,6.0,1220606.0,錦衣衛 (2010年電影),0.4815675487518311,Q3084243,Geography.Regions.Asia.East_Asia,1220606.0,303.5948063148041,12.0,1297.0
10900,6.0,1220606.0,錦衣衛 (2010年電影),0.3775506913661957,Q3084243,Culture.Sports,1220606.0,303.5948063148041,12.0,1297.0
10901,4.0,1221206.0,傷害中國人民的感情,0.2568419873714447,Q10889304,STEM.STEM*,1221206.0,9021.165280831588,1.0,1842.0
10902,4.0,1221206.0,傷害中國人民的感情,0.15611489117145538,Q10889304,Culture.Philosophy_and_religion,1221206.0,9021.165280831588,1.0,1842.0
10903,4.0,1221206.0,傷害中國人民的感情,0.0,Q10889304,Geography.Regions.Americas.North_America,1221206.0,9021.165280831588,1.0,1842.0
10904,4.0,1221206.0,傷害中國人民的感情,0.0,Q10889304,Geography.Regions.Asia.Asia*,1221206.0,9021.165280831588,1.0,1842.0
10905,4.0,1221206.0,傷害中國人民的感情,0.0,Q10889304,Geography.Regions.Europe.Europe*,1221206.0,9021.165280831588,1.0,1842.0
10906,3.0,1224723.0,崔岷植,0.998977780342102,Q484575,Culture.Biography.Biography*,1224723.0,4286.986108315894,12.0,1825.0
10907,3.0,1224723.0,崔岷植,0.12878464365005493,Q484575,Geography.Regions.Asia.East_Asia,1224723.0,4286.986108315894,12.0,1825.0
10908,3.0,1224723.0,崔岷植,0.014629947185516357,Q484575,Geography.Regions.Asia.Asia*,1224723.0,4286.986108315894,12.0,1825.0
10909,8.0,1225240.0,米歇尔·罗德里格兹,0.9976868629455566,Q184219,Culture.Biography.Biography*,1225240.0,27088.21059330452,8.0,2147.0
10910,8.0,1225240.0,米歇尔·罗德里格兹,0.6654205918312073,Q184219,Culture.Biography.Women,1225240.0,27088.21059330452,8.0,2147.0
10911,8.0,1225240.0,米歇尔·罗德里格兹,0.3557848632335663,Q184219,Culture.Media.Media*,1225240.0,27088.21059330452,8.0,2147.0
10912,8.0,1225240.0,米歇尔·罗德里格兹,0.23616819286346435,Q184219,Geography.Regions.Americas.North_America,1225240.0,27088.21059330452,8.0,2147.0
10913,8.0,1225240.0,米歇尔·罗德里格兹,0.1097157895565033,Q184219,Culture.Media.Films,1225240.0,27088.21059330452,8.0,2147.0
10914,2.0,1227445.0,黑洞表面,1.0000100135803225,Q849162,Culture.Media.Films,1227445.0,0.0,9.0,1690.0
10915,2.0,1227445.0,黑洞表面,0.9995794296264648,Q849162,Culture.Media.Media*,1227445.0,0.0,9.0,1690.0
10916,2.0,1227445.0,黑洞表面,0.538993239402771,Q849162,Culture.Media.Entertainment,1227445.0,0.0,9.0,1690.0
10917,2.0,1227445.0,黑洞表面,0.10088862478733064,Q849162,Culture.Literature,1227445.0,0.0,9.0,1690.0
10918,2.0,1227445.0,黑洞表面,0.0,Q849162,Geography.Regions.Americas.North_America,1227445.0,0.0,9.0,1690.0
10919,8.0,1227986.0,抱抱俏佳人,0.9399233460426332,Q4184244,Culture.Media.Media*,1227986.0,6852.465929723919,12.0,679.0
10920,8.0,1227986.0,抱抱俏佳人,0.8634016513824463,Q4184244,Culture.Media.Films,1227986.0,6852.465929723919,12.0,679.0
10921,8.0,1227986.0,抱抱俏佳人,0.4696977605819702,Q4184244,Geography.Regions.Asia.East_Asia,1227986.0,6852.465929723919,12.0,679.0
10922,8.0,1227986.0,抱抱俏佳人,0.4649096002578735,Q4184244,Geography.Regions.Asia.Asia*,1227986.0,6852.465929723919,12.0,679.0
10923,11.0,1228519.0,葉問2,0.9976133108139038,Q1193433,Culture.Media.Films,1228519.0,2543.387014133365,12.0,3109.0
10924,11.0,1228519.0,葉問2,0.9967369437217712,Q1193433,Culture.Media.Media*,1228519.0,2543.387014133365,12.0,3109.0
10925,11.0,1228519.0,葉問2,0.16886694729328156,Q1193433,Culture.Sports,1228519.0,2543.387014133365,12.0,3109.0
10926,11.0,1228519.0,葉問2,0.037993239402771,Q1193433,Geography.Regions.Asia.East_Asia,1228519.0,2543.387014133365,12.0,3109.0
10927,11.0,1228519.0,葉問2,0.0,Q1193433,Geography.Regions.Asia.Asia*,1228519.0,2543.387014133365,12.0,3109.0
10928,11.0,1228519.0,葉問2,0.0,Q1193433,Geography.Regions.Americas.North_America,1228519.0,2543.387014133365,12.0,3109.0
10929,13.0,1228855.0,Davichi,0.9173126816749572,Q483209,Culture.Media.Music,1228855.0,6799.767807914357,0.0,3031.0
10930,13.0,1228855.0,Davichi,0.9019306898117064,Q483209,Culture.Media.Media*,1228855.0,6799.767807914357,0.0,3031.0
10931,13.0,1228855.0,Davichi,0.839743971824646,Q483209,Culture.Biography.Biography*,1228855.0,6799.767807914357,0.0,3031.0
10932,13.0,1228855.0,Davichi,0.40366052293777466,Q483209,Geography.Regions.Asia.East_Asia,1228855.0,6799.767807914357,0.0,3031.0
10933,13.0,1228855.0,Davichi,0.33459946513175964,Q483209,Culture.Biography.Women,1228855.0,6799.767807914357,0.0,3031.0
10934,13.0,1228855.0,Davichi,0.3301530351638794,Q483209,Geography.Regions.Asia.Asia*,1228855.0,6799.767807914357,0.0,3031.0
10935,1.0,1231546.0,顏嘉樂,1.0000100135803225,Q9373848,Culture.Biography.Biography*,1231546.0,0.0,4.0,1588.0
10936,1.0,1231546.0,顏嘉樂,0.9019306898117064,Q9373848,History_and_Society.Society,1231546.0,0.0,4.0,1588.0
10937,1.0,1231546.0,顏嘉樂,0.754925012588501,Q9373848,Culture.Biography.Women,1231546.0,0.0,4.0,1588.0
10938,1.0,1231546.0,顏嘉樂,0.41865252161026,Q9373848,Geography.Regions.Asia.East_Asia,1231546.0,0.0,4.0,1588.0
10939,1.0,1231546.0,顏嘉樂,0.3730872144699097,Q9373848,Geography.Regions.Asia.Asia*,1231546.0,0.0,4.0,1588.0
10940,2.0,1232212.0,蕭淑慎,1.0000100135803225,Q4448652,Culture.Biography.Biography*,1232212.0,446.52366467984484,4.0,14977.0
10941,2.0,1232212.0,蕭淑慎,0.754925012588501,Q4448652,History_and_Society.Society,1232212.0,446.52366467984484,4.0,14977.0
10942,2.0,1232212.0,蕭淑慎,0.6513648629188538,Q4448652,Culture.Biography.Women,1232212.0,446.52366467984484,4.0,14977.0
10943,2.0,1232212.0,蕭淑慎,0.4849463572502136,Q4448652,Geography.Regions.Asia.East_Asia,1232212.0,446.52366467984484,4.0,14977.0
10944,2.0,1232212.0,蕭淑慎,0.4760326614379883,Q4448652,Geography.Regions.Asia.Asia*,1232212.0,446.52366467984484,4.0,14977.0
10945,2.0,1232212.0,蕭淑慎,0.18714269995689392,Q4448652,Culture.Media.Media*,1232212.0,446.52366467984484,4.0,14977.0
10946,2.0,1232212.0,蕭淑慎,0.12253321707248688,Q4448652,Culture.Media.Music,1232212.0,446.52366467984484,4.0,14977.0
10947,3.0,1232609.0,光市母女殺害事件,0.9980222582817078,Q851271,Culture.Biography.Biography*,1232609.0,2968.3899180375647,2.0,2471.0
10948,3.0,1232609.0,光市母女殺害事件,0.2763098945617676,Q851271,Geography.Regions.Asia.Asia*,1232609.0,2968.3899180375647,2.0,2471.0
10949,3.0,1232609.0,光市母女殺害事件,0.23616819286346435,Q851271,Geography.Regions.Asia.East_Asia,1232609.0,2968.3899180375647,2.0,2471.0
10950,3.0,1232609.0,光市母女殺害事件,0.14805719256401062,Q851271,History_and_Society.Politics_and_government,1232609.0,2968.3899180375647,2.0,2471.0
10951,3.0,1232700.0,安雅 (演員),1.0000100135803225,Q9187716,Culture.Biography.Biography*,1232700.0,4773.189569631811,12.0,3117.0
10952,3.0,1232700.0,安雅 (演員),0.7931159734725952,Q9187716,Culture.Biography.Women,1232700.0,4773.189569631811,12.0,3117.0
10953,3.0,1232700.0,安雅 (演員),0.4843900501728058,Q9187716,History_and_Society.Society,1232700.0,4773.189569631811,12.0,3117.0
10954,3.0,1232700.0,安雅 (演員),0.12146936559677125,Q9187716,Geography.Regions.Asia.Asia*,1232700.0,4773.189569631811,12.0,3117.0
10955,3.0,1232700.0,安雅 (演員),0.10088862478733064,Q9187716,Culture.Media.Television,1232700.0,4773.189569631811,12.0,3117.0
10956,3.0,1232700.0,安雅 (演員),0.07650540971755981,Q9187716,Geography.Regions.Asia.East_Asia,1232700.0,4773.189569631811,12.0,3117.0
10957,28.0,1234195.0,最终幻想 (游戏),1.0000100135803225,Q1415970,Culture.Media.Video_games,1234195.0,331.1744069807932,14.0,4002.0
10958,28.0,1234195.0,最终幻想 (游戏),1.0000100135803225,Q1415970,Culture.Internet_culture,1234195.0,331.1744069807932,14.0,4002.0
10959,28.0,1234195.0,最终幻想 (游戏),0.998876452445984,Q1415970,Culture.Media.Media*,1234195.0,331.1744069807932,14.0,4002.0
10960,28.0,1234195.0,最终幻想 (游戏),0.11280541121959685,Q1415970,Culture.Media.Software,1234195.0,331.1744069807932,14.0,4002.0
10961,1.0,1234294.0,吳寶春,1.0000100135803225,Q9062086,Culture.Biography.Biography*,1234294.0,0.0,12.0,2552.0
10962,1.0,1234294.0,吳寶春,0.951152205467224,Q9062086,History_and_Society.Society,1234294.0,0.0,12.0,2552.0
10963,1.0,1234294.0,吳寶春,0.4669093360900879,Q9062086,Geography.Regions.Asia.Asia*,1234294.0,0.0,12.0,2552.0
10964,1.0,1234294.0,吳寶春,0.3981314172744751,Q9062086,Geography.Regions.Asia.East_Asia,1234294.0,0.0,12.0,2552.0
10965,1.0,1234294.0,吳寶春,0.11597072333097458,Q9062086,Culture.Food_and_drink,1234294.0,0.0,12.0,2552.0
10966,1.0,1234294.0,吳寶春,0.11597072333097458,Q9062086,History_and_Society.Business_and_economics,1234294.0,0.0,12.0,2552.0
10967,5.0,1236199.0,大專校院足球運動聯賽,0.9841036200523376,Q10935016,Culture.Sports,1236199.0,11393.356193435313,0.0,1797.0
10968,5.0,1236199.0,大專校院足球運動聯賽,0.0,Q10935016,Geography.Regions.Asia.Asia*,1236199.0,11393.356193435313,0.0,1797.0
10969,5.0,1236199.0,大專校院足球運動聯賽,0.0,Q10935016,Geography.Regions.Europe.Europe*,1236199.0,11393.356193435313,0.0,1797.0
10970,9.0,1236311.0,死刑犯,0.4455395638942719,Q1083686,History_and_Society.Business_and_economics,1236311.0,12885.627069035669,2.0,2582.0
10971,9.0,1236311.0,死刑犯,0.3998216390609741,Q1083686,History_and_Society.Politics_and_government,1236311.0,12885.627069035669,2.0,2582.0
10972,9.0,1236311.0,死刑犯,0.2393593490123749,Q1083686,STEM.STEM*,1236311.0,12885.627069035669,2.0,2582.0
10973,9.0,1236311.0,死刑犯,0.06886266374588013,Q1083686,Geography.Regions.Asia.Asia*,1236311.0,12885.627069035669,2.0,2582.0
10974,9.0,1236311.0,死刑犯,0.0,Q1083686,Geography.Regions.Asia.East_Asia,1236311.0,12885.627069035669,2.0,2582.0
10975,2.0,1236610.0,叶选宁,0.9637899398803712,Q8321129,Culture.Biography.Biography*,1236610.0,0.0,7.0,2648.0
10976,2.0,1236610.0,叶选宁,0.4869562258720398,Q8321129,Geography.Regions.Asia.East_Asia,1236610.0,0.0,7.0,2648.0
10977,2.0,1236610.0,叶选宁,0.4705740084648132,Q8321129,Geography.Regions.Asia.Asia*,1236610.0,0.0,7.0,2648.0
10978,2.0,1236610.0,叶选宁,0.16027602553367615,Q8321129,History_and_Society.Politics_and_government,1236610.0,0.0,7.0,2648.0
10979,8.0,1239788.0,中华人民共和国死刑犯列表,1.0,Q10872076,Compilation.List_Disambig,1239788.0,13194.682136340783,2.0,2306.0
10980,8.0,1239788.0,中华人民共和国死刑犯列表,0.1778208613395691,Q10872076,STEM.STEM*,1239788.0,13194.682136340783,2.0,2306.0
10981,8.0,1239788.0,中华人民共和国死刑犯列表,0.1097157895565033,Q10872076,History_and_Society.Politics_and_government,1239788.0,13194.682136340783,2.0,2306.0
10982,8.0,1239788.0,中华人民共和国死刑犯列表,0.10088862478733064,Q10872076,Culture.Media.Media*,1239788.0,13194.682136340783,2.0,2306.0
10983,8.0,1239788.0,中华人民共和国死刑犯列表,0.0,Q10872076,Geography.Regions.Europe.Europe*,1239788.0,13194.682136340783,2.0,2306.0
10984,8.0,1239788.0,中华人民共和国死刑犯列表,0.0,Q10872076,Geography.Regions.Asia.Asia*,1239788.0,13194.682136340783,2.0,2306.0
10985,8.0,1239788.0,中华人民共和国死刑犯列表,0.0,Q10872076,Geography.Regions.Americas.North_America,1239788.0,13194.682136340783,2.0,2306.0
10986,16.0,1244078.0,勝者為王 (2000年電影),0.9481645226478576,Q4912219,Culture.Media.Media*,1244078.0,12855.84082597154,12.0,2483.0
10987,16.0,1244078.0,勝者為王 (2000年電影),0.9263137578964232,Q4912219,Culture.Media.Films,1244078.0,12855.84082597154,12.0,2483.0
10988,16.0,1244078.0,勝者為王 (2000年電影),0.497599648475647,Q4912219,Geography.Regions.Asia.East_Asia,1244078.0,12855.84082597154,12.0,2483.0
10989,16.0,1244078.0,勝者為王 (2000年電影),0.49653737449646,Q4912219,Geography.Regions.Asia.Asia*,1244078.0,12855.84082597154,12.0,2483.0
10990,3.0,1244409.0,金俊秀,0.9970290064811708,Q482783,Culture.Biography.Biography*,1244409.0,3942.0,0.0,3319.0
10991,3.0,1244409.0,金俊秀,0.5234303474426271,Q482783,Culture.Media.Music,1244409.0,3942.0,0.0,3319.0
10992,3.0,1244409.0,金俊秀,0.43713401460647583,Q482783,Geography.Regions.Asia.East_Asia,1244409.0,3942.0,0.0,3319.0
10993,3.0,1244409.0,金俊秀,0.41490885615348816,Q482783,Culture.Media.Media*,1244409.0,3942.0,0.0,3319.0
10994,3.0,1244409.0,金俊秀,0.40093068981170654,Q482783,Geography.Regions.Asia.Asia*,1244409.0,3942.0,0.0,3319.0
10995,1.0,1245738.0,十二夜 (香港電影),0.989681839942932,Q10904411,Culture.Media.Films,1245738.0,0.0,12.0,1256.0
10996,1.0,1245738.0,十二夜 (香港電影),0.94500470161438,Q10904411,Culture.Media.Media*,1245738.0,0.0,12.0,1256.0
10997,1.0,1245738.0,十二夜 (香港電影),0.4678661694526672,Q10904411,Geography.Regions.Asia.Asia*,1245738.0,0.0,12.0,1256.0
10998,1.0,1245738.0,十二夜 (香港電影),0.4605437984466553,Q10904411,Geography.Regions.Asia.East_Asia,1245738.0,0.0,12.0,1256.0
10999,1.0,1245738.0,十二夜 (香港電影),0.18714269995689392,Q10904411,Culture.Biography.Biography*,1245738.0,0.0,12.0,1256.0
11000,1.0,1245738.0,十二夜 (香港電影),0.1097157895565033,Q10904411,History_and_Society.Society,1245738.0,0.0,12.0,1256.0
11001,7.0,1248381.0,崔真永,0.9883227348327636,Q491419,Culture.Biography.Biography*,1248381.0,733.856022066561,0.0,1646.0
11002,7.0,1248381.0,崔真永,0.4406641592979431,Q491419,Geography.Regions.Asia.Asia*,1248381.0,733.856022066561,0.0,1646.0
11003,7.0,1248381.0,崔真永,0.43713401460647583,Q491419,Geography.Regions.Asia.East_Asia,1248381.0,733.856022066561,0.0,1646.0
11004,7.0,1248381.0,崔真永,0.24509501457214355,Q491419,Culture.Media.Media*,1248381.0,733.856022066561,0.0,1646.0
11005,7.0,1248381.0,崔真永,0.2120788097381592,Q491419,Culture.Media.Music,1248381.0,733.856022066561,0.0,1646.0
11006,3.0,1248526.0,金星娛樂,0.9991269707679749,Q15900695,Culture.Biography.Biography*,1248526.0,8238.68091000137,4.0,2478.0
11007,3.0,1248526.0,金星娛樂,0.9970290064811708,Q15900695,History_and_Society.Society,1248526.0,8238.68091000137,4.0,2478.0
11008,3.0,1248526.0,金星娛樂,0.9416641592979432,Q15900695,History_and_Society.Business_and_economics,1248526.0,8238.68091000137,4.0,2478.0
11009,3.0,1248526.0,金星娛樂,0.4983221759796143,Q15900695,Geography.Regions.Asia.East_Asia,1248526.0,8238.68091000137,4.0,2478.0
11010,3.0,1248526.0,金星娛樂,0.4966868629455566,Q15900695,Geography.Regions.Asia.Asia*,1248526.0,8238.68091000137,4.0,2478.0
11011,3.0,1248526.0,金星娛樂,0.18714269995689392,Q15900695,Culture.Media.Media*,1248526.0,8238.68091000137,4.0,2478.0
11012,3.0,1248526.0,金星娛樂,0.14415885508060455,Q15900695,Culture.Food_and_drink,1248526.0,8238.68091000137,4.0,2478.0
11013,3.0,1248526.0,金星娛樂,0.12253321707248688,Q15900695,STEM.STEM*,1248526.0,8238.68091000137,4.0,2478.0
11014,5.0,1249039.0,印度共产党（毛主义）,0.7310686111450195,Q2941659,History_and_Society.Politics_and_government,1249039.0,2343.397242887347,1.0,1723.0
11015,5.0,1249039.0,印度共产党（毛主义）,0.4456066956520081,Q2941659,Geography.Regions.Asia.South_Asia,1249039.0,2343.397242887347,1.0,1723.0
11016,5.0,1249039.0,印度共产党（毛主义）,0.3862146010398865,Q2941659,Geography.Regions.Asia.Asia*,1249039.0,2343.397242887347,1.0,1723.0
11017,5.0,1249039.0,印度共产党（毛主义）,0.1732981950044632,Q2941659,History_and_Society.Business_and_economics,1249039.0,2343.397242887347,1.0,1723.0
11018,5.0,1249039.0,印度共产党（毛主义）,0.1259327530860901,Q2941659,History_and_Society.Education,1249039.0,2343.397242887347,1.0,1723.0
11019,1.0,1249100.0,卓勝利,1.0000100135803225,Q10906064,Culture.Biography.Biography*,1249100.0,0.0,11.0,1850.0
11020,1.0,1249100.0,卓勝利,0.4688006341457367,Q10906064,History_and_Society.Society,1249100.0,0.0,11.0,1850.0
11021,1.0,1249100.0,卓勝利,0.15742753648757934,Q10906064,Geography.Regions.Asia.East_Asia,1249100.0,0.0,11.0,1850.0
11022,1.0,1249100.0,卓勝利,0.08411114120483397,Q10906064,Geography.Regions.Asia.Asia*,1249100.0,0.0,11.0,1850.0
11023,2.0,1249235.0,大陸尋奇,0.99219411611557,Q10938421,Culture.Media.Television,1249235.0,3942.0,2.0,2630.0
11024,2.0,1249235.0,大陸尋奇,0.9796776771545409,Q10938421,Culture.Media.Media*,1249235.0,3942.0,2.0,2630.0
11025,2.0,1249235.0,大陸尋奇,0.5078218579292297,Q10938421,History_and_Society.Society,1249235.0,3942.0,2.0,2630.0
11026,2.0,1249235.0,大陸尋奇,0.4163126816749573,Q10938421,Geography.Regions.Asia.Asia*,1249235.0,3942.0,2.0,2630.0
11027,2.0,1249235.0,大陸尋奇,0.3696072568893433,Q10938421,Geography.Regions.Asia.East_Asia,1249235.0,3942.0,2.0,2630.0
11028,2.0,1249235.0,大陸尋奇,0.1259327530860901,Q10938421,Culture.Biography.Biography*,1249235.0,3942.0,2.0,2630.0
11029,2.0,1249235.0,大陸尋奇,0.0,Q10938421,Geography.Regions.Americas.North_America,1249235.0,3942.0,2.0,2630.0
11030,2.0,1249235.0,大陸尋奇,0.0,Q10938421,Geography.Regions.Europe.Europe*,1249235.0,3942.0,2.0,2630.0
11031,4.0,1251556.0,2010年波兰空军图-154坠机事件,0.9637899398803712,Q131311,History_and_Society.Transportation,1251556.0,7121.434088277589,5.0,1458.0
11032,4.0,1251556.0,2010年波兰空军图-154坠机事件,0.960371196269989,Q131311,STEM.STEM*,1251556.0,7121.434088277589,5.0,1458.0
11033,4.0,1251556.0,2010年波兰空军图-154坠机事件,0.9362950325012208,Q131311,History_and_Society.Politics_and_government,1251556.0,7121.434088277589,5.0,1458.0
11034,4.0,1251556.0,2010年波兰空军图-154坠机事件,0.9219318628311156,Q131311,STEM.Engineering,1251556.0,7121.434088277589,5.0,1458.0
11035,4.0,1251556.0,2010年波兰空军图-154坠机事件,0.6001983880996704,Q131311,History_and_Society.Society,1251556.0,7121.434088277589,5.0,1458.0
11036,4.0,1251556.0,2010年波兰空军图-154坠机事件,0.4921981394290924,Q131311,Geography.Regions.Europe.Europe*,1251556.0,7121.434088277589,5.0,1458.0
11037,4.0,1251556.0,2010年波兰空军图-154坠机事件,0.1824355274438858,Q131311,Geography.Regions.Asia.Asia*,1251556.0,7121.434088277589,5.0,1458.0
11038,4.0,1251556.0,2010年波兰空军图-154坠机事件,0.14034625887870789,Q131311,Geography.Regions.Europe.Eastern_Europe,1251556.0,7121.434088277589,5.0,1458.0
11039,4.0,1251556.0,2010年波兰空军图-154坠机事件,0.13661839067935946,Q131311,Geography.Regions.Europe.Western_Europe,1251556.0,7121.434088277589,5.0,1458.0
11040,3.0,1251848.0,宇宙人 (台灣樂團),0.9996300339698792,Q7217574,Culture.Biography.Biography*,1251848.0,6157.879259262956,4.0,2976.0
11041,3.0,1251848.0,宇宙人 (台灣樂團),0.8670457601547241,Q7217574,History_and_Society.Society,1251848.0,6157.879259262956,4.0,2976.0
11042,3.0,1251848.0,宇宙人 (台灣樂團),0.6442351341247559,Q7217574,Culture.Media.Media*,1251848.0,6157.879259262956,4.0,2976.0
11043,3.0,1251848.0,宇宙人 (台灣樂團),0.4225146472454071,Q7217574,Culture.Media.Music,1251848.0,6157.879259262956,4.0,2976.0
11044,3.0,1251848.0,宇宙人 (台灣樂團),0.3509628047943115,Q7217574,Geography.Regions.Asia.East_Asia,1251848.0,6157.879259262956,4.0,2976.0
11045,3.0,1251848.0,宇宙人 (台灣樂團),0.13604079389572146,Q7217574,Geography.Regions.Asia.Asia*,1251848.0,6157.879259262956,4.0,2976.0
11046,1.0,1252960.0,五股西雲寺,1.0000100135803225,Q10882100,Culture.Biography.Biography*,1252960.0,0.0,2.0,605.0
11047,1.0,1252960.0,五股西雲寺,0.9989112615585328,Q10882100,Geography.Regions.Asia.East_Asia,1252960.0,0.0,2.0,605.0
11048,1.0,1252960.0,五股西雲寺,0.9983093142509459,Q10882100,Geography.Regions.Asia.Asia*,1252960.0,0.0,2.0,605.0
11049,1.0,1252960.0,五股西雲寺,0.997758150100708,Q10882100,History_and_Society.Society,1252960.0,0.0,2.0,605.0
11050,1.0,1252960.0,五股西雲寺,0.5234303474426271,Q10882100,Culture.Philosophy_and_religion,1252960.0,0.0,2.0,605.0
11051,1.0,1252960.0,五股西雲寺,0.3702353835105896,Q10882100,Culture.Visual_arts.Architecture,1252960.0,0.0,2.0,605.0
11052,1.0,1252960.0,五股西雲寺,0.2568419873714447,Q10882100,Culture.Visual_arts.Visual_arts*,1252960.0,0.0,2.0,605.0
11053,1.0,1253406.0,郭昱晴,1.0000100135803225,Q9355126,Culture.Biography.Biography*,1253406.0,0.0,4.0,2210.0
11054,1.0,1253406.0,郭昱晴,0.991162657737732,Q9355126,History_and_Society.Society,1253406.0,0.0,4.0,2210.0
11055,1.0,1253406.0,郭昱晴,0.6076731681823729,Q9355126,Culture.Biography.Women,1253406.0,0.0,4.0,2210.0
11056,1.0,1253406.0,郭昱晴,0.4937898983955383,Q9355126,Geography.Regions.Asia.East_Asia,1253406.0,0.0,4.0,2210.0
11057,1.0,1253406.0,郭昱晴,0.4820951094627381,Q9355126,Geography.Regions.Asia.Asia*,1253406.0,0.0,4.0,2210.0
11058,6.0,1254083.0,2010年玉樹地震,0.9893575310707092,Q381766,STEM.Earth_and_environment,1254083.0,19494.561203710608,3.0,1684.0
11059,6.0,1254083.0,2010年玉樹地震,0.9626831412315368,Q381766,STEM.STEM*,1254083.0,19494.561203710608,3.0,1684.0
11060,6.0,1254083.0,2010年玉樹地震,0.7431780099868774,Q381766,Geography.Regions.Asia.Asia*,1254083.0,19494.561203710608,3.0,1684.0
11061,6.0,1254083.0,2010年玉樹地震,0.5621865391731262,Q381766,Geography.Regions.Asia.East_Asia,1254083.0,19494.561203710608,3.0,1684.0
11062,6.0,1254083.0,2010年玉樹地震,0.3998216390609741,Q381766,History_and_Society.Politics_and_government,1254083.0,19494.561203710608,3.0,1684.0
11063,1.0,1254167.0,彼得·海斯勒,0.9967369437217712,Q1070268,Culture.Biography.Biography*,1254167.0,0.0,10.0,1245.0
11064,1.0,1254167.0,彼得·海斯勒,0.5312193632125854,Q1070268,Culture.Media.Media*,1254167.0,0.0,10.0,1245.0
11065,1.0,1254167.0,彼得·海斯勒,0.3415925204753876,Q1070268,History_and_Society.Education,1254167.0,0.0,10.0,1245.0
11066,1.0,1254167.0,彼得·海斯勒,0.19194278120994568,Q1070268,Culture.Literature,1254167.0,0.0,10.0,1245.0
11067,1.0,1254167.0,彼得·海斯勒,0.14323513412475586,Q1070268,Geography.Regions.Americas.North_America,1254167.0,0.0,10.0,1245.0
11068,1.0,1254167.0,彼得·海斯勒,0.11921291798353195,Q1070268,History_and_Society.Society,1254167.0,0.0,10.0,1245.0
11069,1.0,1254167.0,彼得·海斯勒,0.10375863313674928,Q1070268,Culture.Philosophy_and_religion,1254167.0,0.0,10.0,1245.0
11070,2.0,1255281.0,陳海琪,0.5544804334640503,Q15927603,Culture.Biography.Biography*,1255281.0,223.84648486185867,12.0,1091.0
11071,2.0,1255281.0,陳海琪,0.38492217659950256,Q15927603,Culture.Sports,1255281.0,223.84648486185867,12.0,1091.0
11072,2.0,1255281.0,陳海琪,0.25392501258850103,Q15927603,Geography.Regions.Asia.Asia*,1255281.0,223.84648486185867,12.0,1091.0
11073,2.0,1255281.0,陳海琪,0.20182321965694427,Q15927603,History_and_Society.History,1255281.0,223.84648486185867,12.0,1091.0
11074,2.0,1255281.0,陳海琪,0.1713417043685913,Q15927603,Geography.Regions.Asia.East_Asia,1255281.0,223.84648486185867,12.0,1091.0
11075,2.0,1255281.0,陳海琪,0.0,Q15927603,Geography.Regions.Asia.Southeast_Asia,1255281.0,223.84648486185867,12.0,1091.0
11076,1.0,1256024.0,大智若魚 (电影),0.9985549449920654,Q278997,Culture.Media.Films,1256024.0,0.0,14.0,1821.0
11077,1.0,1256024.0,大智若魚 (电影),0.99593985080719,Q278997,Culture.Media.Media*,1256024.0,0.0,14.0,1821.0
11078,1.0,1256024.0,大智若魚 (电影),0.16452647745609286,Q278997,Culture.Media.Entertainment,1256024.0,0.0,14.0,1821.0
11079,1.0,1256024.0,大智若魚 (电影),0.16452647745609286,Q278997,Culture.Literature,1256024.0,0.0,14.0,1821.0
11080,1.0,1256024.0,大智若魚 (电影),0.0,Q278997,Geography.Regions.Americas.North_America,1256024.0,0.0,14.0,1821.0
11081,15.0,1256510.0,米高·基頓,0.9990700483322144,Q138005,Culture.Biography.Biography*,1256510.0,16536.63655798815,6.0,3249.0
11082,15.0,1256510.0,米高·基頓,0.32119916582107544,Q138005,Geography.Regions.Americas.North_America,1256510.0,16536.63655798815,6.0,3249.0
11083,15.0,1256510.0,米高·基頓,0.23371636867523196,Q138005,Culture.Media.Media*,1256510.0,16536.63655798815,6.0,3249.0
11084,15.0,1256510.0,米高·基頓,0.1067005917429924,Q138005,Culture.Media.Entertainment,1256510.0,16536.63655798815,6.0,3249.0
11085,15.0,1256510.0,米高·基頓,0.0,Q138005,Geography.Regions.Europe.Europe*,1256510.0,16536.63655798815,6.0,3249.0
11086,15.0,1256510.0,米高·基頓,0.0,Q138005,Geography.Regions.Europe.Northern_Europe,1256510.0,16536.63655798815,6.0,3249.0
11087,1.0,1257090.0,在台灣的故事,0.8519628047943115,Q10928158,Culture.Media.Television,1257090.0,0.0,4.0,2206.0
11088,1.0,1257090.0,在台灣的故事,0.7773098945617676,Q10928158,Culture.Media.Media*,1257090.0,0.0,4.0,2206.0
11089,1.0,1257090.0,在台灣的故事,0.0,Q10928158,Geography.Regions.Asia.Asia*,1257090.0,0.0,4.0,2206.0
11090,18.0,1259702.0,复旦大学,0.9763205647468568,Q495015,History_and_Society.Education,1259702.0,203973.0949279852,2.0,3258.0
11091,18.0,1259702.0,复旦大学,0.9416641592979432,Q495015,Geography.Regions.Asia.East_Asia,1259702.0,203973.0949279852,2.0,3258.0
11092,18.0,1259702.0,复旦大学,0.8903042674064636,Q495015,Geography.Regions.Asia.Asia*,1259702.0,203973.0949279852,2.0,3258.0
11093,2.0,1259801.0,岛津制作所,0.8080772161483765,Q517117,History_and_Society.Business_and_economics,1259801.0,1382.5363789688613,13.0,1069.0
11094,2.0,1259801.0,岛津制作所,0.4294682612419128,Q517117,Geography.Regions.Asia.Asia*,1259801.0,1382.5363789688613,13.0,1069.0
11095,2.0,1259801.0,岛津制作所,0.4139109721183777,Q517117,Geography.Regions.Asia.East_Asia,1259801.0,1382.5363789688613,13.0,1069.0
11096,2.0,1259801.0,岛津制作所,0.2568419873714447,Q517117,STEM.STEM*,1259801.0,1382.5363789688613,13.0,1069.0
11097,2.0,1259801.0,岛津制作所,0.19194278120994568,Q517117,STEM.Technology,1259801.0,1382.5363789688613,13.0,1069.0
11098,3.0,1260326.0,任亮憲,0.9579222798347472,Q5346029,Culture.Biography.Biography*,1260326.0,4282.106716883769,12.0,1093.0
11099,3.0,1260326.0,任亮憲,0.0,Q5346029,Geography.Regions.Asia.Asia*,1260326.0,4282.106716883769,12.0,1093.0
11100,3.0,1260326.0,任亮憲,0.0,Q5346029,Geography.Regions.Asia.East_Asia,1260326.0,4282.106716883769,12.0,1093.0
11101,3.0,1260566.0,没有烟抽的日子,1.0000100135803225,Q11141005,Culture.Media.Media*,1260566.0,335.43180346586394,1.0,1302.0
11102,3.0,1260566.0,没有烟抽的日子,1.0000100135803225,Q11141005,Culture.Media.Music,1260566.0,335.43180346586394,1.0,1302.0
11103,3.0,1260566.0,没有烟抽的日子,0.11921291798353195,Q11141005,Culture.Media.Television,1260566.0,335.43180346586394,1.0,1302.0
11104,5.0,1264059.0,昨日之歌,1.0000100135803225,Q3460238,Culture.Visual_arts.Comics_and_Anime,1264059.0,6437.500601711571,13.0,36433.0
11105,5.0,1264059.0,昨日之歌,1.0000100135803225,Q3460238,Culture.Literature,1264059.0,6437.500601711571,13.0,36433.0
11106,5.0,1264059.0,昨日之歌,1.0000100135803225,Q3460238,Culture.Visual_arts.Visual_arts*,1264059.0,6437.500601711571,13.0,36433.0
11107,6.0,1264198.0,自由意志社會主義,0.754925012588501,Q1852084,Culture.Philosophy_and_religion,1264198.0,312.7555049587164,0.0,1490.0
11108,6.0,1264198.0,自由意志社會主義,0.6150978803634644,Q1852084,History_and_Society.Politics_and_government,1264198.0,312.7555049587164,0.0,1490.0
11109,6.0,1264198.0,自由意志社會主義,0.1824355274438858,Q1852084,History_and_Society.Society,1264198.0,312.7555049587164,0.0,1490.0
11110,4.0,1264517.0,孙金龙,0.99593985080719,Q8291153,Culture.Biography.Biography*,1264517.0,8675.500220701166,2.0,2541.0
11111,4.0,1264517.0,孙金龙,0.3509628047943115,Q8291153,Geography.Regions.Asia.East_Asia,1264517.0,8675.500220701166,2.0,2541.0
11112,4.0,1264517.0,孙金龙,0.2653036584854126,Q8291153,Geography.Regions.Asia.Asia*,1264517.0,8675.500220701166,2.0,2541.0
11113,4.0,1264517.0,孙金龙,0.24509501457214355,Q8291153,History_and_Society.Politics_and_government,1264517.0,8675.500220701166,2.0,2541.0
11114,5.0,1265936.0,翻唱自中島美雪歌曲的華語翻唱曲列表,1.0,Q15899262,Compilation.List_Disambig,1265936.0,2703.9878609167145,12.0,3478.0
11115,5.0,1265936.0,翻唱自中島美雪歌曲的華語翻唱曲列表,0.2227101624011993,Q15899262,STEM.STEM*,1265936.0,2703.9878609167145,12.0,3478.0
11116,5.0,1265936.0,翻唱自中島美雪歌曲的華語翻唱曲列表,0.1259327530860901,Q15899262,Culture.Media.Media*,1265936.0,2703.9878609167145,12.0,3478.0
11117,5.0,1265936.0,翻唱自中島美雪歌曲的華語翻唱曲列表,0.10088862478733064,Q15899262,Culture.Sports,1265936.0,2703.9878609167145,12.0,3478.0
11118,5.0,1265936.0,翻唱自中島美雪歌曲的華語翻唱曲列表,0.0,Q15899262,Geography.Regions.Americas.North_America,1265936.0,2703.9878609167145,12.0,3478.0
11119,5.0,1265936.0,翻唱自中島美雪歌曲的華語翻唱曲列表,0.0,Q15899262,Geography.Regions.Europe.Europe*,1265936.0,2703.9878609167145,12.0,3478.0
11120,5.0,1265936.0,翻唱自中島美雪歌曲的華語翻唱曲列表,0.0,Q15899262,Geography.Regions.Asia.Asia*,1265936.0,2703.9878609167145,12.0,3478.0
11121,6.0,1266239.0,馬仁光,0.9416641592979432,Q16903821,Culture.Biography.Biography*,1266239.0,0.5,11.0,1819.0
11122,6.0,1266239.0,馬仁光,0.2942249774932861,Q16903821,STEM.Medicine_&_Health,1266239.0,0.5,11.0,1819.0
11123,6.0,1266239.0,馬仁光,0.20182321965694427,Q16903821,STEM.STEM*,1266239.0,0.5,11.0,1819.0
11124,6.0,1266239.0,馬仁光,0.0,Q16903821,Geography.Regions.Asia.Asia*,1266239.0,0.5,11.0,1819.0
11125,6.0,1266239.0,馬仁光,0.0,Q16903821,Geography.Regions.Europe.Europe*,1266239.0,0.5,11.0,1819.0
11126,6.0,1266239.0,馬仁光,0.0,Q16903821,Geography.Regions.Asia.South_Asia,1266239.0,0.5,11.0,1819.0
11127,5.0,1266306.0,范鳳龍,0.9755869507789612,Q6153762,Culture.Biography.Biography*,1266306.0,0.0,11.0,36669.0
11128,5.0,1266306.0,范鳳龍,0.40734341740608215,Q6153762,STEM.Medicine_&_Health,1266306.0,0.0,11.0,36669.0
11129,5.0,1266306.0,范鳳龍,0.38492217659950256,Q6153762,STEM.STEM*,1266306.0,0.0,11.0,36669.0
11130,5.0,1266306.0,范鳳龍,0.3344935646057129,Q6153762,Geography.Regions.Europe.Southern_Europe,1266306.0,0.0,11.0,36669.0
11131,5.0,1266306.0,范鳳龍,0.25392501258850103,Q6153762,Geography.Regions.Europe.Europe*,1266306.0,0.0,11.0,36669.0
11132,20.0,1266572.0,森姆·積遜,0.9989450573921204,Q172678,Culture.Biography.Biography*,1266572.0,91624.67240482409,6.0,3328.0
11133,20.0,1266572.0,森姆·積遜,0.3702353835105896,Q172678,Culture.Media.Films,1266572.0,91624.67240482409,6.0,3328.0
11134,20.0,1266572.0,森姆·積遜,0.275139719247818,Q172678,Culture.Media.Media*,1266572.0,91624.67240482409,6.0,3328.0
11135,20.0,1266572.0,森姆·積遜,0.24809722805023196,Q172678,Geography.Regions.Americas.North_America,1266572.0,91624.67240482409,6.0,3328.0
11136,20.0,1266572.0,森姆·積遜,0.1824355274438858,Q172678,Culture.Biography.Women,1266572.0,91624.67240482409,6.0,3328.0
11137,1.0,1271063.0,汉尼拔·莱克特,0.9905974268913268,Q211013,Culture.Literature,1271063.0,0.0,14.0,3198.0
11138,1.0,1271063.0,汉尼拔·莱克特,0.7826725244522095,Q211013,Culture.Media.Media*,1271063.0,0.0,14.0,3198.0
11139,1.0,1271063.0,汉尼拔·莱克特,0.5698626637458801,Q211013,Culture.Media.Films,1271063.0,0.0,14.0,3198.0
11140,1.0,1271063.0,汉尼拔·莱克特,0.0,Q211013,Geography.Regions.Europe.Europe*,1271063.0,0.0,14.0,3198.0
11141,1.0,1271096.0,比利·海灵顿,0.9905974268913268,Q625966,Culture.Media.Films,1271096.0,0.0,8.0,2849.0
11142,1.0,1271096.0,比利·海灵顿,0.989681839942932,Q625966,Culture.Biography.Biography*,1271096.0,0.0,8.0,2849.0
11143,1.0,1271096.0,比利·海灵顿,0.9688661694526672,Q625966,Culture.Media.Media*,1271096.0,0.0,8.0,2849.0
11144,1.0,1271096.0,比利·海灵顿,0.59267657995224,Q625966,History_and_Society.Society,1271096.0,0.0,8.0,2849.0
11145,1.0,1271096.0,比利·海灵顿,0.014629947185516357,Q625966,Geography.Regions.Americas.North_America,1271096.0,0.0,8.0,2849.0
11146,1.0,1271096.0,比利·海灵顿,0.0,Q625966,Geography.Regions.Europe.Europe*,1271096.0,0.0,8.0,2849.0
11147,28.0,1275657.0,英國副首相,0.5000100135803223,Q1507619,History_and_Society.Politics_and_government,1275657.0,2667.903923003466,1.0,1760.0
11148,28.0,1275657.0,英國副首相,0.14323513412475586,Q1507619,Geography.Regions.Europe.Europe*,1275657.0,2667.903923003466,1.0,1760.0
11149,28.0,1275657.0,英國副首相,0.06886266374588013,Q1507619,Geography.Regions.Europe.Northern_Europe,1275657.0,2667.903923003466,1.0,1760.0
11150,1.0,1275910.0,川口春奈,0.99219411611557,Q1188862,Culture.Biography.Biography*,1275910.0,0.0,13.0,3163.0
11151,1.0,1275910.0,川口春奈,0.5234303474426271,Q1188862,Culture.Biography.Women,1275910.0,0.0,13.0,3163.0
11152,1.0,1275910.0,川口春奈,0.24809722805023196,Q1188862,Geography.Regions.Asia.East_Asia,1275910.0,0.0,13.0,3163.0
11153,1.0,1275910.0,川口春奈,0.21760438585281366,Q1188862,Geography.Regions.Asia.Asia*,1275910.0,0.0,13.0,3163.0
11154,3.0,1279364.0,魔神英雄傳系列 登場魔神列表,1.0,Q17162145,Compilation.List_Disambig,1279364.0,0.0,14.0,0.0
11155,3.0,1279364.0,魔神英雄傳系列 登場魔神列表,0.2227101624011993,Q17162145,STEM.STEM*,1279364.0,0.0,14.0,0.0
11156,3.0,1279364.0,魔神英雄傳系列 登場魔神列表,0.1259327530860901,Q17162145,Culture.Media.Media*,1279364.0,0.0,14.0,0.0
11157,3.0,1279364.0,魔神英雄傳系列 登場魔神列表,0.10088862478733064,Q17162145,Culture.Sports,1279364.0,0.0,14.0,0.0
11158,3.0,1279364.0,魔神英雄傳系列 登場魔神列表,0.0,Q17162145,Geography.Regions.Americas.North_America,1279364.0,0.0,14.0,0.0
11159,3.0,1279364.0,魔神英雄傳系列 登場魔神列表,0.0,Q17162145,Geography.Regions.Europe.Europe*,1279364.0,0.0,14.0,0.0
11160,3.0,1279364.0,魔神英雄傳系列 登場魔神列表,0.0,Q17162145,Geography.Regions.Asia.Asia*,1279364.0,0.0,14.0,0.0
11161,5.0,1283658.0,青瓦台事件,0.8175845146179199,Q491182,History_and_Society.Military_and_warfare,1283658.0,2830.444374068888,1.0,2368.0
11162,5.0,1283658.0,青瓦台事件,0.0,Q491182,Geography.Regions.Asia.Asia*,1283658.0,2830.444374068888,1.0,2368.0
11163,5.0,1283658.0,青瓦台事件,0.0,Q491182,Geography.Regions.Europe.Europe*,1283658.0,2830.444374068888,1.0,2368.0
11164,5.0,1283658.0,青瓦台事件,0.0,Q491182,Geography.Regions.Europe.Western_Europe,1283658.0,2830.444374068888,1.0,2368.0
11165,5.0,1283658.0,青瓦台事件,0.0,Q491182,Geography.Regions.Americas.North_America,1283658.0,2830.444374068888,1.0,2368.0
11166,5.0,1283658.0,青瓦台事件,0.0,Q491182,Geography.Regions.Europe.Southern_Europe,1283658.0,2830.444374068888,1.0,2368.0
11167,5.0,1283658.0,青瓦台事件,0.0,Q491182,Geography.Regions.Europe.Northern_Europe,1283658.0,2830.444374068888,1.0,2368.0
11168,5.0,1283658.0,青瓦台事件,0.0,Q491182,Geography.Regions.Asia.East_Asia,1283658.0,2830.444374068888,1.0,2368.0
11169,5.0,1283907.0,泡沫之夏 (台灣電視劇),0.9937201142311096,Q5238083,Culture.Biography.Biography*,1283907.0,6871.434958775069,4.0,5225.0
11170,5.0,1283907.0,泡沫之夏 (台灣電視劇),0.9659096002578736,Q5238083,History_and_Society.Society,1283907.0,6871.434958775069,4.0,5225.0
11171,5.0,1283907.0,泡沫之夏 (台灣電視劇),0.8080772161483765,Q5238083,Culture.Media.Media*,1283907.0,6871.434958775069,4.0,5225.0
11172,5.0,1283907.0,泡沫之夏 (台灣電視劇),0.7663036584854126,Q5238083,Culture.Media.Television,1283907.0,6871.434958775069,4.0,5225.0
11173,5.0,1283907.0,泡沫之夏 (台灣電視劇),0.4954163899421692,Q5238083,Geography.Regions.Asia.East_Asia,1283907.0,6871.434958775069,4.0,5225.0
11174,5.0,1283907.0,泡沫之夏 (台灣電視劇),0.4883575310707092,Q5238083,Geography.Regions.Asia.Asia*,1283907.0,6871.434958775069,4.0,5225.0
11175,4.0,1285624.0,賀來賢人,0.9986429810523988,Q1050164,Culture.Biography.Biography*,1285624.0,888.847674697623,13.0,2722.0
11176,4.0,1285624.0,賀來賢人,0.4440047016143799,Q1050164,Geography.Regions.Asia.East_Asia,1285624.0,888.847674697623,13.0,2722.0
11177,4.0,1285624.0,賀來賢人,0.4231518378257752,Q1050164,Geography.Regions.Asia.Asia*,1285624.0,888.847674697623,13.0,2722.0
11178,4.0,1285624.0,賀來賢人,0.11597072333097458,Q1050164,Culture.Sports,1285624.0,888.847674697623,13.0,2722.0
11179,1.0,1286029.0,顏雄,0.9073222279548644,Q15932403,Culture.Biography.Biography*,1286029.0,0.0,12.0,2421.0
11180,1.0,1286029.0,顏雄,0.4921981394290924,Q15932403,Culture.Sports,1286029.0,0.0,12.0,2421.0
11181,1.0,1286029.0,顏雄,0.0,Q15932403,Geography.Regions.Americas.North_America,1286029.0,0.0,12.0,2421.0
11182,1.0,1286029.0,顏雄,0.0,Q15932403,Geography.Regions.Asia.Asia*,1286029.0,0.0,12.0,2421.0
11183,1.0,1286029.0,顏雄,0.0,Q15932403,Geography.Regions.Europe.Europe*,1286029.0,0.0,12.0,2421.0
11184,1.0,1286029.0,顏雄,0.0,Q15932403,Geography.Regions.Oceania,1286029.0,0.0,12.0,2421.0
11185,21.0,1287338.0,戰後中華民國（臺灣）死刑犯列表,1.0,Q10915559,Compilation.List_Disambig,1287338.0,42679.82695240257,2.0,21408.0
11186,21.0,1287338.0,戰後中華民國（臺灣）死刑犯列表,0.2227101624011993,Q10915559,STEM.STEM*,1287338.0,42679.82695240257,2.0,21408.0
11187,21.0,1287338.0,戰後中華民國（臺灣）死刑犯列表,0.1259327530860901,Q10915559,Culture.Media.Media*,1287338.0,42679.82695240257,2.0,21408.0
11188,21.0,1287338.0,戰後中華民國（臺灣）死刑犯列表,0.10088862478733064,Q10915559,Culture.Sports,1287338.0,42679.82695240257,2.0,21408.0
11189,21.0,1287338.0,戰後中華民國（臺灣）死刑犯列表,0.0,Q10915559,Geography.Regions.Americas.North_America,1287338.0,42679.82695240257,2.0,21408.0
11190,21.0,1287338.0,戰後中華民國（臺灣）死刑犯列表,0.0,Q10915559,Geography.Regions.Europe.Europe*,1287338.0,42679.82695240257,2.0,21408.0
11191,21.0,1287338.0,戰後中華民國（臺灣）死刑犯列表,0.0,Q10915559,Geography.Regions.Asia.Asia*,1287338.0,42679.82695240257,2.0,21408.0
11192,9.0,1288636.0,李婭莎,0.9919480085372924,Q9203927,Culture.Biography.Biography*,1288636.0,8038.228009401889,4.0,2455.0
11193,9.0,1288636.0,李婭莎,0.3276783227920532,Q9203927,Culture.Biography.Women,1288636.0,8038.228009401889,4.0,2455.0
11194,9.0,1288636.0,李婭莎,0.18714269995689392,Q9203927,Culture.Media.Media*,1288636.0,8038.228009401889,4.0,2455.0
11195,9.0,1288636.0,李婭莎,0.17818872833251953,Q9203927,Geography.Regions.Asia.Asia*,1288636.0,8038.228009401889,4.0,2455.0
11196,9.0,1288636.0,李婭莎,0.13661839067935946,Q9203927,Culture.Media.Music,1288636.0,8038.228009401889,4.0,2455.0
11197,9.0,1288636.0,李婭莎,0.04574816131591797,Q9203927,Geography.Regions.Asia.East_Asia,1288636.0,8038.228009401889,4.0,2455.0
11198,8.0,1291263.0,轰-6,0.9993836879730223,Q39600,STEM.Engineering,1291263.0,6050.344807661011,5.0,3038.0
11199,8.0,1291263.0,轰-6,0.9992306232452391,Q39600,History_and_Society.Transportation,1291263.0,6050.344807661011,5.0,3038.0
11200,8.0,1291263.0,轰-6,0.9976868629455566,Q39600,STEM.STEM*,1291263.0,6050.344807661011,5.0,3038.0
11201,8.0,1291263.0,轰-6,0.9615437984466552,Q39600,History_and_Society.Military_and_warfare,1291263.0,6050.344807661011,5.0,3038.0
11202,8.0,1291263.0,轰-6,0.3981314172744751,Q39600,Geography.Regions.Asia.East_Asia,1291263.0,6050.344807661011,5.0,3038.0
11203,8.0,1291263.0,轰-6,0.24809722805023196,Q39600,Geography.Regions.Asia.Asia*,1291263.0,6050.344807661011,5.0,3038.0
11204,1.0,1291566.0,糖兄妹,0.5156299471855164,Q15895876,Culture.Biography.Biography*,1291566.0,0.0,12.0,974.0
11205,1.0,1291566.0,糖兄妹,0.4455395638942719,Q15895876,Culture.Media.Music,1291566.0,0.0,12.0,974.0
11206,1.0,1291566.0,糖兄妹,0.3923468291759491,Q15895876,Culture.Media.Media*,1291566.0,0.0,12.0,974.0
11207,1.0,1291566.0,糖兄妹,0.0,Q15895876,Geography.Regions.Europe.Europe*,1291566.0,0.0,12.0,974.0
11208,1.0,1291566.0,糖兄妹,0.0,Q15895876,Geography.Regions.Asia.Asia*,1291566.0,0.0,12.0,974.0
11209,1.0,1291566.0,糖兄妹,0.0,Q15895876,Geography.Regions.Americas.North_America,1291566.0,0.0,12.0,974.0
11210,1.0,1291566.0,糖兄妹,0.0,Q15895876,Geography.Regions.Europe.Northern_Europe,1291566.0,0.0,12.0,974.0
11211,2.0,1293023.0,杜淑純,0.91965252161026,Q9212499,Culture.Biography.Biography*,1293023.0,7882.0,2.0,1602.0
11212,2.0,1293023.0,杜淑純,0.9149109721183776,Q9212499,Culture.Biography.Women,1293023.0,7882.0,2.0,1602.0
11213,2.0,1293023.0,杜淑純,0.7718535065650941,Q9212499,History_and_Society.Society,1293023.0,7882.0,2.0,1602.0
11214,2.0,1293023.0,杜淑純,0.4936250915527344,Q9212499,Geography.Regions.Asia.East_Asia,1293023.0,7882.0,2.0,1602.0
11215,2.0,1293023.0,杜淑純,0.4804634323120117,Q9212499,Geography.Regions.Asia.Asia*,1293023.0,7882.0,2.0,1602.0
11216,2.0,1293023.0,杜淑純,0.21734751760959625,Q9212499,History_and_Society.History,1293023.0,7882.0,2.0,1602.0
11217,3.0,1293286.0,南明奈,0.9871888160705566,Q567154,Culture.Biography.Biography*,1293286.0,4982.146462439535,13.0,1666.0
11218,3.0,1293286.0,南明奈,0.19194278120994568,Q567154,Culture.Visual_arts.Fashion,1293286.0,4982.146462439535,13.0,1666.0
11219,3.0,1293286.0,南明奈,0.1713417043685913,Q567154,Geography.Regions.Asia.Asia*,1293286.0,4982.146462439535,13.0,1666.0
11220,3.0,1293286.0,南明奈,0.16027602553367615,Q567154,Culture.Biography.Women,1293286.0,4982.146462439535,13.0,1666.0
11221,3.0,1293286.0,南明奈,0.13604079389572146,Q567154,Geography.Regions.Asia.East_Asia,1293286.0,4982.146462439535,13.0,1666.0
11222,3.0,1294951.0,泰德·邦迪,0.9980832934379578,Q192218,Culture.Biography.Biography*,1294951.0,2878.456943679072,5.0,5479.0
11223,3.0,1294951.0,泰德·邦迪,0.3548611869812012,Q192218,Geography.Regions.Americas.North_America,1294951.0,2878.456943679072,5.0,5479.0
11224,18.0,1298011.0,人气歌谣,0.9149109721183776,Q485889,Culture.Media.Television,1298011.0,46524.0491377877,0.0,2774.0
11225,18.0,1298011.0,人气歌谣,0.8596737384796143,Q485889,Culture.Media.Media*,1298011.0,46524.0491377877,0.0,2774.0
11226,18.0,1298011.0,人气歌谣,0.4722507467269898,Q485889,Geography.Regions.Asia.East_Asia,1298011.0,46524.0491377877,0.0,2774.0
11227,18.0,1298011.0,人气歌谣,0.4440047016143799,Q485889,Geography.Regions.Asia.Asia*,1298011.0,46524.0491377877,0.0,2774.0
11228,12.0,1298825.0,林欣彤,0.9836069941520692,Q7224928,Culture.Biography.Biography*,1298825.0,22200.84866816516,12.0,3052.0
11229,12.0,1298825.0,林欣彤,0.6584275364875793,Q7224928,Culture.Biography.Women,1298825.0,22200.84866816516,12.0,3052.0
11230,12.0,1298825.0,林欣彤,0.5000100135803223,Q7224928,Culture.Media.Music,1298825.0,22200.84866816516,12.0,3052.0
11231,12.0,1298825.0,林欣彤,0.4760326614379883,Q7224928,Geography.Regions.Asia.East_Asia,1298825.0,22200.84866816516,12.0,3052.0
11232,12.0,1298825.0,林欣彤,0.4627899398803711,Q7224928,Geography.Regions.Asia.Asia*,1298825.0,22200.84866816516,12.0,3052.0
11233,12.0,1298825.0,林欣彤,0.2814156115055084,Q7224928,Culture.Media.Media*,1298825.0,22200.84866816516,12.0,3052.0
11234,12.0,1298825.0,林欣彤,0.16027602553367615,Q7224928,History_and_Society.Society,1298825.0,22200.84866816516,12.0,3052.0
11235,3.0,1301261.0,浦志强,0.9219318628311156,Q7257217,Culture.Biography.Biography*,1301261.0,5573.9412531898215,2.0,2917.0
11236,3.0,1301261.0,浦志强,0.2393593490123749,Q7257217,History_and_Society.Politics_and_government,1301261.0,5573.9412531898215,2.0,2917.0
11237,3.0,1301261.0,浦志强,0.0,Q7257217,Geography.Regions.Asia.Asia*,1301261.0,5573.9412531898215,2.0,2917.0
11238,3.0,1301261.0,浦志强,0.0,Q7257217,Geography.Regions.Asia.East_Asia,1301261.0,5573.9412531898215,2.0,2917.0
11239,1.0,1301917.0,满都海哈屯,0.9724247455596924,Q299737,Culture.Biography.Biography*,1301917.0,0.0,13.0,5413.0
11240,1.0,1301917.0,满都海哈屯,0.8596737384796143,Q299737,Culture.Biography.Women,1301917.0,0.0,13.0,5413.0
11241,1.0,1301917.0,满都海哈屯,0.4669093360900879,Q299737,Geography.Regions.Asia.Asia*,1301917.0,0.0,13.0,5413.0
11242,1.0,1301917.0,满都海哈屯,0.4301573634147644,Q299737,History_and_Society.History,1301917.0,0.0,13.0,5413.0
11243,1.0,1301917.0,满都海哈屯,0.3893042674064636,Q299737,Geography.Regions.Asia.East_Asia,1301917.0,0.0,13.0,5413.0
11244,1.0,1301917.0,满都海哈屯,0.2689514458179474,Q299737,History_and_Society.Military_and_warfare,1301917.0,0.0,13.0,5413.0
11245,1.0,1301917.0,满都海哈屯,0.15742753648757934,Q299737,Geography.Regions.Asia.Central_Asia,1301917.0,0.0,13.0,5413.0
11246,1.0,1301953.0,瞎攪和的技術,1.0000100135803225,Q2598639,Culture.Literature,1301953.0,0.0,13.0,1661.0
11247,1.0,1301953.0,瞎攪和的技術,1.0000100135803225,Q2598639,Culture.Visual_arts.Visual_arts*,1301953.0,0.0,13.0,1661.0
11248,1.0,1301953.0,瞎攪和的技術,1.0000100135803225,Q2598639,Culture.Visual_arts.Comics_and_Anime,1301953.0,0.0,13.0,1661.0
11249,1.0,1301953.0,瞎攪和的技術,0.14415885508060455,Q2598639,Culture.Media.Media*,1301953.0,0.0,13.0,1661.0
11250,8.0,1302785.0,臺灣廢除死刑推動聯盟,1.0000100135803225,Q10915468,History_and_Society.Society,1302785.0,7650.1110800025135,2.0,8958.0
11251,8.0,1302785.0,臺灣廢除死刑推動聯盟,1.0000100135803225,Q10915468,Culture.Biography.Biography*,1302785.0,7650.1110800025135,2.0,8958.0
11252,8.0,1302785.0,臺灣廢除死刑推動聯盟,0.4990100135803223,Q10915468,Geography.Regions.Asia.Asia*,1302785.0,7650.1110800025135,2.0,8958.0
11253,8.0,1302785.0,臺灣廢除死刑推動聯盟,0.4990100135803223,Q10915468,Geography.Regions.Asia.East_Asia,1302785.0,7650.1110800025135,2.0,8958.0
11254,8.0,1302785.0,臺灣廢除死刑推動聯盟,0.4688006341457367,Q10915468,STEM.STEM*,1302785.0,7650.1110800025135,2.0,8958.0
11255,8.0,1302785.0,臺灣廢除死刑推動聯盟,0.3140605390071869,Q10915468,STEM.Earth_and_environment,1302785.0,7650.1110800025135,2.0,8958.0
11256,8.0,1302785.0,臺灣廢除死刑推動聯盟,0.2689514458179474,Q10915468,Culture.Visual_arts.Architecture,1302785.0,7650.1110800025135,2.0,8958.0
11257,8.0,1302785.0,臺灣廢除死刑推動聯盟,0.24509501457214355,Q10915468,Culture.Visual_arts.Visual_arts*,1302785.0,7650.1110800025135,2.0,8958.0
11258,8.0,1302785.0,臺灣廢除死刑推動聯盟,0.18714269995689392,Q10915468,History_and_Society.Politics_and_government,1302785.0,7650.1110800025135,2.0,8958.0
11259,8.0,1302785.0,臺灣廢除死刑推動聯盟,0.16452647745609286,Q10915468,History_and_Society.Business_and_economics,1302785.0,7650.1110800025135,2.0,8958.0
11260,8.0,1302785.0,臺灣廢除死刑推動聯盟,0.14415885508060455,Q10915468,History_and_Society.Transportation,1302785.0,7650.1110800025135,2.0,8958.0
11261,8.0,1302785.0,臺灣廢除死刑推動聯盟,0.12253321707248688,Q10915468,STEM.Engineering,1302785.0,7650.1110800025135,2.0,8958.0
11262,8.0,1302785.0,臺灣廢除死刑推動聯盟,0.1067005917429924,Q10915468,History_and_Society.Education,1302785.0,7650.1110800025135,2.0,8958.0
11263,3.0,1303156.0,台大五姬,0.2942249774932861,Q10914468,STEM.STEM*,1303156.0,0.0,2.0,2423.0
11264,3.0,1303156.0,台大五姬,0.0,Q10914468,Geography.Regions.Asia.Asia*,1303156.0,0.0,2.0,2423.0
11265,3.0,1303156.0,台大五姬,0.0,Q10914468,Geography.Regions.Americas.North_America,1303156.0,0.0,2.0,2423.0
11266,3.0,1303156.0,台大五姬,0.0,Q10914468,Geography.Regions.Europe.Europe*,1303156.0,0.0,2.0,2423.0
11267,3.0,1303157.0,吳依潔,0.9732507467269896,Q9061943,Culture.Biography.Biography*,1303157.0,0.0,2.0,1865.0
11268,3.0,1303157.0,吳依潔,0.9697954058647156,Q9061943,History_and_Society.Society,1303157.0,0.0,2.0,1865.0
11269,3.0,1303157.0,吳依潔,0.8479777574539185,Q9061943,Culture.Biography.Women,1303157.0,0.0,2.0,1865.0
11270,3.0,1303157.0,吳依潔,0.7248802781105042,Q9061943,Culture.Media.Media*,1303157.0,0.0,2.0,1865.0
11271,3.0,1303157.0,吳依潔,0.492317186832428,Q9061943,Geography.Regions.Asia.East_Asia,1303157.0,0.0,2.0,1865.0
11272,3.0,1303157.0,吳依潔,0.4820951094627381,Q9061943,Geography.Regions.Asia.Asia*,1303157.0,0.0,2.0,1865.0
11273,4.0,1305665.0,劉乃潔,0.9963027834892272,Q9112280,History_and_Society.Society,1305665.0,2712.5116302688243,2.0,2122.0
11274,4.0,1305665.0,劉乃潔,0.9755869507789612,Q9112280,Culture.Biography.Biography*,1305665.0,2712.5116302688243,2.0,2122.0
11275,4.0,1305665.0,劉乃潔,0.7431780099868774,Q9112280,Culture.Biography.Women,1305665.0,2712.5116302688243,2.0,2122.0
11276,4.0,1305665.0,劉乃潔,0.4857871999740601,Q9112280,Geography.Regions.Asia.East_Asia,1305665.0,2712.5116302688243,2.0,2122.0
11277,4.0,1305665.0,劉乃潔,0.4678661694526672,Q9112280,Geography.Regions.Asia.Asia*,1305665.0,2712.5116302688243,2.0,2122.0
11278,4.0,1305665.0,劉乃潔,0.4455395638942719,Q9112280,STEM.Medicine_&_Health,1305665.0,2712.5116302688243,2.0,2122.0
11279,4.0,1305665.0,劉乃潔,0.11280541121959685,Q9112280,STEM.STEM*,1305665.0,2712.5116302688243,2.0,2122.0
11280,18.0,1307328.0,音乐银行,0.4688006341457367,Q130976,Culture.Media.Media*,1307328.0,22134.56491111154,0.0,2919.0
11281,18.0,1307328.0,音乐银行,0.4569222798347473,Q130976,Geography.Regions.Asia.East_Asia,1307328.0,22134.56491111154,0.0,2919.0
11282,18.0,1307328.0,音乐银行,0.4089169969558716,Q130976,Geography.Regions.Asia.Asia*,1307328.0,22134.56491111154,0.0,2919.0
11283,18.0,1307328.0,音乐银行,0.40734341740608215,Q130976,Culture.Media.Television,1307328.0,22134.56491111154,0.0,2919.0
11284,7.0,1308390.0,黃碧雲 (學者),0.9976133108139038,Q8425912,Culture.Biography.Biography*,1308390.0,117.31405392403398,3.0,1655.0
11285,7.0,1308390.0,黃碧雲 (學者),0.4971998205184937,Q8425912,Geography.Regions.Asia.East_Asia,1308390.0,117.31405392403398,3.0,1655.0
11286,7.0,1308390.0,黃碧雲 (學者),0.4738311638832092,Q8425912,Geography.Regions.Asia.Asia*,1308390.0,117.31405392403398,3.0,1655.0
11287,7.0,1308390.0,黃碧雲 (學者),0.1968362182378769,Q8425912,Culture.Biography.Women,1308390.0,117.31405392403398,3.0,1655.0
11288,1.0,1315545.0,化学阉割,0.9994907379150392,Q1336483,STEM.Medicine_&_Health,1315545.0,0.0,4.0,1715.0
11289,1.0,1315545.0,化学阉割,0.9931061863899232,Q1336483,STEM.STEM*,1315545.0,0.0,4.0,1715.0
11290,3.0,1328635.0,日本動畫列表 (2000年代),0.2942249774932861,Q85880527,STEM.STEM*,1328635.0,4500.631090047281,13.0,2515.0
11291,3.0,1328635.0,日本動畫列表 (2000年代),0.0,Q85880527,Geography.Regions.Asia.Asia*,1328635.0,4500.631090047281,13.0,2515.0
11292,3.0,1328635.0,日本動畫列表 (2000年代),0.0,Q85880527,Geography.Regions.Americas.North_America,1328635.0,4500.631090047281,13.0,2515.0
11293,3.0,1328635.0,日本動畫列表 (2000年代),0.0,Q85880527,Geography.Regions.Europe.Europe*,1328635.0,4500.631090047281,13.0,2515.0
11294,34.0,1333017.0,史丹·李,0.992888569831848,Q181900,Culture.Biography.Biography*,1333017.0,48020.90172310578,6.0,2830.0
11295,34.0,1333017.0,史丹·李,0.7879412174224854,Q181900,Culture.Literature,1333017.0,48020.90172310578,6.0,2830.0
11296,34.0,1333017.0,史丹·李,0.7248802781105042,Q181900,Culture.Visual_arts.Comics_and_Anime,1333017.0,48020.90172310578,6.0,2830.0
11297,34.0,1333017.0,史丹·李,0.6150978803634644,Q181900,Culture.Visual_arts.Visual_arts*,1333017.0,48020.90172310578,6.0,2830.0
11298,34.0,1333017.0,史丹·李,0.4921981394290924,Q181900,Culture.Media.Media*,1333017.0,48020.90172310578,6.0,2830.0
11299,34.0,1333017.0,史丹·李,0.1824355274438858,Q181900,Culture.Media.Entertainment,1333017.0,48020.90172310578,6.0,2830.0
11300,34.0,1333017.0,史丹·李,0.14805719256401062,Q181900,Culture.Biography.Women,1333017.0,48020.90172310578,6.0,2830.0
11301,34.0,1333017.0,史丹·李,0.11597072333097458,Q181900,Culture.Media.Films,1333017.0,48020.90172310578,6.0,2830.0
11302,34.0,1333017.0,史丹·李,0.10088862478733064,Q181900,History_and_Society.Society,1333017.0,48020.90172310578,6.0,2830.0
11303,34.0,1333017.0,史丹·李,0.04574816131591797,Q181900,Geography.Regions.Americas.North_America,1333017.0,48020.90172310578,6.0,2830.0
11304,1.0,1338178.0,喬治·史坦布瑞納,0.9983093142509459,Q220210,Culture.Biography.Biography*,1338178.0,0.0,4.0,916.0
11305,1.0,1338178.0,喬治·史坦布瑞納,0.275139719247818,Q220210,Culture.Sports,1338178.0,0.0,4.0,916.0
11306,1.0,1338178.0,喬治·史坦布瑞納,0.2596606483459473,Q220210,Geography.Regions.Americas.North_America,1338178.0,0.0,4.0,916.0
11307,1.0,1338178.0,喬治·史坦布瑞納,0.2120788097381592,Q220210,History_and_Society.Business_and_economics,1338178.0,0.0,4.0,916.0
11308,4.0,1338317.0,狸猫换太子,0.2942249774932861,Q15911995,STEM.STEM*,1338317.0,326.9908359995846,15.0,9157.0
11309,4.0,1338317.0,狸猫换太子,0.0,Q15911995,Geography.Regions.Asia.Asia*,1338317.0,326.9908359995846,15.0,9157.0
11310,4.0,1338317.0,狸猫换太子,0.0,Q15911995,Geography.Regions.Americas.North_America,1338317.0,326.9908359995846,15.0,9157.0
11311,4.0,1338317.0,狸猫换太子,0.0,Q15911995,Geography.Regions.Europe.Europe*,1338317.0,326.9908359995846,15.0,9157.0
11312,1.0,1341147.0,斯巴达克斯 (电视连续剧),0.9591643214225768,Q1249642,Culture.Media.Media*,1341147.0,0.0,14.0,2871.0
11313,1.0,1341147.0,斯巴达克斯 (电视连续剧),0.8962613940238953,Q1249642,Culture.Media.Television,1341147.0,0.0,14.0,2871.0
11314,1.0,1341147.0,斯巴达克斯 (电视连续剧),0.0,Q1249642,Geography.Regions.Europe.Europe*,1341147.0,0.0,14.0,2871.0
11315,1.0,1341147.0,斯巴达克斯 (电视连续剧),0.0,Q1249642,Geography.Regions.Americas.North_America,1341147.0,0.0,14.0,2871.0
11316,1.0,1341909.0,長途嚇機,0.9979592561721802,Q599430,Culture.Media.Films,1341909.0,0.0,6.0,2319.0
11317,1.0,1341909.0,長途嚇機,0.9970290064811708,Q599430,Culture.Media.Media*,1341909.0,0.0,6.0,2319.0
11318,1.0,1341909.0,長途嚇機,0.12253321707248688,Q599430,Culture.Media.Entertainment,1341909.0,0.0,6.0,2319.0
11319,1.0,1341909.0,長途嚇機,0.06118653917312623,Q599430,Geography.Regions.Americas.North_America,1341909.0,0.0,6.0,2319.0
11320,22.0,1342791.0,生化危機4：陰陽界,0.9981998205184937,Q324557,Culture.Media.Media*,1342791.0,6835.589831276197,9.0,4950.0
11321,22.0,1342791.0,生化危機4：陰陽界,0.997120440006256,Q324557,Culture.Media.Films,1342791.0,6835.589831276197,9.0,4950.0
11322,22.0,1342791.0,生化危機4：陰陽界,0.6370407938957214,Q324557,Culture.Media.Entertainment,1342791.0,6835.589831276197,9.0,4950.0
11323,22.0,1342791.0,生化危機4：陰陽界,0.1732981950044632,Q324557,Culture.Internet_culture,1342791.0,6835.589831276197,9.0,4950.0
11324,22.0,1342791.0,生化危機4：陰陽界,0.11921291798353195,Q324557,Culture.Literature,1342791.0,6835.589831276197,9.0,4950.0
11325,22.0,1342791.0,生化危機4：陰陽界,0.11921291798353195,Q324557,Culture.Media.Video_games,1342791.0,6835.589831276197,9.0,4950.0
11326,22.0,1342791.0,生化危機4：陰陽界,0.0,Q324557,Geography.Regions.Americas.North_America,1342791.0,6835.589831276197,9.0,4950.0
11327,5.0,1342826.0,葉問前傳,0.9966334104537964,Q3125235,Culture.Media.Films,1342826.0,1778.1693663548147,12.0,2149.0
11328,5.0,1342826.0,葉問前傳,0.9955416321754456,Q3125235,Culture.Media.Media*,1342826.0,1778.1693663548147,12.0,2149.0
11329,5.0,1342826.0,葉問前傳,0.2047950496673584,Q3125235,Geography.Regions.Asia.East_Asia,1342826.0,1778.1693663548147,12.0,2149.0
11330,5.0,1342826.0,葉問前傳,0.1824355274438858,Q3125235,Culture.Sports,1342826.0,1778.1693663548147,12.0,2149.0
11331,5.0,1342826.0,葉問前傳,0.0,Q3125235,Geography.Regions.Asia.Asia*,1342826.0,1778.1693663548147,12.0,2149.0
11332,6.0,1342898.0,IPhone 4,0.9905974268913268,Q300890,STEM.STEM*,1342898.0,0.0,17.0,2343.0
11333,6.0,1342898.0,IPhone 4,0.960371196269989,Q300890,STEM.Technology,1342898.0,0.0,17.0,2343.0
11334,6.0,1342898.0,IPhone 4,0.6584275364875793,Q300890,Culture.Media.Software,1342898.0,0.0,17.0,2343.0
11335,6.0,1342898.0,IPhone 4,0.6150978803634644,Q300890,STEM.Computing,1342898.0,0.0,17.0,2343.0
11336,6.0,1342898.0,IPhone 4,0.5698626637458801,Q300890,Culture.Media.Media*,1342898.0,0.0,17.0,2343.0
11337,6.0,1342898.0,IPhone 4,0.1067005917429924,Q300890,History_and_Society.Business_and_economics,1342898.0,0.0,17.0,2343.0
11338,2.0,1343314.0,全員逃走中,0.9863731861114502,Q838136,Culture.Media.Media*,1343314.0,654.2649476659896,13.0,2527.0
11339,2.0,1343314.0,全員逃走中,0.9381340146064758,Q838136,Culture.Media.Television,1343314.0,654.2649476659896,13.0,2527.0
11340,3.0,1346673.0,天龍特攻隊 (電影),0.99745911359787,Q471746,Culture.Media.Media*,1346673.0,1296.8490087457546,6.0,1750.0
11341,3.0,1346673.0,天龍特攻隊 (電影),0.9969346523284912,Q471746,Culture.Media.Films,1346673.0,1296.8490087457546,6.0,1750.0
11342,3.0,1346673.0,天龍特攻隊 (電影),0.14415885508060455,Q471746,Culture.Media.Entertainment,1346673.0,1296.8490087457546,6.0,1750.0
11343,3.0,1346673.0,天龍特攻隊 (電影),0.0,Q471746,Geography.Regions.Americas.North_America,1346673.0,1296.8490087457546,6.0,1750.0
11344,6.0,1347252.0,喬瑟夫·高登-李維,0.9994742274284364,Q177311,Culture.Biography.Biography*,1347252.0,12581.469201788523,6.0,2742.0
11345,6.0,1347252.0,喬瑟夫·高登-李維,0.3775506913661957,Q177311,Culture.Media.Media*,1347252.0,12581.469201788523,6.0,2742.0
11346,6.0,1347252.0,喬瑟夫·高登-李維,0.3624016513824463,Q177311,Geography.Regions.Americas.North_America,1347252.0,12581.469201788523,6.0,2742.0
11347,3.0,1347952.0,四县话,0.9381340146064758,Q9668261,Culture.Linguistics,1347952.0,1025.5997203637094,2.0,1054.0
11348,3.0,1347952.0,四县话,0.30218379402160644,Q9668261,Geography.Regions.Asia.Asia*,1347952.0,1025.5997203637094,2.0,1054.0
11349,3.0,1347952.0,四县话,0.275139719247818,Q9668261,History_and_Society.Society,1347952.0,1025.5997203637094,2.0,1054.0
11350,3.0,1347952.0,四县话,0.2653036584854126,Q9668261,Geography.Regions.Asia.East_Asia,1347952.0,1025.5997203637094,2.0,1054.0
11351,3.0,1347952.0,四县话,0.2227101624011993,Q9668261,Culture.Biography.Biography*,1347952.0,1025.5997203637094,2.0,1054.0
11352,1.0,1350659.0,濟州四·三事件,0.9947898983955384,Q483458,History_and_Society.Society,1350659.0,0.0,3.0,1653.0
11353,1.0,1350659.0,濟州四·三事件,0.59267657995224,Q483458,Geography.Regions.Asia.East_Asia,1350659.0,0.0,3.0,1653.0
11354,1.0,1350659.0,濟州四·三事件,0.5078218579292297,Q483458,Geography.Regions.Asia.Asia*,1350659.0,0.0,3.0,1653.0
11355,1.0,1350659.0,濟州四·三事件,0.348655104637146,Q483458,History_and_Society.Military_and_warfare,1350659.0,0.0,3.0,1653.0
11356,1.0,1350659.0,濟州四·三事件,0.20182321965694427,Q483458,History_and_Society.History,1350659.0,0.0,3.0,1653.0
11357,1.0,1350659.0,濟州四·三事件,0.1097157895565033,Q483458,History_and_Society.Politics_and_government,1350659.0,0.0,3.0,1653.0
11358,3.0,1355677.0,美國陸軍遊騎兵,0.9996530413627625,Q1501784,History_and_Society.Military_and_warfare,1355677.0,447.8251834680594,17.0,1470.0
11359,3.0,1355677.0,美國陸軍遊騎兵,0.22816647589206696,Q1501784,Culture.Biography.Biography*,1355677.0,447.8251834680594,17.0,1470.0
11360,3.0,1355677.0,美國陸軍遊騎兵,0.0,Q1501784,Geography.Regions.Americas.North_America,1355677.0,447.8251834680594,17.0,1470.0
11361,14.0,1356919.0,骆惠宁,0.9979592561721802,Q1652530,Culture.Biography.Biography*,1356919.0,9835.76266873614,3.0,3575.0
11362,14.0,1356919.0,骆惠宁,0.12146936559677125,Q1652530,Geography.Regions.Asia.Asia*,1356919.0,9835.76266873614,3.0,3575.0
11363,14.0,1356919.0,骆惠宁,0.11280541121959685,Q1652530,History_and_Society.Business_and_economics,1356919.0,9835.76266873614,3.0,3575.0
11364,14.0,1356919.0,骆惠宁,0.0,Q1652530,Geography.Regions.Asia.East_Asia,1356919.0,9835.76266873614,3.0,3575.0
11365,1.0,1361135.0,朱利安·阿桑奇,0.998142421245575,Q360,Culture.Biography.Biography*,1361135.0,0.0,10.0,4790.0
11366,1.0,1361135.0,朱利安·阿桑奇,0.38492217659950256,Q360,Culture.Biography.Women,1361135.0,0.0,10.0,4790.0
11367,1.0,1361135.0,朱利安·阿桑奇,0.2942249774932861,Q360,Culture.Media.Media*,1361135.0,0.0,10.0,4790.0
11368,1.0,1361135.0,朱利安·阿桑奇,0.2227101624011993,Q360,History_and_Society.Politics_and_government,1361135.0,0.0,10.0,4790.0
11369,1.0,1361135.0,朱利安·阿桑奇,0.1732981950044632,Q360,History_and_Society.Society,1361135.0,0.0,10.0,4790.0
11370,1.0,1361135.0,朱利安·阿桑奇,0.12253321707248688,Q360,STEM.STEM*,1361135.0,0.0,10.0,4790.0
11371,1.0,1361135.0,朱利安·阿桑奇,0.10375863313674928,Q360,Culture.Literature,1361135.0,0.0,10.0,4790.0
11372,1.0,1361135.0,朱利安·阿桑奇,0.0,Q360,Geography.Regions.Europe.Europe*,1361135.0,0.0,10.0,4790.0
11373,1.0,1361135.0,朱利安·阿桑奇,0.0,Q360,Geography.Regions.Americas.North_America,1361135.0,0.0,10.0,4790.0
11374,1.0,1361135.0,朱利安·阿桑奇,0.0,Q360,Geography.Regions.Europe.Northern_Europe,1361135.0,0.0,10.0,4790.0
11375,1.0,1361135.0,朱利安·阿桑奇,0.0,Q360,Geography.Regions.Oceania,1361135.0,0.0,10.0,4790.0
11376,3.0,1363322.0,刺客信条II,0.9980222582817078,Q211735,Culture.Media.Video_games,1363322.0,2269.1284482284823,12.0,4206.0
11377,3.0,1363322.0,刺客信条II,0.99753737449646,Q211735,Culture.Internet_culture,1363322.0,2269.1284482284823,12.0,4206.0
11378,3.0,1363322.0,刺客信条II,0.9972950220108032,Q211735,Culture.Media.Media*,1363322.0,2269.1284482284823,12.0,4206.0
11379,3.0,1363322.0,刺客信条II,0.18714269995689392,Q211735,Culture.Media.Entertainment,1363322.0,2269.1284482284823,12.0,4206.0
11380,1.0,1364885.0,林若亞,1.0000100135803225,Q8957592,Culture.Biography.Biography*,1364885.0,0.0,4.0,2427.0
11381,1.0,1364885.0,林若亞,0.9755869507789612,Q8957592,History_and_Society.Society,1364885.0,0.0,4.0,2427.0
11382,1.0,1364885.0,林若亞,0.9046605229377748,Q8957592,Culture.Biography.Women,1364885.0,0.0,4.0,2427.0
11383,1.0,1364885.0,林若亞,0.4687954058647156,Q8957592,Geography.Regions.Asia.East_Asia,1364885.0,0.0,4.0,2427.0
11384,1.0,1364885.0,林若亞,0.4581643214225769,Q8957592,Geography.Regions.Asia.Asia*,1364885.0,0.0,4.0,2427.0
11385,1.0,1364885.0,林若亞,0.287777841091156,Q8957592,Culture.Media.Media*,1364885.0,0.0,4.0,2427.0
11386,1.0,1364885.0,林若亞,0.2568419873714447,Q8957592,Culture.Media.Music,1364885.0,0.0,4.0,2427.0
11387,2.0,1366950.0,追擊赤色十月 (電影),0.9908843636512756,Q507994,Culture.Media.Media*,1366950.0,1144.9205752073306,5.0,2235.0
11388,2.0,1366950.0,追擊赤色十月 (電影),0.98678719997406,Q507994,Culture.Media.Films,1366950.0,1144.9205752073306,5.0,2235.0
11389,2.0,1366950.0,追擊赤色十月 (電影),0.1294127255678177,Q507994,History_and_Society.Military_and_warfare,1366950.0,1144.9205752073306,5.0,2235.0
11390,2.0,1366950.0,追擊赤色十月 (電影),0.0,Q507994,Geography.Regions.Americas.North_America,1366950.0,1144.9205752073306,5.0,2235.0
11391,6.0,1367726.0,2010年舟曲泥石流灾害,0.9989450573921204,Q3231705,Geography.Regions.Asia.East_Asia,1367726.0,9885.496490956824,5.0,1035.0
11392,6.0,1367726.0,2010年舟曲泥石流灾害,0.9893575310707092,Q3231705,Geography.Regions.Asia.Asia*,1367726.0,9885.496490956824,5.0,1035.0
11393,6.0,1367726.0,2010年舟曲泥石流灾害,0.6791887283325195,Q3231705,History_and_Society.Politics_and_government,1367726.0,9885.496490956824,5.0,1035.0
11394,6.0,1367726.0,2010年舟曲泥石流灾害,0.3702353835105896,Q3231705,History_and_Society.History,1367726.0,9885.496490956824,5.0,1035.0
11395,6.0,1367726.0,2010年舟曲泥石流灾害,0.16452647745609286,Q3231705,Culture.Philosophy_and_religion,1367726.0,9885.496490956824,5.0,1035.0
11396,5.0,1367770.0,台灣妖怪列表,1.0,Q10915441,Compilation.List_Disambig,1367770.0,18461.552887625145,4.0,3481.0
11397,5.0,1367770.0,台灣妖怪列表,0.2227101624011993,Q10915441,STEM.STEM*,1367770.0,18461.552887625145,4.0,3481.0
11398,5.0,1367770.0,台灣妖怪列表,0.1259327530860901,Q10915441,Culture.Media.Media*,1367770.0,18461.552887625145,4.0,3481.0
11399,5.0,1367770.0,台灣妖怪列表,0.10088862478733064,Q10915441,Culture.Sports,1367770.0,18461.552887625145,4.0,3481.0
11400,5.0,1367770.0,台灣妖怪列表,0.0,Q10915441,Geography.Regions.Americas.North_America,1367770.0,18461.552887625145,4.0,3481.0
11401,5.0,1367770.0,台灣妖怪列表,0.0,Q10915441,Geography.Regions.Europe.Europe*,1367770.0,18461.552887625145,4.0,3481.0
11402,5.0,1367770.0,台灣妖怪列表,0.0,Q10915441,Geography.Regions.Asia.Asia*,1367770.0,18461.552887625145,4.0,3481.0
11403,4.0,1368619.0,劉至翰,1.0000100135803225,Q9113215,Culture.Biography.Biography*,1368619.0,3942.0,4.0,16701.0
11404,4.0,1368619.0,劉至翰,0.9820237755775452,Q9113215,History_and_Society.Society,1368619.0,3942.0,4.0,16701.0
11405,4.0,1368619.0,劉至翰,0.4556442370414734,Q9113215,Geography.Regions.Asia.East_Asia,1368619.0,3942.0,4.0,16701.0
11406,4.0,1368619.0,劉至翰,0.3923194279670715,Q9113215,Geography.Regions.Asia.Asia*,1368619.0,3942.0,4.0,16701.0
11407,3.0,1372275.0,創：光速戰記,0.9964163899421692,Q18954,Culture.Media.Films,1372275.0,8584.985199146762,6.0,1754.0
11408,3.0,1372275.0,創：光速戰記,0.9964163899421692,Q18954,Culture.Media.Media*,1372275.0,8584.985199146762,6.0,1754.0
11409,3.0,1372275.0,創：光速戰記,0.1824355274438858,Q18954,Culture.Media.Entertainment,1372275.0,8584.985199146762,6.0,1754.0
11410,3.0,1372275.0,創：光速戰記,0.0,Q18954,Geography.Regions.Americas.North_America,1372275.0,8584.985199146762,6.0,1754.0
11411,2.0,1372420.0,亞倫·強森,1.0000100135803225,Q45923,Culture.Biography.Biography*,1372420.0,17.783273125489718,6.0,1521.0
11412,2.0,1372420.0,亞倫·強森,0.14805719256401062,Q45923,Culture.Media.Media*,1372420.0,17.783273125489718,6.0,1521.0
11413,2.0,1372420.0,亞倫·強森,0.0,Q45923,Geography.Regions.Europe.Europe*,1372420.0,17.783273125489718,6.0,1521.0
11414,2.0,1372420.0,亞倫·強森,0.0,Q45923,Geography.Regions.Europe.Northern_Europe,1372420.0,17.783273125489718,6.0,1521.0
11415,2.0,1372420.0,亞倫·強森,0.0,Q45923,Geography.Regions.Americas.North_America,1372420.0,17.783273125489718,6.0,1521.0
11416,4.0,1375154.0,高雄市議會,1.0000100135803225,Q6366073,History_and_Society.Society,1375154.0,2421.204995153951,2.0,1334.0
11417,4.0,1375154.0,高雄市議會,0.9992306232452391,Q6366073,Culture.Biography.Biography*,1375154.0,2421.204995153951,2.0,1334.0
11418,4.0,1375154.0,高雄市議會,0.9984612464904784,Q6366073,Geography.Regions.Asia.East_Asia,1375154.0,2421.204995153951,2.0,1334.0
11419,4.0,1375154.0,高雄市議會,0.9958112239837646,Q6366073,Geography.Regions.Asia.Asia*,1375154.0,2421.204995153951,2.0,1334.0
11420,4.0,1375154.0,高雄市議會,0.7186043858528137,Q6366073,History_and_Society.Politics_and_government,1375154.0,2421.204995153951,2.0,1334.0
11421,6.0,1375235.0,打工皇帝,0.9814634323120116,Q11075913,Culture.Media.Films,1375235.0,2711.0852611936625,12.0,1560.0
11422,6.0,1375235.0,打工皇帝,0.9344051480293274,Q11075913,Culture.Media.Media*,1375235.0,2711.0852611936625,12.0,1560.0
11423,6.0,1375235.0,打工皇帝,0.4966133108139038,Q11075913,Geography.Regions.Asia.East_Asia,1375235.0,2711.0852611936625,12.0,1560.0
11424,6.0,1375235.0,打工皇帝,0.4906942119598389,Q11075913,Geography.Regions.Asia.Asia*,1375235.0,2711.0852611936625,12.0,1560.0
11425,12.0,1377058.0,陳仙梅,0.9984121918678284,Q8974088,Culture.Biography.Biography*,1377058.0,39891.4166687865,4.0,1845.0
11426,12.0,1377058.0,陳仙梅,0.9124462008476256,Q8974088,Culture.Biography.Women,1377058.0,39891.4166687865,4.0,1845.0
11427,12.0,1377058.0,陳仙梅,0.7879412174224854,Q8974088,History_and_Society.Society,1377058.0,39891.4166687865,4.0,1845.0
11428,12.0,1377058.0,陳仙梅,0.3344935646057129,Q8974088,Geography.Regions.Asia.East_Asia,1377058.0,39891.4166687865,4.0,1845.0
11429,12.0,1377058.0,陳仙梅,0.2816725244522095,Q8974088,Geography.Regions.Asia.Asia*,1377058.0,39891.4166687865,4.0,1845.0
11430,12.0,1377058.0,陳仙梅,0.1294127255678177,Q8974088,Culture.Media.Music,1377058.0,39891.4166687865,4.0,1845.0
11431,12.0,1377058.0,陳仙梅,0.10088862478733064,Q8974088,Culture.Media.Media*,1377058.0,39891.4166687865,4.0,1845.0
11432,1.0,1378723.0,壞男人,0.8962613940238953,Q486176,Culture.Media.Media*,1378723.0,0.0,0.0,2134.0
11433,1.0,1378723.0,壞男人,0.7931159734725952,Q486176,Culture.Media.Television,1378723.0,0.0,0.0,2134.0
11434,1.0,1378723.0,壞男人,0.4659240117073059,Q486176,Geography.Regions.Asia.East_Asia,1378723.0,0.0,0.0,2134.0
11435,1.0,1378723.0,壞男人,0.4486793746948242,Q486176,Geography.Regions.Asia.Asia*,1378723.0,0.0,0.0,2134.0
11436,11.0,1381321.0,中國大陸學生赴臺灣就讀,0.9626831412315368,Q15928528,History_and_Society.Politics_and_government,1381321.0,1905.332334039561,5.0,1546.0
11437,11.0,1381321.0,中國大陸學生赴臺灣就讀,0.0,Q15928528,Geography.Regions.Americas.North_America,1381321.0,1905.332334039561,5.0,1546.0
11438,11.0,1381321.0,中國大陸學生赴臺灣就讀,0.0,Q15928528,Geography.Regions.Europe.Europe*,1381321.0,1905.332334039561,5.0,1546.0
11439,11.0,1381321.0,中國大陸學生赴臺灣就讀,0.0,Q15928528,Geography.Regions.Europe.Northern_Europe,1381321.0,1905.332334039561,5.0,1546.0
11440,5.0,1385239.0,馬尼拉人質事件,0.996185541152954,Q1135634,Geography.Regions.Asia.Asia*,1385239.0,9752.436418743771,3.0,3522.0
11441,5.0,1385239.0,馬尼拉人質事件,0.9939124584197998,Q1135634,Geography.Regions.Asia.Southeast_Asia,1385239.0,9752.436418743771,3.0,3522.0
11442,5.0,1385239.0,馬尼拉人質事件,0.20182321965694427,Q1135634,History_and_Society.Politics_and_government,1385239.0,9752.436418743771,3.0,3522.0
11443,5.0,1385239.0,馬尼拉人質事件,0.19194278120994568,Q1135634,Geography.Regions.Asia.East_Asia,1385239.0,9752.436418743771,3.0,3522.0
11444,10.0,1387713.0,英國廣播公司新聞,0.9935217499732972,Q1160945,Culture.Media.Media*,1387713.0,29154.294350945747,10.0,2348.0
11445,10.0,1387713.0,英國廣播公司新聞,0.7606606483459473,Q1160945,Culture.Media.Television,1387713.0,29154.294350945747,10.0,2348.0
11446,10.0,1387713.0,英國廣播公司新聞,0.7186043858528137,Q1160945,Culture.Media.Radio,1387713.0,29154.294350945747,10.0,2348.0
11447,10.0,1387713.0,英國廣播公司新聞,0.41490885615348816,Q1160945,History_and_Society.Business_and_economics,1387713.0,29154.294350945747,10.0,2348.0
11448,10.0,1387713.0,英國廣播公司新聞,0.10375863313674928,Q1160945,History_and_Society.Education,1387713.0,29154.294350945747,10.0,2348.0
11449,10.0,1387713.0,英國廣播公司新聞,0.0,Q1160945,Geography.Regions.Europe.Northern_Europe,1387713.0,29154.294350945747,10.0,2348.0
11450,10.0,1387713.0,英國廣播公司新聞,0.0,Q1160945,Geography.Regions.Europe.Europe*,1387713.0,29154.294350945747,10.0,2348.0
11451,4.0,1388402.0,莫斯科歌劇院脅持事件,0.7718535065650941,Q4670,History_and_Society.Politics_and_government,1388402.0,4113.660963188878,10.0,3367.0
11452,4.0,1388402.0,莫斯科歌劇院脅持事件,0.754925012588501,Q4670,History_and_Society.Society,1388402.0,4113.660963188878,10.0,3367.0
11453,4.0,1388402.0,莫斯科歌劇院脅持事件,0.4843900501728058,Q4670,Geography.Regions.Asia.Asia*,1388402.0,4113.660963188878,10.0,3367.0
11454,4.0,1388402.0,莫斯科歌劇院脅持事件,0.3007555902004242,Q4670,Geography.Regions.Europe.Europe*,1388402.0,4113.660963188878,10.0,3367.0
11455,4.0,1388402.0,莫斯科歌劇院脅持事件,0.2120788097381592,Q4670,Culture.Philosophy_and_religion,1388402.0,4113.660963188878,10.0,3367.0
11456,4.0,1388402.0,莫斯科歌劇院脅持事件,0.15611489117145538,Q4670,Geography.Regions.Europe.Eastern_Europe,1388402.0,4113.660963188878,10.0,3367.0
11457,4.0,1388402.0,莫斯科歌劇院脅持事件,0.14805719256401062,Q4670,Geography.Regions.Asia.West_Asia,1388402.0,4113.660963188878,10.0,3367.0
11458,4.0,1388402.0,莫斯科歌劇院脅持事件,0.1294127255678177,Q4670,STEM.STEM*,1388402.0,4113.660963188878,10.0,3367.0
11459,5.0,1390417.0,水行俠,0.9972950220108032,Q623059,Culture.Literature,1390417.0,9776.219842662764,6.0,1266.0
11460,5.0,1390417.0,水行俠,0.6370407938957214,Q623059,Culture.Media.Media*,1390417.0,9776.219842662764,6.0,1266.0
11461,5.0,1390417.0,水行俠,0.6224693655967712,Q623059,Culture.Visual_arts.Comics_and_Anime,1390417.0,9776.219842662764,6.0,1266.0
11462,5.0,1390417.0,水行俠,0.59267657995224,Q623059,Culture.Visual_arts.Visual_arts*,1390417.0,9776.219842662764,6.0,1266.0
11463,5.0,1390417.0,水行俠,0.14415885508060455,Q623059,Culture.Media.Films,1390417.0,9776.219842662764,6.0,1266.0
11464,4.0,1394762.0,王鴻薇,1.0000100135803225,Q9067119,Culture.Biography.Biography*,1394762.0,4761.238580332381,2.0,2101.0
11465,4.0,1394762.0,王鴻薇,0.8596737384796143,Q9067119,History_and_Society.Society,1394762.0,4761.238580332381,2.0,2101.0
11466,4.0,1394762.0,王鴻薇,0.6076731681823729,Q9067119,Culture.Biography.Women,1394762.0,4761.238580332381,2.0,2101.0
11467,4.0,1394762.0,王鴻薇,0.2763098945617676,Q9067119,Geography.Regions.Asia.Asia*,1394762.0,4761.238580332381,2.0,2101.0
11468,4.0,1394762.0,王鴻薇,0.17818872833251953,Q9067119,Geography.Regions.Asia.East_Asia,1394762.0,4761.238580332381,2.0,2101.0
11469,1.0,1394948.0,陳子強,1.0000100135803225,Q8971332,Culture.Biography.Biography*,1394948.0,0.0,4.0,2453.0
11470,1.0,1394948.0,陳子強,0.8991314172744751,Q8971332,History_and_Society.Society,1394948.0,0.0,4.0,2453.0
11471,1.0,1394948.0,陳子強,0.4440047016143799,Q8971332,Geography.Regions.Asia.East_Asia,1394948.0,0.0,4.0,2453.0
11472,1.0,1394948.0,陳子強,0.3696072568893433,Q8971332,Geography.Regions.Asia.Asia*,1394948.0,0.0,4.0,2453.0
11473,3.0,1395414.0,英國國民（海外）,0.7186043858528137,Q5613380,History_and_Society.Society,1395414.0,4077.077252419631,12.0,2905.0
11474,3.0,1395414.0,英國國民（海外）,0.4163126816749573,Q5613380,Geography.Regions.Europe.Europe*,1395414.0,4077.077252419631,12.0,2905.0
11475,3.0,1395414.0,英國國民（海外）,0.3070772161483765,Q5613380,Geography.Regions.Europe.Northern_Europe,1395414.0,4077.077252419631,12.0,2905.0
11476,3.0,1395414.0,英國國民（海外）,0.270853506565094,Q5613380,Geography.Regions.Asia.Asia*,1395414.0,4077.077252419631,12.0,2905.0
11477,3.0,1395414.0,英國國民（海外）,0.16442059183120727,Q5613380,Geography.Geographical,1395414.0,4077.077252419631,12.0,2905.0
11478,3.0,1395414.0,英國國民（海外）,0.06118653917312623,Q5613380,Geography.Regions.Asia.East_Asia,1395414.0,4077.077252419631,12.0,2905.0
11479,3.0,1395414.0,英國國民（海外）,0.0,Q5613380,Geography.Regions.Europe.Southern_Europe,1395414.0,4077.077252419631,12.0,2905.0
11480,3.0,1395414.0,英國國民（海外）,0.0,Q5613380,Geography.Regions.Asia.South_Asia,1395414.0,4077.077252419631,12.0,2905.0
11481,3.0,1395414.0,英國國民（海外）,0.0,Q5613380,Geography.Regions.Americas.Central_America,1395414.0,4077.077252419631,12.0,2905.0
11482,2.0,1398387.0,和散那,0.33459946513175964,Q726204,Culture.Philosophy_and_religion,1398387.0,277.0014931751064,11.0,1206.0
11483,2.0,1398387.0,和散那,0.320831298828125,Q726204,STEM.STEM*,1398387.0,277.0014931751064,11.0,1206.0
11484,2.0,1398387.0,和散那,0.2069040536880493,Q726204,Culture.Literature,1398387.0,277.0014931751064,11.0,1206.0
11485,2.0,1398387.0,和散那,0.1520422399044037,Q726204,STEM.Biology,1398387.0,277.0014931751064,11.0,1206.0
11486,2.0,1398387.0,和散那,0.1259327530860901,Q726204,STEM.Medicine_&_Health,1398387.0,277.0014931751064,11.0,1206.0
11487,2.0,1398387.0,和散那,0.11280541121959685,Q726204,History_and_Society.Society,1398387.0,277.0014931751064,11.0,1206.0
11488,2.0,1398387.0,和散那,0.1067005917429924,Q726204,History_and_Society.Military_and_warfare,1398387.0,277.0014931751064,11.0,1206.0
11489,12.0,1400161.0,奇蹟 (電影),0.94500470161438,Q1851982,Culture.Media.Media*,1400161.0,21062.28805523607,12.0,1122.0
11490,12.0,1400161.0,奇蹟 (電影),0.9304682612419128,Q1851982,Culture.Media.Films,1400161.0,21062.28805523607,12.0,1122.0
11491,12.0,1400161.0,奇蹟 (電影),0.4515841474533081,Q1851982,Geography.Regions.Asia.East_Asia,1400161.0,21062.28805523607,12.0,1122.0
11492,12.0,1400161.0,奇蹟 (電影),0.43713401460647583,Q1851982,Geography.Regions.Asia.Asia*,1400161.0,21062.28805523607,12.0,1122.0
11493,1.0,1400200.0,王道 (演員),0.9978272914886476,Q9316406,Culture.Biography.Biography*,1400200.0,0.0,12.0,1774.0
11494,1.0,1400200.0,王道 (演員),0.0,Q9316406,Geography.Regions.Asia.Asia*,1400200.0,0.0,12.0,1774.0
11495,1.0,1400237.0,口岸,0.1067005917429924,Q1075664,History_and_Society.Society,1400237.0,0.0,10.0,2105.0
11496,1.0,1400237.0,口岸,0.0,Q1075664,Geography.Regions.Asia.Asia*,1400237.0,0.0,10.0,2105.0
11497,1.0,1400237.0,口岸,0.0,Q1075664,Geography.Regions.Americas.North_America,1400237.0,0.0,10.0,2105.0
11498,1.0,1400237.0,口岸,0.0,Q1075664,Geography.Regions.Asia.East_Asia,1400237.0,0.0,10.0,2105.0
11499,1.0,1400237.0,口岸,0.0,Q1075664,Geography.Regions.Europe.Europe*,1400237.0,0.0,10.0,2105.0
11500,1.0,1400237.0,口岸,0.0,Q1075664,Geography.Regions.Africa.Africa*,1400237.0,0.0,10.0,2105.0
11501,7.0,1401353.0,何秉舜,0.993317186832428,Q10886369,Culture.Biography.Biography*,1401353.0,9650.938147517087,12.0,5113.0
11502,7.0,1401353.0,何秉舜,0.4745869507789612,Q10886369,Geography.Regions.Asia.East_Asia,1401353.0,9650.938147517087,12.0,5113.0
11503,7.0,1401353.0,何秉舜,0.4669093360900879,Q10886369,Geography.Regions.Asia.Asia*,1401353.0,9650.938147517087,12.0,5113.0
11504,7.0,1401353.0,何秉舜,0.22816647589206696,Q10886369,History_and_Society.History,1401353.0,9650.938147517087,12.0,5113.0
11505,7.0,1401353.0,何秉舜,0.1259327530860901,Q10886369,Culture.Media.Music,1401353.0,9650.938147517087,12.0,5113.0
11506,7.0,1401353.0,何秉舜,0.10088862478733064,Q10886369,Culture.Media.Media*,1401353.0,9650.938147517087,12.0,5113.0
11507,7.0,1401353.0,何秉舜,0.0,Q10886369,Geography.Regions.Europe.Europe*,1401353.0,9650.938147517087,12.0,5113.0
11508,1.0,1402634.0,黃荻鈞,0.9914325475692748,Q8969085,Culture.Biography.Biography*,1402634.0,0.0,4.0,2861.0
11509,1.0,1402634.0,黃荻鈞,0.6150978803634644,Q8969085,Culture.Biography.Women,1402634.0,0.0,4.0,2861.0
11510,1.0,1402634.0,黃荻鈞,0.16442059183120727,Q8969085,Geography.Regions.Asia.Asia*,1402634.0,0.0,4.0,2861.0
11511,1.0,1402634.0,黃荻鈞,0.12146936559677125,Q8969085,Geography.Regions.Asia.East_Asia,1402634.0,0.0,4.0,2861.0
11512,3.0,1409307.0,吳淑敏,0.984585464000702,Q9119832,Culture.Biography.Biography*,1409307.0,2772.946242971369,4.0,2814.0
11513,3.0,1409307.0,吳淑敏,0.26285186409950256,Q9119832,Culture.Biography.Women,1409307.0,2772.946242971369,4.0,2814.0
11514,3.0,1409307.0,吳淑敏,0.0991983880996704,Q9119832,Geography.Regions.Asia.Asia*,1409307.0,2772.946242971369,4.0,2814.0
11515,3.0,1409307.0,吳淑敏,0.0,Q9119832,Geography.Regions.Asia.East_Asia,1409307.0,2772.946242971369,4.0,2814.0
11516,8.0,1410051.0,曾珮瑜,1.0000100135803225,Q20587466,Culture.Biography.Biography*,1410051.0,29969.55682946339,12.0,2574.0
11517,8.0,1410051.0,曾珮瑜,0.9553291201591492,Q20587466,History_and_Society.Society,1410051.0,29969.55682946339,12.0,2574.0
11518,8.0,1410051.0,曾珮瑜,0.9381340146064758,Q20587466,Culture.Biography.Women,1410051.0,29969.55682946339,12.0,2574.0
11519,8.0,1410051.0,曾珮瑜,0.4556442370414734,Q20587466,Geography.Regions.Asia.East_Asia,1410051.0,29969.55682946339,12.0,2574.0
11520,8.0,1410051.0,曾珮瑜,0.43713401460647583,Q20587466,Geography.Regions.Asia.Asia*,1410051.0,29969.55682946339,12.0,2574.0
11521,26.0,1411683.0,狄仁傑之通天帝國,0.9939124584197998,Q2412823,Culture.Media.Films,1411683.0,33222.93060361464,12.0,2433.0
11522,26.0,1411683.0,狄仁傑之通天帝國,0.98678719997406,Q2412823,Culture.Media.Media*,1411683.0,33222.93060361464,12.0,2433.0
11523,26.0,1411683.0,狄仁傑之通天帝國,0.4669093360900879,Q2412823,Geography.Regions.Asia.East_Asia,1411683.0,33222.93060361464,12.0,2433.0
11524,26.0,1411683.0,狄仁傑之通天帝國,0.3893042674064636,Q2412823,Geography.Regions.Asia.Asia*,1411683.0,33222.93060361464,12.0,2433.0
11525,3.0,1412098.0,危情时速,0.9972950220108032,Q644276,Culture.Media.Media*,1412098.0,2735.879504558619,6.0,2260.0
11526,3.0,1412098.0,危情时速,0.9967369437217712,Q644276,Culture.Media.Films,1412098.0,2735.879504558619,6.0,2260.0
11527,3.0,1412098.0,危情时速,0.19826446676254272,Q644276,Geography.Regions.Americas.North_America,1412098.0,2735.879504558619,6.0,2260.0
11528,3.0,1412098.0,危情时速,0.1732981950044632,Q644276,Culture.Media.Entertainment,1412098.0,2735.879504558619,6.0,2260.0
11529,3.0,1416553.0,洪子涵,1.0000100135803225,Q11146732,Culture.Biography.Biography*,1416553.0,1695.3066824430175,4.0,3906.0
11530,3.0,1416553.0,洪子涵,0.9964163899421692,Q11146732,History_and_Society.Society,1416553.0,1695.3066824430175,4.0,3906.0
11531,3.0,1416553.0,洪子涵,0.8311530351638794,Q11146732,Culture.Biography.Women,1416553.0,1695.3066824430175,4.0,3906.0
11532,3.0,1416553.0,洪子涵,0.49653737449646,Q11146732,Geography.Regions.Asia.East_Asia,1416553.0,1695.3066824430175,4.0,3906.0
11533,3.0,1416553.0,洪子涵,0.4835854640007019,Q11146732,Geography.Regions.Asia.Asia*,1416553.0,1695.3066824430175,4.0,3906.0
11534,3.0,1416553.0,洪子涵,0.12253321707248688,Q11146732,Culture.Media.Music,1416553.0,1695.3066824430175,4.0,3906.0
11535,20.0,1416967.0,Show! 音樂中心,0.8080772161483765,Q486953,Culture.Media.Media*,1416967.0,55226.046786371604,0.0,4060.0
11536,20.0,1416967.0,Show! 音樂中心,0.6076731681823729,Q486953,Culture.Media.Television,1416967.0,55226.046786371604,0.0,4060.0
11537,20.0,1416967.0,Show! 音樂中心,0.4798859825134277,Q486953,Geography.Regions.Asia.East_Asia,1416967.0,55226.046786371604,0.0,4060.0
11538,20.0,1416967.0,Show! 音樂中心,0.4669093360900879,Q486953,Geography.Regions.Asia.Asia*,1416967.0,55226.046786371604,0.0,4060.0
11539,1.0,1420234.0,岑勇康,0.9983615279197692,Q348649,Culture.Biography.Biography*,1420234.0,0.0,13.0,1703.0
11540,1.0,1420234.0,岑勇康,0.3557848632335663,Q348649,Culture.Biography.Women,1420234.0,0.0,13.0,1703.0
11541,1.0,1420234.0,岑勇康,0.13297423720359802,Q348649,Culture.Media.Media*,1420234.0,0.0,13.0,1703.0
11542,1.0,1420234.0,岑勇康,0.0,Q348649,Geography.Regions.Americas.North_America,1420234.0,0.0,13.0,1703.0
11543,3.0,1420350.0,尼比魯,0.2227101624011993,Q2397815,Culture.Media.Media*,1420350.0,3942.0,16.0,2474.0
11544,3.0,1420350.0,尼比魯,0.18714269995689392,Q2397815,STEM.STEM*,1420350.0,3942.0,16.0,2474.0
11545,3.0,1420350.0,尼比魯,0.1294127255678177,Q2397815,STEM.Space,1420350.0,3942.0,16.0,2474.0
11546,3.0,1420357.0,尼比鲁碰撞,0.6654205918312073,Q14640165,STEM.STEM*,1420357.0,2639.314625743479,16.0,2909.0
11547,3.0,1420357.0,尼比鲁碰撞,0.2568419873714447,Q14640165,STEM.Medicine_&_Health,1420357.0,2639.314625743479,16.0,2909.0
11548,3.0,1420357.0,尼比鲁碰撞,0.20182321965694427,Q14640165,Culture.Philosophy_and_religion,1420357.0,2639.314625743479,16.0,2909.0
11549,3.0,1420357.0,尼比鲁碰撞,0.1968362182378769,Q14640165,History_and_Society.Society,1420357.0,2639.314625743479,16.0,2909.0
11550,3.0,1420357.0,尼比鲁碰撞,0.1294127255678177,Q14640165,History_and_Society.Politics_and_government,1420357.0,2639.314625743479,16.0,2909.0
11551,3.0,1420357.0,尼比鲁碰撞,0.1097157895565033,Q14640165,History_and_Society.Business_and_economics,1420357.0,2639.314625743479,16.0,2909.0
11552,1.0,1421622.0,柏夫人,0.9841036200523376,Q8251889,Culture.Biography.Biography*,1421622.0,0.0,11.0,2141.0
11553,1.0,1421622.0,柏夫人,0.8519628047943115,Q8251889,History_and_Society.History,1421622.0,0.0,11.0,2141.0
11554,1.0,1421622.0,柏夫人,0.5698626637458801,Q8251889,Culture.Biography.Women,1421622.0,0.0,11.0,2141.0
11555,1.0,1421622.0,柏夫人,0.3730872144699097,Q8251889,Geography.Regions.Asia.East_Asia,1421622.0,0.0,11.0,2141.0
11556,1.0,1421622.0,柏夫人,0.3696072568893433,Q8251889,Geography.Regions.Asia.Asia*,1421622.0,0.0,11.0,2141.0
11557,5.0,1422329.0,第一島鏈,0.16886694729328156,Q5454212,STEM.STEM*,1422329.0,9337.012654457225,5.0,3191.0
11558,5.0,1422329.0,第一島鏈,0.0,Q5454212,Geography.Regions.Asia.Asia*,1422329.0,9337.012654457225,5.0,3191.0
11559,5.0,1422329.0,第一島鏈,0.0,Q5454212,Geography.Regions.Europe.Europe*,1422329.0,9337.012654457225,5.0,3191.0
11560,5.0,1422329.0,第一島鏈,0.0,Q5454212,Geography.Regions.Americas.North_America,1422329.0,9337.012654457225,5.0,3191.0
11561,5.0,1422329.0,第一島鏈,0.0,Q5454212,Geography.Geographical,1422329.0,9337.012654457225,5.0,3191.0
11562,7.0,1426519.0,社群網戰,0.98678719997406,Q185888,Culture.Media.Media*,1426519.0,43802.947390359484,6.0,2923.0
11563,7.0,1426519.0,社群網戰,0.984585464000702,Q185888,Culture.Media.Films,1426519.0,43802.947390359484,6.0,2923.0
11564,7.0,1426519.0,社群網戰,0.2763098945617676,Q185888,Geography.Regions.Americas.North_America,1426519.0,43802.947390359484,6.0,2923.0
11565,7.0,1426519.0,社群網戰,0.14034625887870789,Q185888,History_and_Society.Military_and_warfare,1426519.0,43802.947390359484,6.0,2923.0
11566,7.0,1426519.0,社群網戰,0.11921291798353195,Q185888,Culture.Media.Entertainment,1426519.0,43802.947390359484,6.0,2923.0
11567,7.0,1426519.0,社群網戰,0.10375863313674928,Q185888,Culture.Media.Music,1426519.0,43802.947390359484,6.0,2923.0
11568,3.0,1432400.0,楊日松,1.0000100135803225,Q11118421,Culture.Biography.Biography*,1432400.0,66.30721695435128,4.0,2206.0
11569,3.0,1432400.0,楊日松,0.9841036200523376,Q11118421,History_and_Society.Society,1432400.0,66.30721695435128,4.0,2206.0
11570,3.0,1432400.0,楊日松,0.4936250915527344,Q11118421,Geography.Regions.Asia.East_Asia,1432400.0,66.30721695435128,4.0,2206.0
11571,3.0,1432400.0,楊日松,0.4840529432296753,Q11118421,Geography.Regions.Asia.Asia*,1432400.0,66.30721695435128,4.0,2206.0
11572,3.0,1432400.0,楊日松,0.13297423720359802,Q11118421,STEM.STEM*,1432400.0,66.30721695435128,4.0,2206.0
11573,16.0,1433561.0,閩平漁事件,0.2942249774932861,Q10846239,STEM.STEM*,1433561.0,8587.015225827152,5.0,2972.0
11574,16.0,1433561.0,閩平漁事件,0.0,Q10846239,Geography.Regions.Asia.Asia*,1433561.0,8587.015225827152,5.0,2972.0
11575,16.0,1433561.0,閩平漁事件,0.0,Q10846239,Geography.Regions.Americas.North_America,1433561.0,8587.015225827152,5.0,2972.0
11576,16.0,1433561.0,閩平漁事件,0.0,Q10846239,Geography.Regions.Europe.Europe*,1433561.0,8587.015225827152,5.0,2972.0
11577,1.0,1433735.0,柯玉芝,0.9875783920288086,Q1076140,Culture.Biography.Biography*,1433735.0,0.0,3.0,1974.0
11578,1.0,1433735.0,柯玉芝,0.754925012588501,Q1076140,Culture.Biography.Women,1433735.0,0.0,3.0,1974.0
11579,1.0,1433735.0,柯玉芝,0.4876782765388489,Q1076140,Geography.Regions.Asia.Southeast_Asia,1433735.0,0.0,3.0,1974.0
11580,1.0,1433735.0,柯玉芝,0.4455395638942719,Q1076140,History_and_Society.Politics_and_government,1433735.0,0.0,3.0,1974.0
11581,1.0,1433735.0,柯玉芝,0.4294682612419128,Q1076140,Geography.Regions.Asia.Asia*,1433735.0,0.0,3.0,1974.0
11582,1.0,1433735.0,柯玉芝,0.1824355274438858,Q1076140,History_and_Society.History,1433735.0,0.0,3.0,1974.0
11583,3.0,1437133.0,倚天屠龍記 (2003年電視劇),0.9841036200523376,Q7739266,Culture.Media.Television,1437133.0,6828.778892497265,4.0,2188.0
11584,3.0,1437133.0,倚天屠龍記 (2003年電視劇),0.9579222798347472,Q7739266,Culture.Media.Media*,1437133.0,6828.778892497265,4.0,2188.0
11585,3.0,1437133.0,倚天屠龍記 (2003年電視劇),0.5312193632125854,Q7739266,Culture.Biography.Biography*,1437133.0,6828.778892497265,4.0,2188.0
11586,3.0,1437133.0,倚天屠龍記 (2003年電視劇),0.4975549449920654,Q7739266,Geography.Regions.Asia.East_Asia,1437133.0,6828.778892497265,4.0,2188.0
11587,3.0,1437133.0,倚天屠龍記 (2003年電視劇),0.4959346523284912,Q7739266,Geography.Regions.Asia.Asia*,1437133.0,6828.778892497265,4.0,2188.0
11588,3.0,1437133.0,倚天屠龍記 (2003年電視劇),0.320831298828125,Q7739266,History_and_Society.Society,1437133.0,6828.778892497265,4.0,2188.0
11589,3.0,1437133.0,倚天屠龍記 (2003年電視劇),0.11280541121959685,Q7739266,Culture.Visual_arts.Comics_and_Anime,1437133.0,6828.778892497265,4.0,2188.0
11590,3.0,1437133.0,倚天屠龍記 (2003年電視劇),0.0,Q7739266,Geography.Regions.Asia.Southeast_Asia,1437133.0,6828.778892497265,4.0,2188.0
11591,1.0,1440672.0,华人诺贝尔奖得主列表,1.0,Q181385,Compilation.List_Disambig,1440672.0,0.0,1.0,2464.0
11592,1.0,1440672.0,华人诺贝尔奖得主列表,0.26285186409950256,Q181385,Culture.Biography.Biography*,1440672.0,0.0,1.0,2464.0
11593,1.0,1440672.0,华人诺贝尔奖得主列表,0.1520422399044037,Q181385,History_and_Society.Politics_and_government,1440672.0,0.0,1.0,2464.0
11594,1.0,1440672.0,华人诺贝尔奖得主列表,0.1520422399044037,Q181385,Culture.Sports,1440672.0,0.0,1.0,2464.0
11595,1.0,1440672.0,华人诺贝尔奖得主列表,0.11280541121959685,Q181385,History_and_Society.History,1440672.0,0.0,1.0,2464.0
11596,1.0,1440672.0,华人诺贝尔奖得主列表,0.0,Q181385,Geography.Regions.Europe.Europe*,1440672.0,0.0,1.0,2464.0
11597,1.0,1440672.0,华人诺贝尔奖得主列表,0.0,Q181385,Geography.Regions.Americas.North_America,1440672.0,0.0,1.0,2464.0
11598,1.0,1440672.0,华人诺贝尔奖得主列表,0.0,Q181385,Geography.Regions.Europe.Northern_Europe,1440672.0,0.0,1.0,2464.0
11599,1.0,1440672.0,华人诺贝尔奖得主列表,0.0,Q181385,Geography.Regions.Asia.Asia*,1440672.0,0.0,1.0,2464.0
11600,4.0,1443455.0,秘書長,0.9416641592979432,Q10855085,History_and_Society.Politics_and_government,1443455.0,5693.098157543518,5.0,2757.0
11601,4.0,1443455.0,秘書長,0.3557848632335663,Q10855085,Culture.Biography.Biography*,1443455.0,5693.098157543518,5.0,2757.0
11602,4.0,1443455.0,秘書長,0.0,Q10855085,Geography.Regions.Africa.Africa*,1443455.0,5693.098157543518,5.0,2757.0
11603,4.0,1443455.0,秘書長,0.0,Q10855085,Geography.Regions.Americas.South_America,1443455.0,5693.098157543518,5.0,2757.0
11604,14.0,1449357.0,千葉雄大,0.990301549434662,Q4209051,Culture.Biography.Biography*,1449357.0,23457.992346260155,13.0,3135.0
11605,14.0,1449357.0,千葉雄大,0.17818872833251953,Q4209051,Geography.Regions.Asia.Asia*,1449357.0,23457.992346260155,13.0,3135.0
11606,14.0,1449357.0,千葉雄大,0.12878464365005493,Q4209051,Geography.Regions.Asia.East_Asia,1449357.0,23457.992346260155,13.0,3135.0
11607,6.0,1449646.0,現代豪俠傳,0.9263137578964232,Q245815,Culture.Media.Media*,1449646.0,631.4003240832999,12.0,894.0
11608,6.0,1449646.0,現代豪俠傳,0.8596737384796143,Q245815,Culture.Media.Films,1449646.0,631.4003240832999,12.0,894.0
11609,6.0,1449646.0,現代豪俠傳,0.4274188151359558,Q245815,Geography.Regions.Asia.Asia*,1449646.0,631.4003240832999,12.0,894.0
11610,6.0,1449646.0,現代豪俠傳,0.4274188151359558,Q245815,Geography.Regions.Asia.East_Asia,1449646.0,631.4003240832999,12.0,894.0
11611,3.0,1452414.0,ONE PIECE漫画单行本列表,1.0,Q1652568,Compilation.List_Disambig,1452414.0,0.0,14.0,2350.0
11612,3.0,1452414.0,ONE PIECE漫画单行本列表,0.9841036200523376,Q1652568,Culture.Literature,1452414.0,0.0,14.0,2350.0
11613,3.0,1452414.0,ONE PIECE漫画单行本列表,0.91965252161026,Q1652568,Culture.Visual_arts.Comics_and_Anime,1452414.0,0.0,14.0,2350.0
11614,3.0,1452414.0,ONE PIECE漫画单行本列表,0.8479777574539185,Q1652568,Culture.Visual_arts.Visual_arts*,1452414.0,0.0,14.0,2350.0
11615,3.0,1452414.0,ONE PIECE漫画单行本列表,0.1968362182378769,Q1652568,Culture.Media.Media*,1452414.0,0.0,14.0,2350.0
11616,2.0,1452717.0,孤男寡女 (電影),0.8991314172744751,Q3337715,Culture.Media.Films,1452717.0,431.6052477832039,12.0,1480.0
11617,2.0,1452717.0,孤男寡女 (電影),0.8175845146179199,Q3337715,Culture.Media.Media*,1452717.0,431.6052477832039,12.0,1480.0
11618,2.0,1452717.0,孤男寡女 (電影),0.4916641583442688,Q3337715,Geography.Regions.Asia.East_Asia,1452717.0,431.6052477832039,12.0,1480.0
11619,2.0,1452717.0,孤男寡女 (電影),0.4810237755775452,Q3337715,Geography.Regions.Asia.Asia*,1452717.0,431.6052477832039,12.0,1480.0
11620,16.0,1452943.0,超級紅人榜,0.8519628047943115,Q7210033,Culture.Media.Television,1452943.0,16087.157171736446,4.0,2953.0
11621,16.0,1452943.0,超級紅人榜,0.7773098945617676,Q7210033,Culture.Media.Media*,1452943.0,16087.157171736446,4.0,2953.0
11622,16.0,1452943.0,超級紅人榜,0.0,Q7210033,Geography.Regions.Asia.Asia*,1452943.0,16087.157171736446,4.0,2953.0
11623,2.0,1452955.0,大林組,0.8439050912857056,Q384730,History_and_Society.Business_and_economics,1452955.0,1382.5363789688613,13.0,1584.0
11624,2.0,1452955.0,大林組,0.4274188151359558,Q384730,Geography.Regions.Asia.Asia*,1452955.0,1382.5363789688613,13.0,1584.0
11625,2.0,1452955.0,大林組,0.4274188151359558,Q384730,Geography.Regions.Asia.East_Asia,1452955.0,1382.5363789688613,13.0,1584.0
11626,2.0,1452955.0,大林組,0.2942249774932861,Q384730,STEM.STEM*,1452955.0,1382.5363789688613,13.0,1584.0
11627,2.0,1452955.0,大林組,0.19194278120994568,Q384730,STEM.Technology,1452955.0,1382.5363789688613,13.0,1584.0
11628,4.0,1453218.0,蜜桃成熟時1997,0.994098961353302,Q15909779,Culture.Media.Films,1453218.0,195.83685263700363,12.0,2991.0
11629,4.0,1453218.0,蜜桃成熟時1997,0.9871888160705566,Q15909779,Culture.Media.Media*,1453218.0,195.83685263700363,12.0,2991.0
11630,4.0,1453218.0,蜜桃成熟時1997,0.4876782765388489,Q15909779,Geography.Regions.Asia.East_Asia,1453218.0,195.83685263700363,12.0,2991.0
11631,4.0,1453218.0,蜜桃成熟時1997,0.4804634323120117,Q15909779,Geography.Regions.Asia.Asia*,1453218.0,195.83685263700363,12.0,2991.0
11632,4.0,1453218.0,蜜桃成熟時1997,0.3140605390071869,Q15909779,History_and_Society.Society,1453218.0,195.83685263700363,12.0,2991.0
11633,6.0,1454904.0,賭俠1999,0.9814634323120116,Q169517,Culture.Media.Media*,1454904.0,2088.4245244338354,12.0,1994.0
11634,6.0,1454904.0,賭俠1999,0.9770326614379884,Q169517,Culture.Media.Films,1454904.0,2088.4245244338354,12.0,1994.0
11635,6.0,1454904.0,賭俠1999,0.4911941161155701,Q169517,Geography.Regions.Asia.East_Asia,1454904.0,2088.4245244338354,12.0,1994.0
11636,6.0,1454904.0,賭俠1999,0.4831036200523377,Q169517,Geography.Regions.Asia.Asia*,1454904.0,2088.4245244338354,12.0,1994.0
11637,8.0,1456451.0,何家駒,0.9931061863899232,Q9105033,Culture.Biography.Biography*,1456451.0,18361.85074127668,12.0,2656.0
11638,8.0,1456451.0,何家駒,0.19165198707580566,Q9105033,Geography.Regions.Asia.East_Asia,1456451.0,18361.85074127668,12.0,2656.0
11639,8.0,1456451.0,何家駒,0.1713417043685913,Q9105033,Geography.Regions.Asia.Asia*,1456451.0,18361.85074127668,12.0,2656.0
11640,8.0,1456451.0,何家駒,0.10088862478733064,Q9105033,Culture.Media.Media*,1456451.0,18361.85074127668,12.0,2656.0
11641,4.0,1457338.0,至尊無上,0.9715740084648132,Q5048873,Culture.Media.Media*,1457338.0,1562.8774279781287,12.0,2827.0
11642,4.0,1457338.0,至尊無上,0.951152205467224,Q5048873,Culture.Media.Films,1457338.0,1562.8774279781287,12.0,2827.0
11643,4.0,1457338.0,至尊無上,0.4826069941520691,Q5048873,Geography.Regions.Asia.East_Asia,1457338.0,1562.8774279781287,12.0,2827.0
11644,4.0,1457338.0,至尊無上,0.4581643214225769,Q5048873,Geography.Regions.Asia.Asia*,1457338.0,1562.8774279781287,12.0,2827.0
11645,6.0,1459043.0,火烧英国代办处事件,0.4990100135803223,Q15936425,Geography.Regions.Asia.East_Asia,1459043.0,368.66005861997763,1.0,877.0
11646,6.0,1459043.0,火烧英国代办处事件,0.49675815010070795,Q15936425,Geography.Regions.Asia.Asia*,1459043.0,368.66005861997763,1.0,877.0
11647,1.0,1459354.0,區結成,0.2942249774932861,Q9502866,STEM.STEM*,1459354.0,0.0,3.0,733.0
11648,1.0,1459354.0,區結成,0.0,Q9502866,Geography.Regions.Asia.Asia*,1459354.0,0.0,3.0,733.0
11649,1.0,1459354.0,區結成,0.0,Q9502866,Geography.Regions.Americas.North_America,1459354.0,0.0,3.0,733.0
11650,1.0,1459354.0,區結成,0.0,Q9502866,Geography.Regions.Europe.Europe*,1459354.0,0.0,3.0,733.0
11651,1.0,1460506.0,黄龄,0.9820237755775452,Q9463644,Culture.Biography.Biography*,1460506.0,0.0,12.0,2651.0
11652,1.0,1460506.0,黄龄,0.2814156115055084,Q9463644,Culture.Biography.Women,1460506.0,0.0,12.0,2651.0
11653,1.0,1460506.0,黄龄,0.23371636867523196,Q9463644,Culture.Media.Music,1460506.0,0.0,12.0,2651.0
11654,1.0,1460506.0,黄龄,0.14415885508060455,Q9463644,History_and_Society.Society,1460506.0,0.0,12.0,2651.0
11655,1.0,1460506.0,黄龄,0.1294127255678177,Q9463644,Culture.Media.Media*,1460506.0,0.0,12.0,2651.0
11656,1.0,1460506.0,黄龄,0.12146936559677125,Q9463644,Geography.Regions.Asia.Asia*,1460506.0,0.0,12.0,2651.0
11657,1.0,1460506.0,黄龄,0.0,Q9463644,Geography.Regions.Asia.East_Asia,1460506.0,0.0,12.0,2651.0
11658,1.0,1460506.0,黄龄,0.0,Q9463644,Geography.Regions.Asia.Southeast_Asia,1460506.0,0.0,12.0,2651.0
11659,2.0,1460631.0,Mr. J頻道,0.8519628047943115,Q1179666,Culture.Media.Television,1460631.0,2698.965872678445,6.0,3018.0
11660,2.0,1460631.0,Mr. J頻道,0.7773098945617676,Q1179666,Culture.Media.Media*,1460631.0,2698.965872678445,6.0,3018.0
11661,2.0,1460631.0,Mr. J頻道,0.0,Q1179666,Geography.Regions.Asia.Asia*,1460631.0,2698.965872678445,6.0,3018.0
11662,34.0,1461286.0,王國之心系列,1.0000100135803225,Q755167,Culture.Media.Video_games,1461286.0,51854.96673730901,14.0,2715.0
11663,34.0,1461286.0,王國之心系列,0.9996640086174012,Q755167,Culture.Internet_culture,1461286.0,51854.96673730901,14.0,2715.0
11664,34.0,1461286.0,王國之心系列,0.9982553720474244,Q755167,Culture.Media.Media*,1461286.0,51854.96673730901,14.0,2715.0
11665,34.0,1461286.0,王國之心系列,0.14415885508060455,Q755167,Culture.Media.Films,1461286.0,51854.96673730901,14.0,2715.0
11666,34.0,1461286.0,王國之心系列,0.10088862478733064,Q755167,Culture.Visual_arts.Visual_arts*,1461286.0,51854.96673730901,14.0,2715.0
11667,4.0,1461802.0,黃仲崑,0.9996417164802552,Q9455506,Culture.Biography.Biography*,1461802.0,13014.9498487296,4.0,2457.0
11668,4.0,1461802.0,黃仲崑,0.952584147453308,Q9455506,History_and_Society.Society,1461802.0,13014.9498487296,4.0,2457.0
11669,4.0,1461802.0,黃仲崑,0.4638651480674744,Q9455506,Geography.Regions.Asia.East_Asia,1461802.0,13014.9498487296,4.0,2457.0
11670,4.0,1461802.0,黃仲崑,0.37980710172653204,Q9455506,Geography.Regions.Asia.Asia*,1461802.0,13014.9498487296,4.0,2457.0
11671,4.0,1461802.0,黃仲崑,0.2689514458179474,Q9455506,Culture.Media.Music,1461802.0,13014.9498487296,4.0,2457.0
11672,4.0,1461802.0,黃仲崑,0.1778208613395691,Q9455506,Culture.Media.Media*,1461802.0,13014.9498487296,4.0,2457.0
11673,1.0,1464979.0,神偷奶爸,0.997894287109375,Q4447,Culture.Media.Films,1464979.0,0.0,16.0,2482.0
11674,1.0,1464979.0,神偷奶爸,0.9978272914886476,Q4447,Culture.Media.Media*,1464979.0,0.0,16.0,2482.0
11675,1.0,1464979.0,神偷奶爸,0.5234303474426271,Q4447,Culture.Media.Entertainment,1464979.0,0.0,16.0,2482.0
11676,1.0,1464979.0,神偷奶爸,0.2393593490123749,Q4447,Culture.Literature,1464979.0,0.0,16.0,2482.0
11677,1.0,1464979.0,神偷奶爸,0.16886694729328156,Q4447,Culture.Visual_arts.Comics_and_Anime,1464979.0,0.0,16.0,2482.0
11678,1.0,1464979.0,神偷奶爸,0.14034625887870789,Q4447,Culture.Visual_arts.Visual_arts*,1464979.0,0.0,16.0,2482.0
11679,1.0,1464979.0,神偷奶爸,0.053480433464050285,Q4447,Geography.Regions.Americas.North_America,1464979.0,0.0,16.0,2482.0
11680,7.0,1465071.0,加勒比海盗4：惊涛怪浪,0.9967369437217712,Q183555,Culture.Media.Films,1465071.0,17872.174082603113,5.0,2228.0
11681,7.0,1465071.0,加勒比海盗4：惊涛怪浪,0.996185541152954,Q183555,Culture.Media.Media*,1465071.0,17872.174082603113,5.0,2228.0
11682,7.0,1465071.0,加勒比海盗4：惊涛怪浪,0.1968362182378769,Q183555,Culture.Media.Entertainment,1465071.0,17872.174082603113,5.0,2228.0
11683,7.0,1465071.0,加勒比海盗4：惊涛怪浪,0.11280541121959685,Q183555,Culture.Literature,1465071.0,17872.174082603113,5.0,2228.0
11684,7.0,1465071.0,加勒比海盗4：惊涛怪浪,0.0,Q183555,Geography.Regions.Americas.North_America,1465071.0,17872.174082603113,5.0,2228.0
11685,2.0,1466311.0,弥子瑕,0.998142421245575,Q6136746,Culture.Biography.Biography*,1466311.0,0.0,15.0,742.0
11686,2.0,1466311.0,弥子瑕,0.06886266374588013,Q6136746,Geography.Regions.Asia.Asia*,1466311.0,0.0,15.0,742.0
11687,8.0,1466593.0,小松未可子,0.9796776771545409,Q1593184,Culture.Biography.Biography*,1466593.0,24951.928534903607,13.0,2580.0
11688,8.0,1466593.0,小松未可子,0.8221991658210754,Q1593184,Culture.Literature,1466593.0,24951.928534903607,13.0,2580.0
11689,8.0,1466593.0,小松未可子,0.8221991658210754,Q1593184,Culture.Visual_arts.Comics_and_Anime,1466593.0,24951.928534903607,13.0,2580.0
11690,8.0,1466593.0,小松未可子,0.754925012588501,Q1593184,Culture.Visual_arts.Visual_arts*,1466593.0,24951.928534903607,13.0,2580.0
11691,8.0,1466593.0,小松未可子,0.3923468291759491,Q1593184,Culture.Biography.Women,1466593.0,24951.928534903607,13.0,2580.0
11692,8.0,1466593.0,小松未可子,0.1713417043685913,Q1593184,Geography.Regions.Asia.Asia*,1466593.0,24951.928534903607,13.0,2580.0
11693,8.0,1466593.0,小松未可子,0.13604079389572146,Q1593184,Geography.Regions.Asia.East_Asia,1466593.0,24951.928534903607,13.0,2580.0
11694,3.0,1466710.0,紅人派對,0.3923468291759491,Q10852324,History_and_Society.Business_and_economics,1466710.0,1261.8432410682847,12.0,1204.0
11695,3.0,1466710.0,紅人派對,0.2568419873714447,Q10852324,Culture.Media.Media*,1466710.0,1261.8432410682847,12.0,1204.0
11696,3.0,1466710.0,紅人派對,0.2509227991104126,Q10852324,History_and_Society.Education,1466710.0,1261.8432410682847,12.0,1204.0
11697,3.0,1466710.0,紅人派對,0.12253321707248688,Q10852324,Culture.Sports,1466710.0,1261.8432410682847,12.0,1204.0
11698,3.0,1466710.0,紅人派對,0.1097157895565033,Q10852324,Culture.Media.Television,1466710.0,1261.8432410682847,12.0,1204.0
11699,3.0,1466710.0,紅人派對,0.10088862478733064,Q10852324,Culture.Food_and_drink,1466710.0,1261.8432410682847,12.0,1204.0
11700,3.0,1466710.0,紅人派對,0.10088862478733064,Q10852324,History_and_Society.Society,1466710.0,1261.8432410682847,12.0,1204.0
11701,3.0,1466710.0,紅人派對,0.10088862478733064,Q10852324,Culture.Philosophy_and_religion,1466710.0,1261.8432410682847,12.0,1204.0
11702,3.0,1466710.0,紅人派對,0.0,Q10852324,Geography.Regions.Asia.Asia*,1466710.0,1261.8432410682847,12.0,1204.0
11703,3.0,1466710.0,紅人派對,0.0,Q10852324,Geography.Regions.Europe.Europe*,1466710.0,1261.8432410682847,12.0,1204.0
11704,3.0,1466710.0,紅人派對,0.0,Q10852324,Geography.Regions.Americas.North_America,1466710.0,1261.8432410682847,12.0,1204.0
11705,3.0,1466710.0,紅人派對,0.0,Q10852324,Geography.Regions.Asia.South_Asia,1466710.0,1261.8432410682847,12.0,1204.0
11706,3.0,1468793.0,李亦捷,1.0000100135803225,Q8993753,Culture.Biography.Biography*,1468793.0,996.3641395321092,4.0,1813.0
11707,3.0,1468793.0,李亦捷,0.546748161315918,Q8993753,History_and_Society.Society,1468793.0,996.3641395321092,4.0,1813.0
11708,3.0,1468793.0,李亦捷,0.5000100135803223,Q8993753,Culture.Biography.Women,1468793.0,996.3641395321092,4.0,1813.0
11709,3.0,1468793.0,李亦捷,0.4804634323120117,Q8993753,Geography.Regions.Asia.East_Asia,1468793.0,996.3641395321092,4.0,1813.0
11710,3.0,1468793.0,李亦捷,0.4627899398803711,Q8993753,Geography.Regions.Asia.Asia*,1468793.0,996.3641395321092,4.0,1813.0
11711,1.0,1470170.0,李小龍 (電影),0.9863731861114502,Q850134,Culture.Media.Media*,1470170.0,0.0,12.0,974.0
11712,1.0,1470170.0,李小龍 (電影),0.9830951094627379,Q850134,Culture.Media.Films,1470170.0,0.0,12.0,974.0
11713,1.0,1470170.0,李小龍 (電影),0.4678661694526672,Q850134,Geography.Regions.Asia.East_Asia,1470170.0,0.0,12.0,974.0
11714,1.0,1470170.0,李小龍 (電影),0.459371196269989,Q850134,Geography.Regions.Asia.Asia*,1470170.0,0.0,12.0,974.0
11715,7.0,1471707.0,傑西·艾森柏格,0.9996300339698792,Q219512,Culture.Biography.Biography*,1471707.0,7882.576451894625,6.0,2759.0
11716,7.0,1471707.0,傑西·艾森柏格,0.24217800998687744,Q219512,Geography.Regions.Americas.North_America,1471707.0,7882.576451894625,6.0,2759.0
11717,7.0,1471707.0,傑西·艾森柏格,0.13297423720359802,Q219512,History_and_Society.Society,1471707.0,7882.576451894625,6.0,2759.0
11718,7.0,1471707.0,傑西·艾森柏格,0.1259327530860901,Q219512,Culture.Media.Media*,1471707.0,7882.576451894625,6.0,2759.0
11719,6.0,1472130.0,林奕匡,0.994098961353302,Q59953889,Culture.Biography.Biography*,1472130.0,24756.97222822749,12.0,4256.0
11720,6.0,1472130.0,林奕匡,0.5698626637458801,Q59953889,Culture.Media.Music,1472130.0,24756.97222822749,12.0,4256.0
11721,6.0,1472130.0,林奕匡,0.5621865391731262,Q59953889,Culture.Media.Media*,1472130.0,24756.97222822749,12.0,4256.0
11722,6.0,1472130.0,林奕匡,0.15611489117145538,Q59953889,History_and_Society.Society,1472130.0,24756.97222822749,12.0,4256.0
11723,6.0,1472130.0,林奕匡,0.0,Q59953889,Geography.Regions.Asia.Asia*,1472130.0,24756.97222822749,12.0,4256.0
11724,6.0,1472130.0,林奕匡,0.0,Q59953889,Geography.Regions.Asia.East_Asia,1472130.0,24756.97222822749,12.0,4256.0
11725,6.0,1472130.0,林奕匡,0.0,Q59953889,Geography.Regions.Americas.North_America,1472130.0,24756.97222822749,12.0,4256.0
11726,11.0,1473731.0,龍鳳鬥,0.7431780099868774,Q3016813,Culture.Media.Films,1473731.0,3970.003557266457,12.0,1368.0
11727,11.0,1473731.0,龍鳳鬥,0.6859594583511353,Q3016813,Culture.Media.Media*,1473731.0,3970.003557266457,12.0,1368.0
11728,11.0,1473731.0,龍鳳鬥,0.4820951094627381,Q3016813,Geography.Regions.Asia.East_Asia,1473731.0,3970.003557266457,12.0,1368.0
11729,11.0,1473731.0,龍鳳鬥,0.4722507467269898,Q3016813,Geography.Regions.Asia.Asia*,1473731.0,3970.003557266457,12.0,1368.0
11730,2.0,1473891.0,夢枕獏,0.990301549434662,Q2880354,Culture.Biography.Biography*,1473891.0,1105.9563417534841,11.0,1166.0
11731,2.0,1473891.0,夢枕獏,0.3073680400848389,Q2880354,Culture.Literature,1473891.0,1105.9563417534841,11.0,1166.0
11732,2.0,1473891.0,夢枕獏,0.2942249774932861,Q2880354,Culture.Media.Entertainment,1473891.0,1105.9563417534841,11.0,1166.0
11733,2.0,1473891.0,夢枕獏,0.2816725244522095,Q2880354,Geography.Regions.Asia.East_Asia,1473891.0,1105.9563417534841,11.0,1166.0
11734,2.0,1473891.0,夢枕獏,0.2568419873714447,Q2880354,Culture.Media.Media*,1473891.0,1105.9563417534841,11.0,1166.0
11735,2.0,1473891.0,夢枕獏,0.2047950496673584,Q2880354,Geography.Regions.Asia.Asia*,1473891.0,1105.9563417534841,11.0,1166.0
11736,2.0,1473891.0,夢枕獏,0.13297423720359802,Q2880354,Culture.Visual_arts.Visual_arts*,1473891.0,1105.9563417534841,11.0,1166.0
11737,2.0,1473891.0,夢枕獏,0.11597072333097458,Q2880354,Culture.Visual_arts.Comics_and_Anime,1473891.0,1105.9563417534841,11.0,1166.0
11738,2.0,1473891.0,夢枕獏,0.10375863313674928,Q2880354,Culture.Biography.Women,1473891.0,1105.9563417534841,11.0,1166.0
11739,4.0,1475264.0,至尊無上II之永霸天下,0.946606695652008,Q13534387,Culture.Media.Media*,1475264.0,300.4570488522603,12.0,1686.0
11740,4.0,1475264.0,至尊無上II之永霸天下,0.8479777574539185,Q13534387,Culture.Media.Films,1475264.0,300.4570488522603,12.0,1686.0
11741,4.0,1475264.0,至尊無上II之永霸天下,0.4826069941520691,Q13534387,Geography.Regions.Asia.East_Asia,1475264.0,300.4570488522603,12.0,1686.0
11742,4.0,1475264.0,至尊無上II之永霸天下,0.4556442370414734,Q13534387,Geography.Regions.Asia.Asia*,1475264.0,300.4570488522603,12.0,1686.0
11743,7.0,1476905.0,臺北市議員列表,1.0,Q15903787,Compilation.List_Disambig,1476905.0,10559.419526377418,2.0,2380.0
11744,7.0,1476905.0,臺北市議員列表,0.275139719247818,Q15903787,Culture.Biography.Biography*,1476905.0,10559.419526377418,2.0,2380.0
11745,7.0,1476905.0,臺北市議員列表,0.18714269995689392,Q15903787,History_and_Society.Politics_and_government,1476905.0,10559.419526377418,2.0,2380.0
11746,7.0,1476905.0,臺北市議員列表,0.10375863313674928,Q15903787,History_and_Society.History,1476905.0,10559.419526377418,2.0,2380.0
11747,7.0,1476905.0,臺北市議員列表,0.0,Q15903787,Geography.Regions.Europe.Europe*,1476905.0,10559.419526377418,2.0,2380.0
11748,7.0,1476905.0,臺北市議員列表,0.0,Q15903787,Geography.Regions.Americas.North_America,1476905.0,10559.419526377418,2.0,2380.0
11749,7.0,1476905.0,臺北市議員列表,0.0,Q15903787,Geography.Regions.Asia.Asia*,1476905.0,10559.419526377418,2.0,2380.0
11750,7.0,1476905.0,臺北市議員列表,0.0,Q15903787,Geography.Regions.Europe.Northern_Europe,1476905.0,10559.419526377418,2.0,2380.0
11751,4.0,1478756.0,逃港,0.2942249774932861,Q15897458,STEM.STEM*,1478756.0,6436.459273301439,3.0,2377.0
11752,4.0,1478756.0,逃港,0.0,Q15897458,Geography.Regions.Asia.Asia*,1478756.0,6436.459273301439,3.0,2377.0
11753,4.0,1478756.0,逃港,0.0,Q15897458,Geography.Regions.Americas.North_America,1478756.0,6436.459273301439,3.0,2377.0
11754,4.0,1478756.0,逃港,0.0,Q15897458,Geography.Regions.Europe.Europe*,1478756.0,6436.459273301439,3.0,2377.0
11755,8.0,1479246.0,嚦咕嚦咕新年財,0.9149109721183776,Q4503766,Culture.Media.Media*,1479246.0,3124.6809821781844,12.0,2245.0
11756,8.0,1479246.0,嚦咕嚦咕新年財,0.839743971824646,Q4503766,Culture.Media.Films,1479246.0,3124.6809821781844,12.0,2245.0
11757,8.0,1479246.0,嚦咕嚦咕新年財,0.4895974268913269,Q4503766,Geography.Regions.Asia.East_Asia,1479246.0,3124.6809821781844,12.0,2245.0
11758,8.0,1479246.0,嚦咕嚦咕新年財,0.4760326614379883,Q4503766,Geography.Regions.Asia.Asia*,1479246.0,3124.6809821781844,12.0,2245.0
11759,13.0,1479741.0,新民黨 (香港),0.8903042674064636,Q23059,History_and_Society.Politics_and_government,1479741.0,4441.478911295978,3.0,2055.0
11760,13.0,1479741.0,新民黨 (香港),0.270853506565094,Q23059,Geography.Regions.Asia.East_Asia,1479741.0,4441.478911295978,3.0,2055.0
11761,13.0,1479741.0,新民黨 (香港),0.21124218606948847,Q23059,Geography.Regions.Asia.Asia*,1479741.0,4441.478911295978,3.0,2055.0
11762,2.0,1481092.0,袁彌昌,0.9970290064811708,Q15919248,Culture.Biography.Biography*,1481092.0,2199.953419318889,12.0,2316.0
11763,2.0,1481313.0,蘧伯玉,0.8267217874526978,Q15932334,Culture.Biography.Biography*,1481313.0,0.0,15.0,753.0
11764,2.0,1481313.0,蘧伯玉,0.4301573634147644,Q15932334,History_and_Society.Politics_and_government,1481313.0,0.0,15.0,753.0
11765,2.0,1481313.0,蘧伯玉,0.16886694729328156,Q15932334,History_and_Society.History,1481313.0,0.0,15.0,753.0
11766,2.0,1481313.0,蘧伯玉,0.06886266374588013,Q15932334,Geography.Regions.Americas.North_America,1481313.0,0.0,15.0,753.0
11767,2.0,1481313.0,蘧伯玉,0.0,Q15932334,Geography.Regions.Asia.Asia*,1481313.0,0.0,15.0,753.0
11768,2.0,1481313.0,蘧伯玉,0.0,Q15932334,Geography.Regions.Africa.Africa*,1481313.0,0.0,15.0,753.0
11769,2.0,1481313.0,蘧伯玉,0.0,Q15932334,Geography.Regions.Europe.Europe*,1481313.0,0.0,15.0,753.0
11770,2.0,1481313.0,蘧伯玉,0.0,Q15932334,Geography.Regions.Oceania,1481313.0,0.0,15.0,753.0
11771,2.0,1481313.0,蘧伯玉,0.0,Q15932334,Geography.Regions.Asia.South_Asia,1481313.0,0.0,15.0,753.0
11772,3.0,1482698.0,施文彬,1.0000100135803225,Q9037570,Culture.Biography.Biography*,1482698.0,14989.30684073305,4.0,1702.0
11773,3.0,1482698.0,施文彬,0.9263137578964232,Q9037570,History_and_Society.Society,1482698.0,14989.30684073305,4.0,1702.0
11774,3.0,1482698.0,施文彬,0.4063222279548645,Q9037570,Geography.Regions.Asia.East_Asia,1482698.0,14989.30684073305,4.0,1702.0
11775,3.0,1482698.0,施文彬,0.2047950496673584,Q9037570,Geography.Regions.Asia.Asia*,1482698.0,14989.30684073305,4.0,1702.0
11776,9.0,1484664.0,托尼·斯科特,0.9993003606796264,Q193648,Culture.Biography.Biography*,1484664.0,3701.8015758381157,6.0,1025.0
11777,9.0,1484664.0,托尼·斯科特,0.38492217659950256,Q193648,Culture.Biography.Women,1484664.0,3701.8015758381157,6.0,1025.0
11778,9.0,1484664.0,托尼·斯科特,0.13297423720359802,Q193648,History_and_Society.Society,1484664.0,3701.8015758381157,6.0,1025.0
11779,9.0,1484664.0,托尼·斯科特,0.1294127255678177,Q193648,Culture.Media.Media*,1484664.0,3701.8015758381157,6.0,1025.0
11780,9.0,1484664.0,托尼·斯科特,0.0,Q193648,Geography.Regions.Americas.North_America,1484664.0,3701.8015758381157,6.0,1025.0
11781,9.0,1484664.0,托尼·斯科特,0.0,Q193648,Geography.Regions.Europe.Europe*,1484664.0,3701.8015758381157,6.0,1025.0
11782,9.0,1484664.0,托尼·斯科特,0.0,Q193648,Geography.Regions.Europe.Northern_Europe,1484664.0,3701.8015758381157,6.0,1025.0
11783,6.0,1487482.0,襲來！美少女邪神,1.0000100135803225,Q50035,Culture.Literature,1487482.0,12997.303401952358,13.0,2895.0
11784,6.0,1487482.0,襲來！美少女邪神,1.0000100135803225,Q50035,Culture.Visual_arts.Comics_and_Anime,1487482.0,12997.303401952358,13.0,2895.0
11785,6.0,1487482.0,襲來！美少女邪神,1.0000100135803225,Q50035,Culture.Visual_arts.Visual_arts*,1487482.0,12997.303401952358,13.0,2895.0
11786,6.0,1487482.0,襲來！美少女邪神,0.6370407938957214,Q50035,Culture.Media.Media*,1487482.0,12997.303401952358,13.0,2895.0
11787,6.0,1487482.0,襲來！美少女邪神,0.38492217659950256,Q50035,Culture.Media.Video_games,1487482.0,12997.303401952358,13.0,2895.0
11788,6.0,1487482.0,襲來！美少女邪神,0.275139719247818,Q50035,Culture.Internet_culture,1487482.0,12997.303401952358,13.0,2895.0
11789,4.0,1488585.0,郭世倫,0.9924327731132508,Q9354395,Culture.Biography.Biography*,1488585.0,11680.60489618134,4.0,2442.0
11790,4.0,1488585.0,郭世倫,0.4515841474533081,Q9354395,Geography.Regions.Asia.East_Asia,1488585.0,11680.60489618134,4.0,2442.0
11791,4.0,1488585.0,郭世倫,0.4089169969558716,Q9354395,Geography.Regions.Asia.Asia*,1488585.0,11680.60489618134,4.0,2442.0
11792,4.0,1488585.0,郭世倫,0.3775506913661957,Q9354395,History_and_Society.Society,1488585.0,11680.60489618134,4.0,2442.0
11793,3.0,1489144.0,马泰 (华裔演员),0.9996055364608764,Q598178,Culture.Biography.Biography*,1489144.0,3942.0,5.0,4444.0
11794,3.0,1489144.0,马泰 (华裔演员),0.0,Q598178,Geography.Regions.Asia.East_Asia,1489144.0,3942.0,5.0,4444.0
11795,3.0,1489144.0,马泰 (华裔演员),0.0,Q598178,Geography.Regions.Asia.Asia*,1489144.0,3942.0,5.0,4444.0
11796,3.0,1489144.0,马泰 (华裔演员),0.0,Q598178,Geography.Regions.Americas.North_America,1489144.0,3942.0,5.0,4444.0
11797,4.0,1489990.0,海莉·班奈特,1.0000100135803225,Q232797,Culture.Biography.Biography*,1489990.0,4998.17360420656,6.0,1902.0
11798,4.0,1489990.0,海莉·班奈特,0.8774868249893188,Q232797,Culture.Biography.Women,1489990.0,4998.17360420656,6.0,1902.0
11799,4.0,1489990.0,海莉·班奈特,0.15611489117145538,Q232797,Culture.Media.Media*,1489990.0,4998.17360420656,6.0,1902.0
11800,4.0,1489990.0,海莉·班奈特,0.022430347442626952,Q232797,Geography.Regions.Americas.North_America,1489990.0,4998.17360420656,6.0,1902.0
11801,4.0,1489990.0,海莉·班奈特,0.0,Q232797,Geography.Regions.Europe.Europe*,1489990.0,4998.17360420656,6.0,1902.0
11802,3.0,1493643.0,夏家三千金,0.8519628047943115,Q10931970,Culture.Media.Television,1493643.0,3942.0,7.0,2635.0
11803,3.0,1493643.0,夏家三千金,0.7773098945617676,Q10931970,Culture.Media.Media*,1493643.0,3942.0,7.0,2635.0
11804,3.0,1493643.0,夏家三千金,0.0,Q10931970,Geography.Regions.Asia.Asia*,1493643.0,3942.0,7.0,2635.0
11805,1.0,1495046.0,炮制女朋友,0.9914325475692748,Q15932075,Culture.Media.Films,1495046.0,0.0,12.0,601.0
11806,1.0,1495046.0,炮制女朋友,0.952584147453308,Q15932075,Culture.Media.Media*,1495046.0,0.0,12.0,601.0
11807,1.0,1495046.0,炮制女朋友,0.4543291201591492,Q15932075,Geography.Regions.Asia.East_Asia,1495046.0,0.0,12.0,601.0
11808,1.0,1495046.0,炮制女朋友,0.4334051480293274,Q15932075,Geography.Regions.Asia.Asia*,1495046.0,0.0,12.0,601.0
11809,1.0,1495046.0,炮制女朋友,0.10375863313674928,Q15932075,Culture.Biography.Biography*,1495046.0,0.0,12.0,601.0
11810,1.0,1495447.0,李芳雯,0.9899964332580566,Q9218587,Culture.Biography.Biography*,1495447.0,0.0,12.0,4607.0
11811,1.0,1495447.0,李芳雯,0.22816647589206696,Q9218587,Culture.Biography.Women,1495447.0,0.0,12.0,4607.0
11812,1.0,1495447.0,李芳雯,0.0,Q9218587,Geography.Regions.Asia.Asia*,1495447.0,0.0,12.0,4607.0
11813,1.0,1495447.0,李芳雯,0.0,Q9218587,Geography.Regions.Asia.East_Asia,1495447.0,0.0,12.0,4607.0
11814,1.0,1496826.0,康雅嵐,0.9937201142311096,Q8980100,Culture.Biography.Biography*,1496826.0,0.0,7.0,1389.0
11815,1.0,1496826.0,康雅嵐,0.3073680400848389,Q8980100,Culture.Biography.Women,1496826.0,0.0,7.0,1389.0
11816,1.0,1496826.0,康雅嵐,0.1778208613395691,Q8980100,Culture.Media.Media*,1496826.0,0.0,7.0,1389.0
11817,1.0,1496826.0,康雅嵐,0.04574816131591797,Q8980100,Geography.Regions.Asia.Asia*,1496826.0,0.0,7.0,1389.0
11818,1.0,1496826.0,康雅嵐,0.0,Q8980100,Geography.Regions.Asia.East_Asia,1496826.0,0.0,7.0,1389.0
11819,4.0,1497161.0,師兄撞鬼,0.951152205467224,Q6675037,Culture.Media.Films,1497161.0,122.26003164373057,12.0,2326.0
11820,4.0,1497161.0,師兄撞鬼,0.951152205467224,Q6675037,Culture.Media.Media*,1497161.0,122.26003164373057,12.0,2326.0
11821,4.0,1497161.0,師兄撞鬼,0.4984397163391113,Q6675037,Geography.Regions.Asia.East_Asia,1497161.0,122.26003164373057,12.0,2326.0
11822,4.0,1497161.0,師兄撞鬼,0.497803436756134,Q6675037,Geography.Regions.Asia.Asia*,1497161.0,122.26003164373057,12.0,2326.0
11823,4.0,1499477.0,孫興慜,0.9988405108451844,Q439722,Culture.Biography.Biography*,1499477.0,2883.8705416254547,0.0,2666.0
11824,4.0,1499477.0,孫興慜,0.9965265989303588,Q439722,Culture.Sports,1499477.0,2883.8705416254547,0.0,2666.0
11825,4.0,1499477.0,孫興慜,0.0,Q439722,Geography.Regions.Asia.East_Asia,1499477.0,2883.8705416254547,0.0,2666.0
11826,4.0,1499477.0,孫興慜,0.0,Q439722,Geography.Regions.Asia.Asia*,1499477.0,2883.8705416254547,0.0,2666.0
11827,1.0,1501476.0,雞排英雄,0.967909336090088,Q15904094,Culture.Media.Media*,1501476.0,0.0,12.0,1613.0
11828,1.0,1501476.0,雞排英雄,0.967909336090088,Q15904094,Culture.Media.Films,1501476.0,0.0,12.0,1613.0
11829,1.0,1501476.0,雞排英雄,0.951152205467224,Q15904094,Culture.Biography.Biography*,1501476.0,0.0,12.0,1613.0
11830,1.0,1501476.0,雞排英雄,0.8706072568893433,Q15904094,History_and_Society.Society,1501476.0,0.0,12.0,1613.0
11831,1.0,1501476.0,雞排英雄,0.4845064153671265,Q15904094,Geography.Regions.Asia.East_Asia,1501476.0,0.0,12.0,1613.0
11832,1.0,1501476.0,雞排英雄,0.4845064153671265,Q15904094,Geography.Regions.Asia.Asia*,1501476.0,0.0,12.0,1613.0
11833,2.0,1504307.0,提姆·庫克,0.9908843636512756,Q265852,Culture.Biography.Biography*,1504307.0,35406.0,17.0,2486.0
11834,2.0,1504307.0,提姆·庫克,0.7057950496673584,Q265852,History_and_Society.Business_and_economics,1504307.0,35406.0,17.0,2486.0
11835,2.0,1504307.0,提姆·庫克,0.5234303474426271,Q265852,STEM.STEM*,1504307.0,35406.0,17.0,2486.0
11836,2.0,1504307.0,提姆·庫克,0.4765896201133728,Q265852,Culture.Media.Media*,1504307.0,35406.0,17.0,2486.0
11837,2.0,1504307.0,提姆·庫克,0.41490885615348816,Q265852,STEM.Technology,1504307.0,35406.0,17.0,2486.0
11838,2.0,1504307.0,提姆·庫克,0.21734751760959625,Q265852,STEM.Computing,1504307.0,35406.0,17.0,2486.0
11839,2.0,1504307.0,提姆·庫克,0.18495945835113525,Q265852,Geography.Regions.Americas.North_America,1504307.0,35406.0,17.0,2486.0
11840,2.0,1504307.0,提姆·庫克,0.1520422399044037,Q265852,Culture.Media.Software,1504307.0,35406.0,17.0,2486.0
11841,1.0,1506055.0,林瑞陽,0.9966334104537964,Q9293260,Culture.Biography.Biography*,1506055.0,0.0,4.0,2642.0
11842,1.0,1506055.0,林瑞陽,0.6791887283325195,Q9293260,History_and_Society.Society,1506055.0,0.0,4.0,2642.0
11843,1.0,1506055.0,林瑞陽,0.3429050912857056,Q9293260,Geography.Regions.Asia.Asia*,1506055.0,0.0,4.0,2642.0
11844,1.0,1506055.0,林瑞陽,0.3070772161483765,Q9293260,Geography.Regions.Asia.East_Asia,1506055.0,0.0,4.0,2642.0
11845,1.0,1506055.0,林瑞陽,0.1778208613395691,Q9293260,Culture.Media.Media*,1506055.0,0.0,4.0,2642.0
11846,5.0,1507029.0,第五代戰鬥機,1.0000100135803225,Q560406,STEM.Engineering,1507029.0,4416.349349499683,5.0,3169.0
11847,5.0,1507029.0,第五代戰鬥機,0.9996055364608764,Q560406,History_and_Society.Transportation,1507029.0,4416.349349499683,5.0,3169.0
11848,5.0,1507029.0,第五代戰鬥機,0.9994215965270996,Q560406,STEM.STEM*,1507029.0,4416.349349499683,5.0,3169.0
11849,5.0,1507029.0,第五代戰鬥機,0.9019306898117064,Q560406,History_and_Society.Military_and_warfare,1507029.0,4416.349349499683,5.0,3169.0
11850,5.0,1507029.0,第五代戰鬥機,0.0,Q560406,Geography.Regions.Asia.East_Asia,1507029.0,4416.349349499683,5.0,3169.0
11851,5.0,1507029.0,第五代戰鬥機,0.0,Q560406,Geography.Regions.Europe.Europe*,1507029.0,4416.349349499683,5.0,3169.0
11852,5.0,1508715.0,朴春,0.9802908897399902,Q494154,Culture.Biography.Biography*,1508715.0,1024.8460250559385,0.0,2520.0
11853,5.0,1508715.0,朴春,0.6723417043685913,Q494154,Culture.Biography.Women,1508715.0,1024.8460250559385,0.0,2520.0
11854,5.0,1508715.0,朴春,0.5698626637458801,Q494154,Culture.Media.Music,1508715.0,1024.8460250559385,0.0,2520.0
11855,5.0,1508715.0,朴春,0.5234303474426271,Q494154,Culture.Media.Media*,1508715.0,1024.8460250559385,0.0,2520.0
11856,5.0,1508715.0,朴春,0.4209318628311157,Q494154,Geography.Regions.Asia.Asia*,1508715.0,1024.8460250559385,0.0,2520.0
11857,5.0,1508715.0,朴春,0.4209318628311157,Q494154,Geography.Regions.Asia.East_Asia,1508715.0,1024.8460250559385,0.0,2520.0
11858,13.0,1508848.0,杰瑞米·雷纳,0.9983615279197692,Q23365,Culture.Biography.Biography*,1508848.0,10381.411515265456,6.0,1846.0
11859,13.0,1508848.0,杰瑞米·雷纳,0.23616819286346435,Q23365,Geography.Regions.Americas.North_America,1508848.0,10381.411515265456,6.0,1846.0
11860,13.0,1508848.0,杰瑞米·雷纳,0.13297423720359802,Q23365,Culture.Media.Media*,1508848.0,10381.411515265456,6.0,1846.0
11861,13.0,1508848.0,杰瑞米·雷纳,0.0,Q23365,Geography.Regions.Europe.Europe*,1508848.0,10381.411515265456,6.0,1846.0
11862,13.0,1508848.0,杰瑞米·雷纳,0.0,Q23365,Geography.Regions.Europe.Northern_Europe,1508848.0,10381.411515265456,6.0,1846.0
11863,2.0,1509204.0,黄石火山,0.9988405108451844,Q650836,STEM.Earth_and_environment,1509204.0,0.0,5.0,1634.0
11864,2.0,1509204.0,黄石火山,0.9969346523284912,Q650836,STEM.STEM*,1509204.0,0.0,5.0,1634.0
11865,2.0,1509204.0,黄石火山,0.9931061863899232,Q650836,Geography.Geographical,1509204.0,0.0,5.0,1634.0
11866,2.0,1509204.0,黄石火山,0.8740872144699097,Q650836,Geography.Regions.Americas.North_America,1509204.0,0.0,5.0,1634.0
11867,2.0,1509326.0,黎婉華,0.997120440006256,Q7485987,Culture.Biography.Biography*,1509326.0,0.0,2.0,2248.0
11868,2.0,1509326.0,黎婉華,0.5156299471855164,Q7485987,Culture.Biography.Women,1509326.0,0.0,2.0,2248.0
11869,2.0,1509326.0,黎婉華,0.21734751760959625,Q7485987,Culture.Media.Media*,1509326.0,0.0,2.0,2248.0
11870,2.0,1509326.0,黎婉華,0.1824355274438858,Q7485987,Culture.Visual_arts.Visual_arts*,1509326.0,0.0,2.0,2248.0
11871,2.0,1509326.0,黎婉華,0.1732981950044632,Q7485987,Culture.Philosophy_and_religion,1509326.0,0.0,2.0,2248.0
11872,2.0,1509326.0,黎婉華,0.16886694729328156,Q7485987,Culture.Sports,1509326.0,0.0,2.0,2248.0
11873,2.0,1509326.0,黎婉華,0.1520422399044037,Q7485987,History_and_Society.Politics_and_government,1509326.0,0.0,2.0,2248.0
11874,2.0,1509326.0,黎婉華,0.11921291798353195,Q7485987,STEM.STEM*,1509326.0,0.0,2.0,2248.0
11875,2.0,1509326.0,黎婉華,0.11597072333097458,Q7485987,Culture.Media.Entertainment,1509326.0,0.0,2.0,2248.0
11876,2.0,1509326.0,黎婉華,0.10088862478733064,Q7485987,History_and_Society.History,1509326.0,0.0,2.0,2248.0
11877,2.0,1509326.0,黎婉華,0.0,Q7485987,Geography.Regions.Asia.East_Asia,1509326.0,0.0,2.0,2248.0
11878,2.0,1509326.0,黎婉華,0.0,Q7485987,Geography.Regions.Europe.Europe*,1509326.0,0.0,2.0,2248.0
11879,2.0,1509326.0,黎婉華,0.0,Q7485987,Geography.Regions.Asia.Asia*,1509326.0,0.0,2.0,2248.0
11880,2.0,1510220.0,刘桦,0.966924011707306,Q8980850,Culture.Biography.Biography*,1510220.0,873.625131525348,4.0,1707.0
11881,2.0,1510220.0,刘桦,0.04574816131591797,Q8980850,Geography.Regions.Asia.Asia*,1510220.0,873.625131525348,4.0,1707.0
11882,2.0,1510220.0,刘桦,0.0,Q8980850,Geography.Regions.Asia.East_Asia,1510220.0,873.625131525348,4.0,1707.0
11883,1.0,1514577.0,董卿,0.99593985080719,Q8948868,Culture.Biography.Biography*,1514577.0,0.0,12.0,3065.0
11884,1.0,1514577.0,董卿,0.4820951094627381,Q8948868,Geography.Regions.Asia.East_Asia,1514577.0,0.0,12.0,3065.0
11885,1.0,1514577.0,董卿,0.4139109721183777,Q8948868,Geography.Regions.Asia.Asia*,1514577.0,0.0,12.0,3065.0
11886,1.0,1514577.0,董卿,0.1259327530860901,Q8948868,Culture.Media.Media*,1514577.0,0.0,12.0,3065.0
11887,1.0,1514577.0,董卿,0.12253321707248688,Q8948868,Culture.Biography.Women,1514577.0,0.0,12.0,3065.0
11888,3.0,1515886.0,JYJ,0.8903042674064636,Q51729,Culture.Biography.Biography*,1515886.0,241.08191714131402,0.0,6431.0
11889,3.0,1515886.0,JYJ,0.5312193632125854,Q51729,Culture.Media.Media*,1515886.0,241.08191714131402,0.0,6431.0
11890,3.0,1515886.0,JYJ,0.4939496984481812,Q51729,Geography.Regions.Asia.East_Asia,1515886.0,241.08191714131402,0.0,6431.0
11891,3.0,1515886.0,JYJ,0.4921061863899231,Q51729,Geography.Regions.Asia.Asia*,1515886.0,241.08191714131402,0.0,6431.0
11892,3.0,1515886.0,JYJ,0.4455395638942719,Q51729,Culture.Media.Music,1515886.0,241.08191714131402,0.0,6431.0
11893,4.0,1515930.0,龍在邊緣,0.9908843636512756,Q11180478,Culture.Media.Films,1515930.0,1858.9563147484546,12.0,1422.0
11894,4.0,1515930.0,龍在邊緣,0.9770326614379884,Q11180478,Culture.Media.Media*,1515930.0,1858.9563147484546,12.0,1422.0
11895,4.0,1515930.0,龍在邊緣,0.4638651480674744,Q11180478,Geography.Regions.Asia.East_Asia,1515930.0,1858.9563147484546,12.0,1422.0
11896,4.0,1515930.0,龍在邊緣,0.43713401460647583,Q11180478,Geography.Regions.Asia.Asia*,1515930.0,1858.9563147484546,12.0,1422.0
11897,2.0,1516705.0,富貴兵團,0.9219318628311156,Q7734893,Culture.Media.Films,1516705.0,322.3147074899109,4.0,800.0
11898,2.0,1516705.0,富貴兵團,0.880807101726532,Q7734893,Culture.Media.Media*,1516705.0,322.3147074899109,4.0,800.0
11899,2.0,1516705.0,富貴兵團,0.4515841474533081,Q7734893,Geography.Regions.Asia.East_Asia,1516705.0,322.3147074899109,4.0,800.0
11900,2.0,1516705.0,富貴兵團,0.43713401460647583,Q7734893,Geography.Regions.Asia.Asia*,1516705.0,322.3147074899109,4.0,800.0
11901,3.0,1518697.0,鳳凰衛視香港台,0.7606606483459473,Q7186901,Culture.Media.Media*,1518697.0,1600.0147846479183,10.0,4371.0
11902,3.0,1518697.0,鳳凰衛視香港台,0.546748161315918,Q7186901,Culture.Media.Television,1518697.0,1600.0147846479183,10.0,4371.0
11903,3.0,1518697.0,鳳凰衛視香港台,0.4849463572502136,Q7186901,Geography.Regions.Asia.East_Asia,1518697.0,1600.0147846479183,10.0,4371.0
11904,3.0,1518697.0,鳳凰衛視香港台,0.459371196269989,Q7186901,Geography.Regions.Asia.Asia*,1518697.0,1600.0147846479183,10.0,4371.0
11905,11.0,1523092.0,林宥穎,0.9991540908813475,Q28972039,Culture.Biography.Biography*,1523092.0,569.8933238605408,4.0,1848.0
11906,11.0,1523092.0,林宥穎,0.9732507467269896,Q28972039,Culture.Sports,1523092.0,569.8933238605408,4.0,1848.0
11907,11.0,1523092.0,林宥穎,0.4532718360424042,Q28972039,History_and_Society.Society,1523092.0,569.8933238605408,4.0,1848.0
11908,11.0,1523092.0,林宥穎,0.4063222279548645,Q28972039,Geography.Regions.Asia.Asia*,1523092.0,569.8933238605408,4.0,1848.0
11909,11.0,1523092.0,林宥穎,0.37980710172653204,Q28972039,Geography.Regions.Asia.East_Asia,1523092.0,569.8933238605408,4.0,1848.0
11910,1.0,1525730.0,極速秒殺,0.9954004287719728,Q388476,Culture.Media.Films,1525730.0,0.0,6.0,2481.0
11911,1.0,1525730.0,極速秒殺,0.9951046109199524,Q388476,Culture.Media.Media*,1525730.0,0.0,6.0,2481.0
11912,1.0,1525730.0,極速秒殺,0.0,Q388476,Geography.Regions.Americas.North_America,1525730.0,0.0,6.0,2481.0
11913,1.0,1526511.0,横山克,0.9836069941520692,Q4117654,Culture.Biography.Biography*,1526511.0,0.0,13.0,795.0
11914,1.0,1526511.0,横山克,0.9324633479118348,Q4117654,Culture.Visual_arts.Comics_and_Anime,1526511.0,0.0,13.0,795.0
11915,1.0,1526511.0,横山克,0.8840492963790894,Q4117654,Culture.Literature,1526511.0,0.0,13.0,795.0
11916,1.0,1526511.0,横山克,0.880807101726532,Q4117654,Culture.Visual_arts.Visual_arts*,1526511.0,0.0,13.0,795.0
11917,1.0,1526511.0,横山克,0.13661839067935946,Q4117654,Culture.Media.Video_games,1526511.0,0.0,13.0,795.0
11918,1.0,1526511.0,横山克,0.12253321707248688,Q4117654,Culture.Media.Media*,1526511.0,0.0,13.0,795.0
11919,1.0,1526511.0,横山克,0.1067005917429924,Q4117654,Culture.Internet_culture,1526511.0,0.0,13.0,795.0
11920,1.0,1526511.0,横山克,0.0,Q4117654,Geography.Regions.Asia.East_Asia,1526511.0,0.0,13.0,795.0
11921,1.0,1526511.0,横山克,0.0,Q4117654,Geography.Regions.Asia.Asia*,1526511.0,0.0,13.0,795.0
11922,7.0,1526758.0,張廖萬堅,1.0000100135803225,Q8347319,History_and_Society.Society,1526758.0,658.1811714801762,2.0,1712.0
11923,7.0,1526758.0,張廖萬堅,1.0000100135803225,Q8347319,Culture.Biography.Biography*,1526758.0,658.1811714801762,2.0,1712.0
11924,7.0,1526758.0,張廖萬堅,0.4901626577377319,Q8347319,Geography.Regions.Asia.East_Asia,1526758.0,658.1811714801762,2.0,1712.0
11925,7.0,1526758.0,張廖萬堅,0.4810237755775452,Q8347319,Geography.Regions.Asia.Asia*,1526758.0,658.1811714801762,2.0,1712.0
11926,8.0,1526811.0,中国茉莉花活动,0.5698626637458801,Q1155993,History_and_Society.Politics_and_government,1526811.0,29713.901897979547,3.0,2892.0
11927,8.0,1526811.0,中国茉莉花活动,0.3952613940238953,Q1155993,Geography.Regions.Asia.East_Asia,1526811.0,29713.901897979547,3.0,2892.0
11928,8.0,1526811.0,中国茉莉花活动,0.37980710172653204,Q1155993,Geography.Regions.Asia.Asia*,1526811.0,29713.901897979547,3.0,2892.0
11929,8.0,1526811.0,中国茉莉花活动,0.19194278120994568,Q1155993,STEM.STEM*,1526811.0,29713.901897979547,3.0,2892.0
11930,8.0,1526811.0,中国茉莉花活动,0.13661839067935946,Q1155993,Culture.Philosophy_and_religion,1526811.0,29713.901897979547,3.0,2892.0
11931,8.0,1526811.0,中国茉莉花活动,0.1294127255678177,Q1155993,History_and_Society.Society,1526811.0,29713.901897979547,3.0,2892.0
11932,8.0,1526811.0,中国茉莉花活动,0.12253321707248688,Q1155993,History_and_Society.Military_and_warfare,1526811.0,29713.901897979547,3.0,2892.0
11933,1.0,1527286.0,最後的蘇格蘭王,0.998599648475647,Q176826,Culture.Media.Films,1527286.0,0.0,1.0,2155.0
11934,1.0,1527286.0,最後的蘇格蘭王,0.9942797422409058,Q176826,Culture.Media.Media*,1527286.0,0.0,1.0,2155.0
11935,1.0,1527286.0,最後的蘇格蘭王,0.10088862478733064,Q176826,History_and_Society.Military_and_warfare,1527286.0,0.0,1.0,2155.0
11936,1.0,1527286.0,最後的蘇格蘭王,0.0,Q176826,Geography.Regions.Europe.Europe*,1527286.0,0.0,1.0,2155.0
11937,1.0,1527286.0,最後的蘇格蘭王,0.0,Q176826,Geography.Regions.Europe.Northern_Europe,1527286.0,0.0,1.0,2155.0
11938,1.0,1527286.0,最後的蘇格蘭王,0.0,Q176826,Geography.Regions.Americas.North_America,1527286.0,0.0,1.0,2155.0
11939,7.0,1529425.0,艋舺燿輝,0.9967369437217712,Q6899450,Culture.Biography.Biography*,1529425.0,15057.428125600809,4.0,2169.0
11940,7.0,1529425.0,艋舺燿輝,0.9916942119598388,Q6899450,History_and_Society.Society,1529425.0,15057.428125600809,4.0,2169.0
11941,7.0,1529425.0,艋舺燿輝,0.9755869507789612,Q6899450,Culture.Media.Television,1529425.0,15057.428125600809,4.0,2169.0
11942,7.0,1529425.0,艋舺燿輝,0.951152205467224,Q6899450,Culture.Media.Media*,1529425.0,15057.428125600809,4.0,2169.0
11943,7.0,1529425.0,艋舺燿輝,0.4835854640007019,Q6899450,Geography.Regions.Asia.East_Asia,1529425.0,15057.428125600809,4.0,2169.0
11944,7.0,1529425.0,艋舺燿輝,0.4738311638832092,Q6899450,Geography.Regions.Asia.Asia*,1529425.0,15057.428125600809,4.0,2169.0
11945,1.0,1529749.0,侯昌明,0.9715740084648132,Q9390290,Culture.Biography.Biography*,1529749.0,0.0,4.0,1464.0
11946,1.0,1529749.0,侯昌明,0.0,Q9390290,Geography.Regions.Asia.Asia*,1529749.0,0.0,4.0,1464.0
11947,5.0,1530272.0,都市传说列表,1.0,Q27882789,Compilation.List_Disambig,1530272.0,36991.45095236896,6.0,2903.0
11948,5.0,1530272.0,都市传说列表,0.2227101624011993,Q27882789,STEM.STEM*,1530272.0,36991.45095236896,6.0,2903.0
11949,5.0,1530272.0,都市传说列表,0.1259327530860901,Q27882789,Culture.Media.Media*,1530272.0,36991.45095236896,6.0,2903.0
11950,5.0,1530272.0,都市传说列表,0.10088862478733064,Q27882789,Culture.Sports,1530272.0,36991.45095236896,6.0,2903.0
11951,5.0,1530272.0,都市传说列表,0.0,Q27882789,Geography.Regions.Americas.North_America,1530272.0,36991.45095236896,6.0,2903.0
11952,5.0,1530272.0,都市传说列表,0.0,Q27882789,Geography.Regions.Europe.Europe*,1530272.0,36991.45095236896,6.0,2903.0
11953,5.0,1530272.0,都市传说列表,0.0,Q27882789,Geography.Regions.Asia.Asia*,1530272.0,36991.45095236896,6.0,2903.0
11954,2.0,1530808.0,陳伊 (藝人),0.9124462008476256,Q9367225,Culture.Biography.Biography*,1530808.0,0.0,4.0,1848.0
11955,2.0,1530808.0,陳伊 (藝人),0.4921981394290924,Q9367225,Culture.Sports,1530808.0,0.0,4.0,1848.0
11956,2.0,1530808.0,陳伊 (藝人),0.19194278120994568,Q9367225,Culture.Biography.Women,1530808.0,0.0,4.0,1848.0
11957,2.0,1530808.0,陳伊 (藝人),0.11597072333097458,Q9367225,History_and_Society.Society,1530808.0,0.0,4.0,1848.0
11958,2.0,1530808.0,陳伊 (藝人),0.0,Q9367225,Geography.Regions.Asia.Asia*,1530808.0,0.0,4.0,1848.0
11959,2.0,1530808.0,陳伊 (藝人),0.0,Q9367225,Geography.Regions.Asia.East_Asia,1530808.0,0.0,4.0,1848.0
11960,4.0,1531378.0,海莉·史坦菲德,0.9976868629455566,Q231726,Culture.Biography.Biography*,1531378.0,5133.0560566420145,6.0,3469.0
11961,4.0,1531378.0,海莉·史坦菲德,0.9796776771545409,Q231726,Culture.Biography.Women,1531378.0,5133.0560566420145,6.0,3469.0
11962,4.0,1531378.0,海莉·史坦菲德,0.3702353835105896,Q231726,Culture.Media.Media*,1531378.0,5133.0560566420145,6.0,3469.0
11963,4.0,1531378.0,海莉·史坦菲德,0.16442059183120727,Q231726,Geography.Regions.Americas.North_America,1531378.0,5133.0560566420145,6.0,3469.0
11964,4.0,1531378.0,海莉·史坦菲德,0.1259327530860901,Q231726,Culture.Media.Music,1531378.0,5133.0560566420145,6.0,3469.0
11965,4.0,1531378.0,海莉·史坦菲德,0.11280541121959685,Q231726,Culture.Media.Television,1531378.0,5133.0560566420145,6.0,3469.0
11966,4.0,1531378.0,海莉·史坦菲德,0.0,Q231726,Geography.Regions.Europe.Europe*,1531378.0,5133.0560566420145,6.0,3469.0
11967,4.0,1531378.0,海莉·史坦菲德,0.0,Q231726,Geography.Regions.Europe.Northern_Europe,1531378.0,5133.0560566420145,6.0,3469.0
11968,2.0,1532722.0,中華民國陸軍特戰指揮部,0.9963027834892272,Q10876431,History_and_Society.Military_and_warfare,1532722.0,1213.2558950642638,5.0,2504.0
11969,2.0,1532722.0,中華民國陸軍特戰指揮部,0.0,Q10876431,Geography.Regions.Asia.Asia*,1532722.0,1213.2558950642638,5.0,2504.0
11970,2.0,1532722.0,中華民國陸軍特戰指揮部,0.0,Q10876431,Geography.Regions.Europe.Europe*,1532722.0,1213.2558950642638,5.0,2504.0
11971,2.0,1532722.0,中華民國陸軍特戰指揮部,0.0,Q10876431,Geography.Regions.Americas.North_America,1532722.0,1213.2558950642638,5.0,2504.0
11972,16.0,1534108.0,单身男女,0.6791887283325195,Q1087186,Culture.Media.Media*,1534108.0,11805.636216354209,12.0,3188.0
11973,16.0,1534108.0,单身男女,0.4861888160705566,Q1087186,Geography.Regions.Asia.East_Asia,1534108.0,11805.636216354209,12.0,3188.0
11974,16.0,1534108.0,单身男女,0.4705740084648132,Q1087186,Geography.Regions.Asia.Asia*,1534108.0,11805.636216354209,12.0,3188.0
11975,16.0,1534108.0,单身男女,0.4378334879875183,Q1087186,Culture.Media.Films,1534108.0,11805.636216354209,12.0,3188.0
11976,8.0,1534407.0,倚天屠龍記之魔教教主,0.9688661694526672,Q844679,Culture.Media.Media*,1534407.0,9951.923526027942,12.0,2498.0
11977,8.0,1534407.0,倚天屠龍記之魔教教主,0.9241518378257751,Q844679,Culture.Media.Films,1534407.0,9951.923526027942,12.0,2498.0
11978,8.0,1534407.0,倚天屠龍記之魔教教主,0.4810237755775452,Q844679,Geography.Regions.Asia.East_Asia,1534407.0,9951.923526027942,12.0,2498.0
11979,8.0,1534407.0,倚天屠龍記之魔教教主,0.43892334604263306,Q844679,Geography.Regions.Asia.Asia*,1534407.0,9951.923526027942,12.0,2498.0
11980,18.0,1534425.0,龍門飛甲 (電影),0.967909336090088,Q1090566,Culture.Media.Media*,1534425.0,81522.45224070603,12.0,2922.0
11981,18.0,1534425.0,龍門飛甲 (電影),0.9553291201591492,Q1090566,Culture.Media.Films,1534425.0,81522.45224070603,12.0,2922.0
11982,18.0,1534425.0,龍門飛甲 (電影),0.4669093360900879,Q1090566,Geography.Regions.Asia.East_Asia,1534425.0,81522.45224070603,12.0,2922.0
11983,18.0,1534425.0,龍門飛甲 (電影),0.4089169969558716,Q1090566,Geography.Regions.Asia.Asia*,1534425.0,81522.45224070603,12.0,2922.0
11984,13.0,1535089.0,鎗王之王,0.9553291201591492,Q2152960,Culture.Media.Films,1535089.0,1599.3796614836838,12.0,3887.0
11985,13.0,1535089.0,鎗王之王,0.9416641592979432,Q2152960,Culture.Media.Media*,1535089.0,1599.3796614836838,12.0,3887.0
11986,13.0,1535089.0,鎗王之王,0.4669093360900879,Q2152960,Geography.Regions.Asia.East_Asia,1535089.0,1599.3796614836838,12.0,3887.0
11987,13.0,1535089.0,鎗王之王,0.4569222798347473,Q2152960,Geography.Regions.Asia.Asia*,1535089.0,1599.3796614836838,12.0,3887.0
11988,3.0,1537138.0,台鐵EMU800型電聯車,0.993317186832428,Q10915919,Culture.Biography.Biography*,1537138.0,885.8233050350998,13.0,5012.0
11989,3.0,1537138.0,台鐵EMU800型電聯車,0.98678719997406,Q10915919,History_and_Society.Society,1537138.0,885.8233050350998,13.0,5012.0
11990,3.0,1537138.0,台鐵EMU800型電聯車,0.9553291201591492,Q10915919,History_and_Society.Transportation,1537138.0,885.8233050350998,13.0,5012.0
11991,3.0,1537138.0,台鐵EMU800型電聯車,0.4968272914886474,Q10915919,Geography.Regions.Asia.East_Asia,1537138.0,885.8233050350998,13.0,5012.0
11992,3.0,1537138.0,台鐵EMU800型電聯車,0.4951855411529541,Q10915919,Geography.Regions.Asia.Asia*,1537138.0,885.8233050350998,13.0,5012.0
11993,5.0,1538364.0,紫禁之巔,0.1732981950044632,Q15902933,STEM.STEM*,1538364.0,10024.148527015805,4.0,3859.0
11994,5.0,1538364.0,紫禁之巔,0.16027602553367615,Q15902933,History_and_Society.Business_and_economics,1538364.0,10024.148527015805,4.0,3859.0
11995,5.0,1538364.0,紫禁之巔,0.1520422399044037,Q15902933,Culture.Media.Media*,1538364.0,10024.148527015805,4.0,3859.0
11996,5.0,1538364.0,紫禁之巔,0.0,Q15902933,Geography.Regions.Americas.North_America,1538364.0,10024.148527015805,4.0,3859.0
11997,5.0,1538364.0,紫禁之巔,0.0,Q15902933,Geography.Regions.Asia.Asia*,1538364.0,10024.148527015805,4.0,3859.0
11998,1.0,1540506.0,超級月亮,0.9241518378257751,Q687756,STEM.STEM*,1540506.0,0.0,12.0,2468.0
11999,1.0,1540506.0,超級月亮,0.8903042674064636,Q687756,STEM.Space,1540506.0,0.0,12.0,2468.0
12000,1.0,1540506.0,超級月亮,0.2942249774932861,Q687756,Culture.Philosophy_and_religion,1540506.0,0.0,12.0,2468.0
12001,1.0,1540506.0,超級月亮,0.2509227991104126,Q687756,STEM.Technology,1540506.0,0.0,12.0,2468.0
12002,1.0,1540506.0,超級月亮,0.2069040536880493,Q687756,STEM.Biology,1540506.0,0.0,12.0,2468.0
12003,1.0,1540506.0,超級月亮,0.1732981950044632,Q687756,STEM.Medicine_&_Health,1540506.0,0.0,12.0,2468.0
12004,1.0,1540506.0,超級月亮,0.13661839067935946,Q687756,History_and_Society.Society,1540506.0,0.0,12.0,2468.0
12005,1.0,1540506.0,超級月亮,0.1097157895565033,Q687756,History_and_Society.Politics_and_government,1540506.0,0.0,12.0,2468.0
12006,1.0,1540506.0,超級月亮,0.0,Q687756,Geography.Regions.Asia.Asia*,1540506.0,0.0,12.0,2468.0
12007,1.0,1540506.0,超級月亮,0.0,Q687756,Geography.Regions.Americas.North_America,1540506.0,0.0,12.0,2468.0
12008,1.0,1540506.0,超級月亮,0.0,Q687756,Geography.Regions.Europe.Western_Europe,1540506.0,0.0,12.0,2468.0
12009,6.0,1541839.0,土地公傳奇,0.8519628047943115,Q10927665,Culture.Media.Television,1541839.0,10860.156618889874,4.0,2193.0
12010,6.0,1541839.0,土地公傳奇,0.7773098945617676,Q10927665,Culture.Media.Media*,1541839.0,10860.156618889874,4.0,2193.0
12011,6.0,1541839.0,土地公傳奇,0.0,Q10927665,Geography.Regions.Asia.Asia*,1541839.0,10860.156618889874,4.0,2193.0
12012,6.0,1547911.0,李蒨蓉,1.0000100135803225,Q9209631,Culture.Biography.Biography*,1547911.0,15816.331000081702,5.0,10986.0
12013,6.0,1547911.0,李蒨蓉,0.4532718360424042,Q9209631,Culture.Biography.Women,1547911.0,15816.331000081702,5.0,10986.0
12014,6.0,1547911.0,李蒨蓉,0.3624016513824463,Q9209631,Geography.Regions.Asia.East_Asia,1547911.0,15816.331000081702,5.0,10986.0
12015,6.0,1547911.0,李蒨蓉,0.18495945835113525,Q9209631,Geography.Regions.Asia.Asia*,1547911.0,15816.331000081702,5.0,10986.0
12016,10.0,1548561.0,許富凱,1.0000100135803225,Q9342148,Culture.Biography.Biography*,1548561.0,13196.168188314014,4.0,2246.0
12017,10.0,1548561.0,許富凱,0.9304682612419128,Q9342148,History_and_Society.Society,1548561.0,13196.168188314014,4.0,2246.0
12018,10.0,1548561.0,許富凱,0.4543291201591492,Q9342148,Geography.Regions.Asia.Asia*,1548561.0,13196.168188314014,4.0,2246.0
12019,10.0,1548561.0,許富凱,0.4471645226478577,Q9342148,Geography.Regions.Asia.East_Asia,1548561.0,13196.168188314014,4.0,2246.0
12020,10.0,1548561.0,許富凱,0.38492217659950256,Q9342148,Culture.Media.Media*,1548561.0,13196.168188314014,4.0,2246.0
12021,10.0,1548561.0,許富凱,0.38492217659950256,Q9342148,Culture.Media.Music,1548561.0,13196.168188314014,4.0,2246.0
12022,1.0,1550316.0,李亮瑾,0.9935217499732972,Q9195707,Culture.Biography.Biography*,1550316.0,0.0,4.0,2487.0
12023,1.0,1550316.0,李亮瑾,0.6723417043685913,Q9195707,Culture.Biography.Women,1550316.0,0.0,4.0,2487.0
12024,1.0,1550316.0,李亮瑾,0.23006861114501956,Q9195707,Geography.Regions.Asia.East_Asia,1550316.0,0.0,4.0,2487.0
12025,1.0,1550316.0,李亮瑾,0.19194278120994568,Q9195707,History_and_Society.Society,1550316.0,0.0,4.0,2487.0
12026,1.0,1550316.0,李亮瑾,0.17818872833251953,Q9195707,Geography.Regions.Asia.Asia*,1550316.0,0.0,4.0,2487.0
12027,2.0,1552619.0,上山诗钠,0.993317186832428,Q10867378,Culture.Biography.Biography*,1552619.0,3359.917137336217,4.0,2477.0
12028,2.0,1552619.0,上山诗钠,0.23371636867523196,Q10867378,Culture.Biography.Women,1552619.0,3359.917137336217,4.0,2477.0
12029,2.0,1552619.0,上山诗钠,0.13297423720359802,Q10867378,Culture.Media.Media*,1552619.0,3359.917137336217,4.0,2477.0
12030,2.0,1552619.0,上山诗钠,0.11921291798353195,Q10867378,Culture.Media.Music,1552619.0,3359.917137336217,4.0,2477.0
12031,2.0,1552619.0,上山诗钠,0.0,Q10867378,Geography.Regions.Asia.Asia*,1552619.0,3359.917137336217,4.0,2477.0
12032,2.0,1552619.0,上山诗钠,0.0,Q10867378,Geography.Regions.Asia.South_Asia,1552619.0,3359.917137336217,4.0,2477.0
12033,2.0,1552619.0,上山诗钠,0.0,Q10867378,Geography.Regions.Europe.Europe*,1552619.0,3359.917137336217,4.0,2477.0
12034,2.0,1552619.0,上山诗钠,0.0,Q10867378,Geography.Regions.Americas.North_America,1552619.0,3359.917137336217,4.0,2477.0
12035,6.0,1552642.0,孟庭麗,1.0000100135803225,Q9010033,Culture.Biography.Biography*,1552642.0,4176.656099437094,4.0,2835.0
12036,6.0,1552642.0,孟庭麗,0.8175845146179199,Q9010033,History_and_Society.Society,1552642.0,4176.656099437094,4.0,2835.0
12037,6.0,1552642.0,孟庭麗,0.5621865391731262,Q9010033,Culture.Biography.Women,1552642.0,4176.656099437094,4.0,2835.0
12038,6.0,1552642.0,孟庭麗,0.4163126816749573,Q9010033,Geography.Regions.Asia.East_Asia,1552642.0,4176.656099437094,4.0,2835.0
12039,6.0,1552642.0,孟庭麗,0.38304929637908935,Q9010033,Geography.Regions.Asia.Asia*,1552642.0,4176.656099437094,4.0,2835.0
12040,4.0,1552654.0,張倩,1.0000100135803225,Q10293982,Culture.Biography.Biography*,1552654.0,8223.192474741116,4.0,2056.0
12041,4.0,1552654.0,張倩,0.9965265989303588,Q10293982,History_and_Society.Society,1552654.0,8223.192474741116,4.0,2056.0
12042,4.0,1552654.0,張倩,0.7490972280502319,Q10293982,Culture.Biography.Women,1552654.0,8223.192474741116,4.0,2056.0
12043,4.0,1552654.0,張倩,0.4971998205184937,Q10293982,Geography.Regions.Asia.East_Asia,1552654.0,8223.192474741116,4.0,2056.0
12044,4.0,1552654.0,張倩,0.4869562258720398,Q10293982,Geography.Regions.Asia.Asia*,1552654.0,8223.192474741116,4.0,2056.0
12045,2.0,1553812.0,森森,0.967909336090088,Q11117136,Culture.Biography.Biography*,1553812.0,3942.0,2.0,2210.0
12046,2.0,1553812.0,森森,0.5156299471855164,Q11117136,Culture.Biography.Women,1553812.0,3942.0,2.0,2210.0
12047,2.0,1553812.0,森森,0.3660457601547241,Q11117136,Geography.Regions.Asia.Asia*,1553812.0,3942.0,2.0,2210.0
12048,2.0,1553812.0,森森,0.338743971824646,Q11117136,Geography.Regions.Asia.East_Asia,1553812.0,3942.0,2.0,2210.0
12049,2.0,1553812.0,森森,0.33459946513175964,Q11117136,Culture.Media.Media*,1553812.0,3942.0,2.0,2210.0
12050,2.0,1553812.0,森森,0.11280541121959685,Q11117136,Culture.Media.Television,1553812.0,3942.0,2.0,2210.0
12051,2.0,1553812.0,森森,0.1097157895565033,Q11117136,Culture.Media.Music,1553812.0,3942.0,2.0,2210.0
12052,4.0,1553894.0,啟動原始碼,0.996185541152954,Q266209,Culture.Media.Media*,1553894.0,5152.675427581581,10.0,2780.0
12053,4.0,1553894.0,啟動原始碼,0.9952548146247864,Q266209,Culture.Media.Films,1553894.0,5152.675427581581,10.0,2780.0
12054,4.0,1553894.0,啟動原始碼,0.38492217659950256,Q266209,Culture.Media.Entertainment,1553894.0,5152.675427581581,10.0,2780.0
12055,4.0,1553894.0,啟動原始碼,0.3469777574539185,Q266209,Geography.Regions.Americas.North_America,1553894.0,5152.675427581581,10.0,2780.0
12056,1.0,1555011.0,文化路夜市,0.9859463572502136,Q11079612,History_and_Society.Society,1555011.0,0.0,3.0,1466.0
12057,1.0,1555011.0,文化路夜市,0.9808859825134276,Q11079612,Culture.Biography.Biography*,1555011.0,0.0,3.0,1466.0
12058,1.0,1555011.0,文化路夜市,0.9790457487106324,Q11079612,Geography.Regions.Asia.Asia*,1555011.0,0.0,3.0,1466.0
12059,1.0,1555011.0,文化路夜市,0.9591643214225768,Q11079612,Geography.Regions.Asia.East_Asia,1555011.0,0.0,3.0,1466.0
12060,1.0,1555011.0,文化路夜市,0.3140605390071869,Q11079612,History_and_Society.Business_and_economics,1555011.0,0.0,3.0,1466.0
12061,1.0,1555011.0,文化路夜市,0.287777841091156,Q11079612,Culture.Visual_arts.Visual_arts*,1555011.0,0.0,3.0,1466.0
12062,1.0,1555011.0,文化路夜市,0.26285186409950256,Q11079612,Culture.Visual_arts.Architecture,1555011.0,0.0,3.0,1466.0
12063,2.0,1559656.0,沛小嵐,1.0000100135803225,Q11140894,Culture.Biography.Biography*,1559656.0,8788.5834675558,4.0,2136.0
12064,2.0,1559656.0,沛小嵐,0.9890230894088744,Q11140894,History_and_Society.Society,1559656.0,8788.5834675558,4.0,2136.0
12065,2.0,1559656.0,沛小嵐,0.9073222279548644,Q11140894,Culture.Biography.Women,1559656.0,8788.5834675558,4.0,2136.0
12066,2.0,1559656.0,沛小嵐,0.4925217499732971,Q11140894,Geography.Regions.Asia.East_Asia,1559656.0,8788.5834675558,4.0,2136.0
12067,2.0,1559656.0,沛小嵐,0.4861888160705566,Q11140894,Geography.Regions.Asia.Asia*,1559656.0,8788.5834675558,4.0,2136.0
12068,2.0,1559804.0,馬丁·庫珀,0.9890230894088744,Q319383,Culture.Biography.Biography*,1559804.0,0.0,1.0,715.0
12069,2.0,1559804.0,馬丁·庫珀,0.4089169969558716,Q319383,Geography.Regions.Americas.North_America,1559804.0,0.0,1.0,715.0
12070,2.0,1559804.0,馬丁·庫珀,0.3415925204753876,Q319383,History_and_Society.Business_and_economics,1559804.0,0.0,1.0,715.0
12071,2.0,1559804.0,馬丁·庫珀,0.33459946513175964,Q319383,STEM.Technology,1559804.0,0.0,1.0,715.0
12072,2.0,1559804.0,馬丁·庫珀,0.2689514458179474,Q319383,STEM.STEM*,1559804.0,0.0,1.0,715.0
12073,2.0,1559804.0,馬丁·庫珀,0.16452647745609286,Q319383,STEM.Computing,1559804.0,0.0,1.0,715.0
12074,2.0,1559804.0,馬丁·庫珀,0.14034625887870789,Q319383,STEM.Engineering,1559804.0,0.0,1.0,715.0
12075,3.0,1560487.0,告白 (電影),0.9935217499732972,Q1364843,Culture.Media.Films,1560487.0,8981.912990862409,13.0,3532.0
12076,3.0,1560487.0,告白 (電影),0.9879562258720398,Q1364843,Culture.Media.Media*,1560487.0,8981.912990862409,13.0,3532.0
12077,3.0,1560487.0,告白 (電影),0.4114462008476257,Q1364843,Geography.Regions.Asia.Asia*,1560487.0,8981.912990862409,13.0,3532.0
12078,3.0,1560487.0,告白 (電影),0.37980710172653204,Q1364843,Geography.Regions.Asia.East_Asia,1560487.0,8981.912990862409,13.0,3532.0
12079,6.0,1562014.0,梁佑南,0.9732507467269896,Q8957627,Culture.Biography.Biography*,1562014.0,3394.061377006996,4.0,2016.0
12080,6.0,1562014.0,梁佑南,0.1824355274438858,Q8957627,Culture.Biography.Women,1562014.0,3394.061377006996,4.0,2016.0
12081,6.0,1562014.0,梁佑南,0.0,Q8957627,Geography.Regions.Asia.Asia*,1562014.0,3394.061377006996,4.0,2016.0
12082,6.0,1562014.0,梁佑南,0.0,Q8957627,Geography.Regions.Asia.East_Asia,1562014.0,3394.061377006996,4.0,2016.0
12083,8.0,1562031.0,游安顺,1.0000100135803225,Q15914372,Culture.Biography.Biography*,1562031.0,25393.649680058104,4.0,2461.0
12084,8.0,1562031.0,游安顺,0.9777238368988036,Q15914372,History_and_Society.Society,1562031.0,25393.649680058104,4.0,2461.0
12085,8.0,1562031.0,游安顺,0.4529760947227478,Q15914372,Geography.Regions.Asia.East_Asia,1562031.0,25393.649680058104,4.0,2461.0
12086,8.0,1562031.0,游安顺,0.43892334604263306,Q15914372,Geography.Regions.Asia.Asia*,1562031.0,25393.649680058104,4.0,2461.0
12087,8.0,1562031.0,游安顺,0.13661839067935946,Q15914372,Culture.Media.Media*,1562031.0,25393.649680058104,4.0,2461.0
12088,2.0,1562839.0,林秀怡,0.998599648475647,Q7224904,Culture.Biography.Biography*,1562839.0,2106.9360706269,7.0,2689.0
12089,2.0,1562839.0,林秀怡,0.3923194279670715,Q7224904,Geography.Regions.Asia.East_Asia,1562839.0,2106.9360706269,7.0,2689.0
12090,2.0,1562839.0,林秀怡,0.3429050912857056,Q7224904,Geography.Regions.Asia.Asia*,1562839.0,2106.9360706269,7.0,2689.0
12091,2.0,1562839.0,林秀怡,0.275139719247818,Q7224904,Culture.Biography.Women,1562839.0,2106.9360706269,7.0,2689.0
12092,2.0,1562839.0,林秀怡,0.16452647745609286,Q7224904,Culture.Media.Music,1562839.0,2106.9360706269,7.0,2689.0
12093,2.0,1562839.0,林秀怡,0.15611489117145538,Q7224904,Culture.Media.Media*,1562839.0,2106.9360706269,7.0,2689.0
12094,2.0,1562839.0,林秀怡,0.12253321707248688,Q7224904,History_and_Society.Society,1562839.0,2106.9360706269,7.0,2689.0
12095,2.0,1562978.0,TIGER & BUNNY,0.9993836879730223,Q1201022,Culture.Visual_arts.Comics_and_Anime,1562978.0,0.0,13.0,2998.0
12096,2.0,1562978.0,TIGER & BUNNY,0.9991269707679749,Q1201022,Culture.Visual_arts.Visual_arts*,1562978.0,0.0,13.0,2998.0
12097,2.0,1562978.0,TIGER & BUNNY,0.9983615279197692,Q1201022,Culture.Literature,1562978.0,0.0,13.0,2998.0
12098,2.0,1562978.0,TIGER & BUNNY,0.6992644667625427,Q1201022,Culture.Media.Media*,1562978.0,0.0,13.0,2998.0
12099,2.0,1562978.0,TIGER & BUNNY,0.3073680400848389,Q1201022,Culture.Media.Video_games,1562978.0,0.0,13.0,2998.0
12100,2.0,1562978.0,TIGER & BUNNY,0.2942249774932861,Q1201022,Culture.Internet_culture,1562978.0,0.0,13.0,2998.0
12101,2.0,1562978.0,TIGER & BUNNY,0.12253321707248688,Q1201022,Culture.Media.Films,1562978.0,0.0,13.0,2998.0
12102,2.0,1562978.0,TIGER & BUNNY,0.0,Q1201022,Geography.Regions.Asia.East_Asia,1562978.0,0.0,13.0,2998.0
12103,2.0,1562978.0,TIGER & BUNNY,0.0,Q1201022,Geography.Regions.Asia.Asia*,1562978.0,0.0,13.0,2998.0
12104,1.0,1563565.0,臺灣對東日本大震災之援助及各界反應,0.2942249774932861,Q15895103,STEM.STEM*,1563565.0,0.0,5.0,3071.0
12105,1.0,1563565.0,臺灣對東日本大震災之援助及各界反應,0.0,Q15895103,Geography.Regions.Asia.Asia*,1563565.0,0.0,5.0,3071.0
12106,1.0,1563565.0,臺灣對東日本大震災之援助及各界反應,0.0,Q15895103,Geography.Regions.Americas.North_America,1563565.0,0.0,5.0,3071.0
12107,1.0,1563565.0,臺灣對東日本大震災之援助及各界反應,0.0,Q15895103,Geography.Regions.Europe.Europe*,1563565.0,0.0,5.0,3071.0
12108,5.0,1564379.0,里約大冒險,0.9973783493041992,Q223359,Culture.Media.Films,1564379.0,14784.552613539316,6.0,1025.0
12109,5.0,1564379.0,里約大冒險,0.9958112239837646,Q223359,Culture.Media.Media*,1564379.0,14784.552613539316,6.0,1025.0
12110,5.0,1564379.0,里約大冒險,0.2568419873714447,Q223359,Culture.Media.Entertainment,1564379.0,14784.552613539316,6.0,1025.0
12111,5.0,1564379.0,里約大冒險,0.13297423720359802,Q223359,Culture.Literature,1564379.0,14784.552613539316,6.0,1025.0
12112,5.0,1564379.0,里約大冒險,0.11597072333097458,Q223359,STEM.STEM*,1564379.0,14784.552613539316,6.0,1025.0
12113,5.0,1564379.0,里約大冒險,0.11409788036346435,Q223359,Geography.Regions.Americas.North_America,1564379.0,14784.552613539316,6.0,1025.0
12114,5.0,1564379.0,里約大冒險,0.0,Q223359,Geography.Regions.Europe.Northern_Europe,1564379.0,14784.552613539316,6.0,1025.0
12115,9.0,1568803.0,玩命關頭5,0.9908843636512756,Q401976,Culture.Media.Media*,1568803.0,16229.416886020814,8.0,3340.0
12116,9.0,1568803.0,玩命關頭5,0.9890230894088744,Q401976,Culture.Media.Films,1568803.0,16229.416886020814,8.0,3340.0
12117,9.0,1568803.0,玩命關頭5,0.0,Q401976,Geography.Regions.Americas.North_America,1568803.0,16229.416886020814,8.0,3340.0
12118,16.0,1568829.0,沱江級巡邏艦,0.9990700483322144,Q5924425,History_and_Society.Transportation,1568829.0,4214.124140386261,5.0,3218.0
12119,16.0,1568829.0,沱江級巡邏艦,0.8872146010398865,Q5924425,History_and_Society.Military_and_warfare,1568829.0,4214.124140386261,5.0,3218.0
12120,16.0,1568829.0,沱江級巡邏艦,0.11280541121959685,Q5924425,History_and_Society.Society,1568829.0,4214.124140386261,5.0,3218.0
12121,16.0,1568829.0,沱江級巡邏艦,0.1067005917429924,Q5924425,Culture.Biography.Biography*,1568829.0,4214.124140386261,5.0,3218.0
12122,16.0,1568829.0,沱江級巡邏艦,0.0,Q5924425,Geography.Regions.Asia.East_Asia,1568829.0,4214.124140386261,5.0,3218.0
12123,16.0,1568829.0,沱江級巡邏艦,0.0,Q5924425,Geography.Regions.Asia.Asia*,1568829.0,4214.124140386261,5.0,3218.0
12124,16.0,1568829.0,沱江級巡邏艦,0.0,Q5924425,Geography.Regions.Oceania,1568829.0,4214.124140386261,5.0,3218.0
12125,14.0,1572074.0,M Countdown,0.9073222279548644,Q485232,Culture.Media.Television,1572074.0,32234.160087181932,0.0,2934.0
12126,14.0,1572074.0,M Countdown,0.812877357006073,Q485232,Culture.Media.Media*,1572074.0,32234.160087181932,0.0,2934.0
12127,14.0,1572074.0,M Countdown,0.4990100135803223,Q485232,Geography.Regions.Asia.East_Asia,1572074.0,32234.160087181932,0.0,2934.0
12128,14.0,1572074.0,M Countdown,0.4984215965270996,Q485232,Geography.Regions.Asia.Asia*,1572074.0,32234.160087181932,0.0,2934.0
12129,14.0,1572074.0,M Countdown,0.16027602553367615,Q485232,Culture.Visual_arts.Comics_and_Anime,1572074.0,32234.160087181932,0.0,2934.0
12130,7.0,1574036.0,B+偵探,0.9706977605819702,Q7729867,Culture.Media.Films,1574036.0,145.17489564572287,12.0,1464.0
12131,7.0,1574036.0,B+偵探,0.9566442370414734,Q7729867,Culture.Media.Media*,1574036.0,145.17489564572287,12.0,1464.0
12132,7.0,1574036.0,B+偵探,0.4780457487106323,Q7729867,Geography.Regions.Asia.Asia*,1574036.0,145.17489564572287,12.0,1464.0
12133,7.0,1574036.0,B+偵探,0.4063222279548645,Q7729867,Geography.Regions.Asia.East_Asia,1574036.0,145.17489564572287,12.0,1464.0
12134,5.0,1574731.0,現役航空母艦列表,1.0,Q1839872,Compilation.List_Disambig,1574731.0,1962.1294941031485,5.0,6009.0
12135,5.0,1574731.0,現役航空母艦列表,0.2227101624011993,Q1839872,STEM.STEM*,1574731.0,1962.1294941031485,5.0,6009.0
12136,5.0,1574731.0,現役航空母艦列表,0.1259327530860901,Q1839872,Culture.Media.Media*,1574731.0,1962.1294941031485,5.0,6009.0
12137,5.0,1574731.0,現役航空母艦列表,0.10088862478733064,Q1839872,Culture.Sports,1574731.0,1962.1294941031485,5.0,6009.0
12138,5.0,1574731.0,現役航空母艦列表,0.0,Q1839872,Geography.Regions.Americas.North_America,1574731.0,1962.1294941031485,5.0,6009.0
12139,5.0,1574731.0,現役航空母艦列表,0.0,Q1839872,Geography.Regions.Europe.Europe*,1574731.0,1962.1294941031485,5.0,6009.0
12140,5.0,1574731.0,現役航空母艦列表,0.0,Q1839872,Geography.Regions.Asia.Asia*,1574731.0,1962.1294941031485,5.0,6009.0
12141,2.0,1575257.0,應采靈,1.0000100135803225,Q9142636,Culture.Biography.Biography*,1575257.0,458.7920833422737,4.0,1924.0
12142,2.0,1575257.0,應采靈,0.9830951094627379,Q9142636,History_and_Society.Society,1575257.0,458.7920833422737,4.0,1924.0
12143,2.0,1575257.0,應采靈,0.8311530351638794,Q9142636,Culture.Biography.Women,1575257.0,458.7920833422737,4.0,1924.0
12144,2.0,1575257.0,應采靈,0.4627899398803711,Q9142636,Geography.Regions.Asia.East_Asia,1575257.0,458.7920833422737,4.0,1924.0
12145,2.0,1575257.0,應采靈,0.43892334604263306,Q9142636,Geography.Regions.Asia.Asia*,1575257.0,458.7920833422737,4.0,1924.0
12146,1.0,1576942.0,吳承鳳,1.0000100135803225,Q713194,Culture.Biography.Biography*,1576942.0,0.0,13.0,2680.0
12147,1.0,1576942.0,吳承鳳,0.4089169969558716,Q713194,Geography.Regions.Asia.Asia*,1576942.0,0.0,13.0,2680.0
12148,1.0,1576942.0,吳承鳳,0.14415885508060455,Q713194,History_and_Society.Society,1576942.0,0.0,13.0,2680.0
12149,1.0,1576942.0,吳承鳳,0.0,Q713194,Geography.Regions.Asia.West_Asia,1576942.0,0.0,13.0,2680.0
12150,1.0,1577772.0,Phantom -PHANTOM OF INFERNO-,1.0000100135803225,Q2568674,Culture.Visual_arts.Comics_and_Anime,1577772.0,0.0,8.0,1161.0
12151,1.0,1577772.0,Phantom -PHANTOM OF INFERNO-,0.9995221495628356,Q2568674,Culture.Visual_arts.Visual_arts*,1577772.0,0.0,8.0,1161.0
12152,1.0,1577772.0,Phantom -PHANTOM OF INFERNO-,0.9993638396263124,Q2568674,Culture.Literature,1577772.0,0.0,8.0,1161.0
12153,1.0,1577772.0,Phantom -PHANTOM OF INFERNO-,0.9951046109199524,Q2568674,Culture.Media.Video_games,1577772.0,0.0,8.0,1161.0
12154,1.0,1577772.0,Phantom -PHANTOM OF INFERNO-,0.9905974268913268,Q2568674,Culture.Internet_culture,1577772.0,0.0,8.0,1161.0
12155,1.0,1577772.0,Phantom -PHANTOM OF INFERNO-,0.9688661694526672,Q2568674,Culture.Media.Media*,1577772.0,0.0,8.0,1161.0
12156,4.0,1578356.0,安田好弘,0.990301549434662,Q2375388,Culture.Biography.Biography*,1578356.0,3942.5,2.0,1000.0
12157,4.0,1578356.0,安田好弘,0.13604079389572146,Q2375388,Geography.Regions.Asia.Asia*,1578356.0,3942.5,2.0,1000.0
12158,4.0,1578356.0,安田好弘,0.006821857929229736,Q2375388,Geography.Regions.Asia.East_Asia,1578356.0,3942.5,2.0,1000.0
12159,2.0,1581693.0,柯奐如,1.0000100135803225,Q11109136,Culture.Biography.Biography*,1581693.0,5130.900816168025,10.0,922.0
12160,2.0,1581693.0,柯奐如,0.9908843636512756,Q11109136,History_and_Society.Society,1581693.0,5130.900816168025,10.0,922.0
12161,2.0,1581693.0,柯奐如,0.7826725244522095,Q11109136,Culture.Biography.Women,1581693.0,5130.900816168025,10.0,922.0
12162,2.0,1581693.0,柯奐如,0.4696977605819702,Q11109136,Geography.Regions.Asia.East_Asia,1581693.0,5130.900816168025,10.0,922.0
12163,2.0,1581693.0,柯奐如,0.4471645226478577,Q11109136,Geography.Regions.Asia.Asia*,1581693.0,5130.900816168025,10.0,922.0
12164,6.0,1582196.0,乾德門,1.0000100135803225,Q8925293,Culture.Biography.Biography*,1582196.0,24098.52064704541,6.0,2292.0
12165,6.0,1582196.0,乾德門,0.9905974268913268,Q8925293,History_and_Society.Society,1582196.0,24098.52064704541,6.0,2292.0
12166,6.0,1582196.0,乾德門,0.4714247455596924,Q8925293,Geography.Regions.Asia.East_Asia,1582196.0,24098.52064704541,6.0,2292.0
12167,6.0,1582196.0,乾德門,0.459371196269989,Q8925293,Geography.Regions.Asia.Asia*,1582196.0,24098.52064704541,6.0,2292.0
12168,6.0,1582258.0,朱丹,0.998977780342102,Q9087846,Culture.Biography.Biography*,1582258.0,3076.3912474527588,12.0,3417.0
12169,6.0,1582258.0,朱丹,0.5544804334640503,Q9087846,Culture.Biography.Women,1582258.0,3076.3912474527588,12.0,3417.0
12170,6.0,1582258.0,朱丹,0.4678661694526672,Q9087846,Geography.Regions.Asia.East_Asia,1582258.0,3076.3912474527588,12.0,3417.0
12171,6.0,1582258.0,朱丹,0.4486793746948242,Q9087846,Geography.Regions.Asia.Asia*,1582258.0,3076.3912474527588,12.0,3417.0
12172,3.0,1582620.0,邱凱偉,0.9989112615585328,Q15926283,Culture.Biography.Biography*,1582620.0,647.6053982309595,4.0,2152.0
12173,3.0,1582620.0,邱凱偉,0.3257217874526977,Q15926283,Geography.Regions.Asia.East_Asia,1582620.0,647.6053982309595,4.0,2152.0
12174,3.0,1582620.0,邱凱偉,0.1713417043685913,Q15926283,Geography.Regions.Asia.Asia*,1582620.0,647.6053982309595,4.0,2152.0
12175,1.0,1582801.0,鄭志剛,0.99745911359787,Q9086912,Culture.Biography.Biography*,1582801.0,0.0,10.0,1806.0
12176,1.0,1582801.0,鄭志剛,0.1294127255678177,Q9086912,History_and_Society.Business_and_economics,1582801.0,0.0,10.0,1806.0
12177,1.0,1582801.0,鄭志剛,0.0,Q9086912,Geography.Regions.Asia.Asia*,1582801.0,0.0,10.0,1806.0
12178,1.0,1582801.0,鄭志剛,0.0,Q9086912,Geography.Regions.Asia.East_Asia,1582801.0,0.0,10.0,1806.0
12179,1.0,1583113.0,邱啟益,0.974052667617798,Q9352333,Culture.Biography.Biography*,1583113.0,0.0,4.0,1286.0
12180,1.0,1583113.0,邱啟益,0.9219318628311156,Q9352333,Culture.Sports,1583113.0,0.0,4.0,1286.0
12181,1.0,1583113.0,邱啟益,0.287777841091156,Q9352333,Culture.Biography.Women,1583113.0,0.0,4.0,1286.0
12182,1.0,1583113.0,邱啟益,0.0,Q9352333,Geography.Regions.Asia.East_Asia,1583113.0,0.0,4.0,1286.0
12183,1.0,1583113.0,邱啟益,0.0,Q9352333,Geography.Regions.Asia.Asia*,1583113.0,0.0,4.0,1286.0
12184,1.0,1583113.0,邱啟益,0.0,Q9352333,Geography.Regions.Europe.Europe*,1583113.0,0.0,4.0,1286.0
12185,1.0,1583113.0,邱啟益,0.0,Q9352333,Geography.Regions.Europe.Northern_Europe,1583113.0,0.0,4.0,1286.0
12186,2.0,1587714.0,王玉普,0.9875783920288086,Q8292093,Culture.Biography.Biography*,1587714.0,2812.0081384719965,2.0,857.0
12187,2.0,1587714.0,王玉普,0.32119916582107544,Q8292093,Geography.Regions.Asia.East_Asia,1587714.0,2812.0081384719965,2.0,857.0
12188,2.0,1587714.0,王玉普,0.270853506565094,Q8292093,Geography.Regions.Asia.Asia*,1587714.0,2812.0081384719965,2.0,857.0
12189,2.0,1587714.0,王玉普,0.1259327530860901,Q8292093,History_and_Society.Politics_and_government,1587714.0,2812.0081384719965,2.0,857.0
12190,1.0,1587952.0,伊娃·门德斯,1.0000100135803225,Q170606,Culture.Biography.Biography*,1587952.0,0.0,6.0,2292.0
12191,1.0,1587952.0,伊娃·门德斯,0.6926519870758057,Q170606,Culture.Biography.Women,1587952.0,0.0,6.0,2292.0
12192,1.0,1587952.0,伊娃·门德斯,0.0,Q170606,Geography.Regions.Americas.North_America,1587952.0,0.0,6.0,2292.0
12193,1.0,1587952.0,伊娃·门德斯,0.0,Q170606,Geography.Regions.Europe.Europe*,1587952.0,0.0,6.0,2292.0
12194,1.0,1587952.0,伊娃·门德斯,0.0,Q170606,Geography.Regions.Europe.Northern_Europe,1587952.0,0.0,6.0,2292.0
12195,16.0,1594557.0,逆戰 (電影),0.9899964332580566,Q931239,Culture.Media.Films,1594557.0,3117.922260569151,12.0,1414.0
12196,16.0,1594557.0,逆戰 (電影),0.98678719997406,Q931239,Culture.Media.Media*,1594557.0,3117.922260569151,12.0,1414.0
12197,16.0,1594557.0,逆戰 (電影),0.478677677154541,Q931239,Geography.Regions.Asia.Asia*,1594557.0,3117.922260569151,12.0,1414.0
12198,16.0,1594557.0,逆戰 (電影),0.4163126816749573,Q931239,Geography.Regions.Asia.East_Asia,1594557.0,3117.922260569151,12.0,1414.0
12199,2.0,1595539.0,陳維冠,0.9914325475692748,Q15916849,Culture.Biography.Biography*,1595539.0,869.9310788671921,12.0,1167.0
12200,2.0,1595539.0,陳維冠,0.3276783227920532,Q15916849,Culture.Media.Media*,1595539.0,869.9310788671921,12.0,1167.0
12201,2.0,1596291.0,BLOOD-C,0.99593985080719,Q2699816,Culture.Visual_arts.Comics_and_Anime,1596291.0,634.9198706384551,13.0,2516.0
12202,2.0,1596291.0,BLOOD-C,0.994455099105835,Q2699816,Culture.Visual_arts.Visual_arts*,1596291.0,634.9198706384551,13.0,2516.0
12203,2.0,1596291.0,BLOOD-C,0.9919480085372924,Q2699816,Culture.Literature,1596291.0,634.9198706384551,13.0,2516.0
12204,2.0,1596291.0,BLOOD-C,0.3923468291759491,Q2699816,Culture.Media.Media*,1596291.0,634.9198706384551,13.0,2516.0
12205,2.0,1596291.0,BLOOD-C,0.1294127255678177,Q2699816,Culture.Media.Television,1596291.0,634.9198706384551,13.0,2516.0
12206,2.0,1596785.0,宫古海峡,0.9820237755775452,Q795105,Geography.Regions.Asia.East_Asia,1596785.0,0.0,5.0,2591.0
12207,2.0,1596785.0,宫古海峡,0.9659096002578736,Q795105,Geography.Regions.Asia.Asia*,1596785.0,0.0,5.0,2591.0
12208,2.0,1597704.0,高我星,0.99567848443985,Q291446,Culture.Biography.Biography*,1597704.0,3942.0,0.0,2529.0
12209,2.0,1597704.0,高我星,0.4688006341457367,Q291446,Culture.Biography.Women,1597704.0,3942.0,0.0,2529.0
12210,2.0,1597704.0,高我星,0.4209318628311157,Q291446,Geography.Regions.Asia.East_Asia,1597704.0,3942.0,0.0,2529.0
12211,2.0,1597704.0,高我星,0.3730872144699097,Q291446,Geography.Regions.Asia.Asia*,1597704.0,3942.0,0.0,2529.0
12212,9.0,1604195.0,張華峰,0.984585464000702,Q5112099,Culture.Biography.Biography*,1604195.0,1696.3620139047725,3.0,1442.0
12213,9.0,1604195.0,張華峰,0.0,Q5112099,Geography.Regions.Asia.East_Asia,1604195.0,1696.3620139047725,3.0,1442.0
12214,9.0,1604195.0,張華峰,0.0,Q5112099,Geography.Regions.Asia.Asia*,1604195.0,1696.3620139047725,3.0,1442.0
12215,3.0,1604634.0,特洛伊：木馬屠城,0.9937201142311096,Q186587,Culture.Media.Films,1604634.0,3633.480495077877,6.0,2419.0
12216,3.0,1604634.0,特洛伊：木馬屠城,0.9935217499732972,Q186587,Culture.Media.Media*,1604634.0,3633.480495077877,6.0,2419.0
12217,3.0,1604634.0,特洛伊：木馬屠城,0.2509227991104126,Q186587,History_and_Society.Military_and_warfare,1604634.0,3633.480495077877,6.0,2419.0
12218,3.0,1604634.0,特洛伊：木馬屠城,0.10088862478733064,Q186587,Culture.Media.Entertainment,1604634.0,3633.480495077877,6.0,2419.0
12219,3.0,1604634.0,特洛伊：木馬屠城,0.0,Q186587,Geography.Regions.Europe.Europe*,1604634.0,3633.480495077877,6.0,2419.0
12220,3.0,1604634.0,特洛伊：木馬屠城,0.0,Q186587,Geography.Regions.Americas.North_America,1604634.0,3633.480495077877,6.0,2419.0
12221,1.0,1606450.0,小戽斗,1.0000100135803225,Q9129994,Culture.Biography.Biography*,1606450.0,0.0,12.0,4691.0
12222,1.0,1606450.0,小戽斗,0.9987257122993468,Q9129994,History_and_Society.Society,1606450.0,0.0,12.0,4691.0
12223,1.0,1606450.0,小戽斗,0.4886818399429321,Q9129994,Geography.Regions.Asia.East_Asia,1606450.0,0.0,12.0,4691.0
12224,1.0,1606450.0,小戽斗,0.478677677154541,Q9129994,Geography.Regions.Asia.Asia*,1606450.0,0.0,12.0,4691.0
12225,1.0,1608721.0,夜魔俠,0.998876452445984,Q327553,Culture.Literature,1608721.0,0.0,6.0,1989.0
12226,1.0,1608721.0,夜魔俠,0.7826725244522095,Q327553,Culture.Visual_arts.Comics_and_Anime,1608721.0,0.0,6.0,1989.0
12227,1.0,1608721.0,夜魔俠,0.6791887283325195,Q327553,Culture.Visual_arts.Visual_arts*,1608721.0,0.0,6.0,1989.0
12228,1.0,1608721.0,夜魔俠,0.40734341740608215,Q327553,Culture.Media.Media*,1608721.0,0.0,6.0,1989.0
12229,1.0,1608721.0,夜魔俠,0.3775506913661957,Q327553,Culture.Media.Films,1608721.0,0.0,6.0,1989.0
12230,1.0,1608721.0,夜魔俠,0.26285186409950256,Q327553,Culture.Media.Television,1608721.0,0.0,6.0,1989.0
12231,1.0,1608721.0,夜魔俠,0.1968362182378769,Q327553,History_and_Society.Society,1608721.0,0.0,6.0,1989.0
12232,1.0,1608721.0,夜魔俠,0.0,Q327553,Geography.Regions.Americas.North_America,1608721.0,0.0,6.0,1989.0
12233,10.0,1608805.0,李家超,0.9763205647468568,Q9051824,Culture.Biography.Biography*,1608805.0,5330.58017974372,3.0,3411.0
12234,10.0,1608805.0,李家超,0.1067005917429924,Q9051824,History_and_Society.Politics_and_government,1608805.0,5330.58017974372,3.0,3411.0
12235,10.0,1608805.0,李家超,0.04574816131591797,Q9051824,Geography.Regions.Asia.East_Asia,1608805.0,5330.58017974372,3.0,3411.0
12236,10.0,1608805.0,李家超,0.022430347442626952,Q9051824,Geography.Regions.Asia.Asia*,1608805.0,5330.58017974372,3.0,3411.0
12237,1.0,1609016.0,蜀山剑侠传,0.7057950496673584,Q17060239,Culture.Media.Media*,1609016.0,0.0,7.0,2440.0
12238,1.0,1609016.0,蜀山剑侠传,0.6926519870758057,Q17060239,Culture.Media.Books,1609016.0,0.0,7.0,2440.0
12239,1.0,1609016.0,蜀山剑侠传,0.6370407938957214,Q17060239,Culture.Literature,1609016.0,0.0,7.0,2440.0
12240,1.0,1609016.0,蜀山剑侠传,0.0,Q17060239,Geography.Regions.Asia.East_Asia,1609016.0,0.0,7.0,2440.0
12241,1.0,1609016.0,蜀山剑侠传,0.0,Q17060239,Geography.Regions.Asia.Asia*,1609016.0,0.0,7.0,2440.0
12242,2.0,1611572.0,紀麗如,1.0000100135803225,Q15912301,Culture.Biography.Biography*,1611572.0,495.2954555072288,4.0,1382.0
12243,2.0,1611572.0,紀麗如,0.9715740084648132,Q15912301,History_and_Society.Society,1611572.0,495.2954555072288,4.0,1382.0
12244,2.0,1611572.0,紀麗如,0.7371681928634644,Q15912301,Culture.Biography.Women,1611572.0,495.2954555072288,4.0,1382.0
12245,2.0,1611572.0,紀麗如,0.4722507467269898,Q15912301,Geography.Regions.Asia.East_Asia,1611572.0,495.2954555072288,4.0,1382.0
12246,2.0,1611572.0,紀麗如,0.4581643214225769,Q15912301,Geography.Regions.Asia.Asia*,1611572.0,495.2954555072288,4.0,1382.0
12247,8.0,1613351.0,濯足節,0.9344051480293274,Q106333,Culture.Philosophy_and_religion,1613351.0,1.8928571428571428,11.0,2099.0
12248,2.0,1614741.0,徐貴櫻,1.0000100135803225,Q9070714,Culture.Biography.Biography*,1614741.0,1105.3807235582963,4.0,1289.0
12249,2.0,1614741.0,徐貴櫻,0.7606606483459473,Q9070714,Culture.Biography.Women,1614741.0,1105.3807235582963,4.0,1289.0
12250,2.0,1614741.0,徐貴櫻,0.3923194279670715,Q9070714,Geography.Regions.Asia.East_Asia,1614741.0,1105.3807235582963,4.0,1289.0
12251,2.0,1614741.0,徐貴櫻,0.3509628047943115,Q9070714,Geography.Regions.Asia.Asia*,1614741.0,1105.3807235582963,4.0,1289.0
12252,2.0,1614741.0,徐貴櫻,0.15611489117145538,Q9070714,History_and_Society.Society,1614741.0,1105.3807235582963,4.0,1289.0
12253,1.0,1615880.0,海外高层次人才引进计划,0.7981967926025391,Q25345281,History_and_Society.Society,1615880.0,0.0,2.0,4006.0
12254,1.0,1615880.0,海外高层次人才引进计划,0.24809722805023196,Q25345281,Geography.Regions.Asia.East_Asia,1615880.0,0.0,2.0,4006.0
12255,1.0,1615880.0,海外高层次人才引进计划,0.23371636867523196,Q25345281,STEM.STEM*,1615880.0,0.0,2.0,4006.0
12256,1.0,1615880.0,海外高层次人才引进计划,0.06118653917312623,Q25345281,Geography.Regions.Asia.Asia*,1615880.0,0.0,2.0,4006.0
12257,11.0,1616594.0,陪你倒數,0.984585464000702,Q15921032,Culture.Media.Music,1616594.0,216.56982131905102,12.0,955.0
12258,11.0,1616594.0,陪你倒數,0.9399233460426332,Q15921032,Culture.Media.Media*,1616594.0,216.56982131905102,12.0,955.0
12259,11.0,1616594.0,陪你倒數,0.4678661694526672,Q15921032,Geography.Regions.Asia.East_Asia,1616594.0,216.56982131905102,12.0,955.0
12260,11.0,1616594.0,陪你倒數,0.4406641592979431,Q15921032,Geography.Regions.Asia.Asia*,1616594.0,216.56982131905102,12.0,955.0
12261,10.0,1616635.0,陳歐珀,1.0000100135803225,Q8347997,History_and_Society.Society,1616635.0,1820.2714899913128,2.0,2409.0
12262,10.0,1616635.0,陳歐珀,1.0000100135803225,Q8347997,Culture.Biography.Biography*,1616635.0,1820.2714899913128,2.0,2409.0
12263,10.0,1616635.0,陳歐珀,0.4984215965270996,Q8347997,Geography.Regions.Asia.East_Asia,1616635.0,1820.2714899913128,2.0,2409.0
12264,10.0,1616635.0,陳歐珀,0.4960290064811706,Q8347997,Geography.Regions.Asia.Asia*,1616635.0,1820.2714899913128,2.0,2409.0
12265,10.0,1616635.0,陳歐珀,0.10088862478733064,Q8347997,Culture.Biography.Women,1616635.0,1820.2714899913128,2.0,2409.0
12266,11.0,1616910.0,大熱,0.9659096002578736,Q4905814,Culture.Media.Music,1616910.0,216.56982131905102,12.0,1145.0
12267,11.0,1616910.0,大熱,0.9381340146064758,Q4905814,Culture.Media.Media*,1616910.0,216.56982131905102,12.0,1145.0
12268,11.0,1616910.0,大熱,0.3469777574539185,Q4905814,Geography.Regions.Asia.Asia*,1616910.0,216.56982131905102,12.0,1145.0
12269,11.0,1616910.0,大熱,0.3301530351638794,Q4905814,Geography.Regions.Asia.East_Asia,1616910.0,216.56982131905102,12.0,1145.0
12270,2.0,1616944.0,紅 (張國榮專輯),0.994098961353302,Q7303594,Culture.Media.Music,1616944.0,0.0,12.0,1052.0
12271,2.0,1616944.0,紅 (張國榮專輯),0.9841036200523376,Q7303594,Culture.Media.Media*,1616944.0,0.0,12.0,1052.0
12272,2.0,1616944.0,紅 (張國榮專輯),0.4840529432296753,Q7303594,Geography.Regions.Asia.Asia*,1616944.0,0.0,12.0,1052.0
12273,2.0,1616944.0,紅 (張國榮專輯),0.4798859825134277,Q7303594,Geography.Regions.Asia.East_Asia,1616944.0,0.0,12.0,1052.0
12274,2.0,1616944.0,紅 (張國榮專輯),0.10375863313674928,Q7303594,History_and_Society.Society,1616944.0,0.0,12.0,1052.0
12275,29.0,1619726.0,蜘蛛人：驚奇再起,0.99593985080719,Q229808,Culture.Media.Films,1619726.0,23151.13489681024,6.0,3538.0
12276,29.0,1619726.0,蜘蛛人：驚奇再起,0.99567848443985,Q229808,Culture.Media.Media*,1619726.0,23151.13489681024,6.0,3538.0
12277,29.0,1619726.0,蜘蛛人：驚奇再起,0.8221991658210754,Q229808,Culture.Literature,1619726.0,23151.13489681024,6.0,3538.0
12278,29.0,1619726.0,蜘蛛人：驚奇再起,0.6297846436500549,Q229808,Culture.Visual_arts.Comics_and_Anime,1619726.0,23151.13489681024,6.0,3538.0
12279,29.0,1619726.0,蜘蛛人：驚奇再起,0.5156299471855164,Q229808,Culture.Visual_arts.Visual_arts*,1619726.0,23151.13489681024,6.0,3538.0
12280,29.0,1619726.0,蜘蛛人：驚奇再起,0.20182321965694427,Q229808,Culture.Media.Entertainment,1619726.0,23151.13489681024,6.0,3538.0
12281,29.0,1619726.0,蜘蛛人：驚奇再起,0.0,Q229808,Geography.Regions.Americas.North_America,1619726.0,23151.13489681024,6.0,3538.0
12282,1.0,1621218.0,椋名凛,0.9979592561721802,Q8979644,Culture.Biography.Biography*,1621218.0,0.0,12.0,12578.0
12283,1.0,1621218.0,椋名凛,0.4301573634147644,Q8979644,Culture.Biography.Women,1621218.0,0.0,12.0,12578.0
12284,1.0,1621218.0,椋名凛,0.25392501258850103,Q8979644,Geography.Regions.Asia.East_Asia,1621218.0,0.0,12.0,12578.0
12285,1.0,1621218.0,椋名凛,0.2120788097381592,Q8979644,Culture.Visual_arts.Visual_arts*,1621218.0,0.0,12.0,12578.0
12286,1.0,1621218.0,椋名凛,0.21124218606948847,Q8979644,Geography.Regions.Asia.Asia*,1621218.0,0.0,12.0,12578.0
12287,1.0,1621218.0,椋名凛,0.12253321707248688,Q8979644,Culture.Sports,1621218.0,0.0,12.0,12578.0
12288,3.0,1621417.0,G.NA,0.9899964332580566,Q292717,Culture.Biography.Biography*,1621417.0,1548.363435417568,2.0,1610.0
12289,3.0,1621417.0,G.NA,0.6442351341247559,Q292717,Culture.Biography.Women,1621417.0,1548.363435417568,2.0,1610.0
12290,3.0,1621417.0,G.NA,0.3702353835105896,Q292717,Culture.Media.Media*,1621417.0,1548.363435417568,2.0,1610.0
12291,3.0,1621417.0,G.NA,0.3629792034626007,Q292717,Culture.Media.Music,1621417.0,1548.363435417568,2.0,1610.0
12292,3.0,1621417.0,G.NA,0.0,Q292717,Geography.Regions.Asia.Asia*,1621417.0,1548.363435417568,2.0,1610.0
12293,3.0,1621417.0,G.NA,0.0,Q292717,Geography.Regions.Asia.East_Asia,1621417.0,1548.363435417568,2.0,1610.0
12294,3.0,1621417.0,G.NA,0.0,Q292717,Geography.Regions.Americas.North_America,1621417.0,1548.363435417568,2.0,1610.0
12295,6.0,1624569.0,大元 (Popu Lady),1.0000100135803225,Q9293309,Culture.Biography.Biography*,1624569.0,25208.798695260568,4.0,2968.0
12296,6.0,1624569.0,大元 (Popu Lady),0.9825675487518309,Q9293309,History_and_Society.Society,1624569.0,25208.798695260568,4.0,2968.0
12297,6.0,1624569.0,大元 (Popu Lady),0.8267217874526978,Q9293309,Culture.Biography.Women,1624569.0,25208.798695260568,4.0,2968.0
12298,6.0,1624569.0,大元 (Popu Lady),0.4869562258720398,Q9293309,Geography.Regions.Asia.East_Asia,1624569.0,25208.798695260568,4.0,2968.0
12299,6.0,1624569.0,大元 (Popu Lady),0.4798859825134277,Q9293309,Geography.Regions.Asia.Asia*,1624569.0,25208.798695260568,4.0,2968.0
12300,6.0,1624569.0,大元 (Popu Lady),0.2509227991104126,Q9293309,Culture.Media.Music,1624569.0,25208.798695260568,4.0,2968.0
12301,6.0,1624569.0,大元 (Popu Lady),0.24509501457214355,Q9293309,Culture.Media.Media*,1624569.0,25208.798695260568,4.0,2968.0
12302,1.0,1625640.0,島崎遙香,0.98678719997406,Q169400,Culture.Biography.Biography*,1625640.0,0.0,13.0,2244.0
12303,1.0,1625640.0,島崎遙香,0.7931159734725952,Q169400,Culture.Biography.Women,1625640.0,0.0,13.0,2244.0
12304,1.0,1625640.0,島崎遙香,0.40093068981170654,Q169400,Geography.Regions.Asia.East_Asia,1625640.0,0.0,13.0,2244.0
12305,1.0,1625640.0,島崎遙香,0.3862146010398865,Q169400,Geography.Regions.Asia.Asia*,1625640.0,0.0,13.0,2244.0
12306,13.0,1630193.0,猿人爭霸戰：猩凶革命,0.9965265989303588,Q243983,Culture.Media.Media*,1630193.0,20758.776924039452,6.0,4012.0
12307,13.0,1630193.0,猿人爭霸戰：猩凶革命,0.9955416321754456,Q243983,Culture.Media.Films,1630193.0,20758.776924039452,6.0,4012.0
12308,13.0,1630193.0,猿人爭霸戰：猩凶革命,0.40734341740608215,Q243983,Culture.Media.Entertainment,1630193.0,20758.776924039452,6.0,4012.0
12309,13.0,1630193.0,猿人爭霸戰：猩凶革命,0.1713417043685913,Q243983,Geography.Regions.Americas.North_America,1630193.0,20758.776924039452,6.0,4012.0
12310,13.0,1630193.0,猿人爭霸戰：猩凶革命,0.14805719256401062,Q243983,Culture.Literature,1630193.0,20758.776924039452,6.0,4012.0
12311,2.0,1632349.0,王盛德,1.0000100135803225,Q958353,Culture.Biography.Biography*,1632349.0,501.9630685031031,12.0,1652.0
12312,2.0,1632349.0,王盛德,0.275139719247818,Q958353,Culture.Sports,1632349.0,501.9630685031031,12.0,1652.0
12313,2.0,1632349.0,王盛德,0.1067005917429924,Q958353,Culture.Media.Media*,1632349.0,501.9630685031031,12.0,1652.0
12314,2.0,1632349.0,王盛德,0.06886266374588013,Q958353,Geography.Regions.Americas.North_America,1632349.0,501.9630685031031,12.0,1652.0
12315,2.0,1632349.0,王盛德,0.0,Q958353,Geography.Regions.Asia.Asia*,1632349.0,501.9630685031031,12.0,1652.0
12316,2.0,1632349.0,王盛德,0.0,Q958353,Geography.Regions.Asia.East_Asia,1632349.0,501.9630685031031,12.0,1652.0
12317,4.0,1632514.0,余函彌,1.0000100135803225,Q9078922,Culture.Biography.Biography*,1632514.0,10578.56891839376,2.0,2218.0
12318,4.0,1632514.0,余函彌,0.996185541152954,Q9078922,History_and_Society.Society,1632514.0,10578.56891839376,2.0,2218.0
12319,4.0,1632514.0,余函彌,0.4936250915527344,Q9078922,Geography.Regions.Asia.East_Asia,1632514.0,10578.56891839376,2.0,2218.0
12320,4.0,1632514.0,余函彌,0.4849463572502136,Q9078922,Geography.Regions.Asia.Asia*,1632514.0,10578.56891839376,2.0,2218.0
12321,4.0,1632514.0,余函彌,0.3629792034626007,Q9078922,Culture.Biography.Women,1632514.0,10578.56891839376,2.0,2218.0
12322,1.0,1632584.0,What Really Matters,0.9553291201591492,Q10853298,Culture.Media.Media*,1632584.0,0.0,12.0,433.0
12323,1.0,1632584.0,What Really Matters,0.9344051480293274,Q10853298,Culture.Media.Music,1632584.0,0.0,12.0,433.0
12324,3.0,1634158.0,翻滾吧！阿信,0.992888569831848,Q15905385,Culture.Media.Films,1634158.0,11272.072075670716,12.0,2175.0
12325,3.0,1634158.0,翻滾吧！阿信,0.9808859825134276,Q15905385,Culture.Sports,1634158.0,11272.072075670716,12.0,2175.0
12326,3.0,1634158.0,翻滾吧！阿信,0.9591643214225768,Q15905385,Culture.Media.Media*,1634158.0,11272.072075670716,12.0,2175.0
12327,3.0,1634158.0,翻滾吧！阿信,0.7186043858528137,Q15905385,Culture.Biography.Biography*,1634158.0,11272.072075670716,12.0,2175.0
12328,3.0,1634158.0,翻滾吧！阿信,0.4820951094627381,Q15905385,Geography.Regions.Asia.Asia*,1634158.0,11272.072075670716,12.0,2175.0
12329,3.0,1634158.0,翻滾吧！阿信,0.4792908897399902,Q15905385,Geography.Regions.Asia.East_Asia,1634158.0,11272.072075670716,12.0,2175.0
12330,3.0,1634158.0,翻滾吧！阿信,0.14805719256401062,Q15905385,History_and_Society.Society,1634158.0,11272.072075670716,12.0,2175.0
12331,1.0,1634447.0,謝哲青,1.0000100135803225,Q8044384,Culture.Biography.Biography*,1634447.0,0.0,4.0,3246.0
12332,1.0,1634447.0,謝哲青,0.9755869507789612,Q8044384,History_and_Society.Society,1634447.0,0.0,4.0,3246.0
12333,1.0,1634447.0,謝哲青,0.4929124584197998,Q8044384,Geography.Regions.Asia.East_Asia,1634447.0,0.0,4.0,3246.0
12334,1.0,1634447.0,謝哲青,0.4873227348327637,Q8044384,Geography.Regions.Asia.Asia*,1634447.0,0.0,4.0,3246.0
12335,6.0,1634819.0,康茵茵,1.0000100135803225,Q8980089,Culture.Biography.Biography*,1634819.0,8547.36231858948,4.0,2121.0
12336,6.0,1634819.0,康茵茵,0.7773098945617676,Q8980089,History_and_Society.Society,1634819.0,8547.36231858948,4.0,2121.0
12337,6.0,1634819.0,康茵茵,0.4455395638942719,Q8980089,Culture.Biography.Women,1634819.0,8547.36231858948,4.0,2121.0
12338,6.0,1634819.0,康茵茵,0.3981314172744751,Q8980089,Geography.Regions.Asia.East_Asia,1634819.0,8547.36231858948,4.0,2121.0
12339,6.0,1634819.0,康茵茵,0.3696072568893433,Q8980089,Geography.Regions.Asia.Asia*,1634819.0,8547.36231858948,4.0,2121.0
12340,9.0,1635645.0,不可能的任務：鬼影行動,0.990301549434662,Q628154,Culture.Media.Media*,1635645.0,7519.512133316617,6.0,1949.0
12341,9.0,1635645.0,不可能的任務：鬼影行動,0.9863731861114502,Q628154,Culture.Media.Films,1635645.0,7519.512133316617,6.0,1949.0
12342,9.0,1635645.0,不可能的任務：鬼影行動,0.12253321707248688,Q628154,Culture.Media.Entertainment,1635645.0,7519.512133316617,6.0,1949.0
12343,9.0,1635645.0,不可能的任務：鬼影行動,0.0,Q628154,Geography.Regions.Americas.North_America,1635645.0,7519.512133316617,6.0,1949.0
12344,1.0,1638350.0,睡城,0.11597072333097458,Q828359,History_and_Society.Society,1638350.0,0.0,10.0,867.0
12345,13.0,1638764.0,Salute,0.9579222798347472,Q10852492,Culture.Media.Music,1638764.0,5481.37009817641,12.0,771.0
12346,13.0,1638764.0,Salute,0.9124462008476256,Q10852492,Culture.Media.Media*,1638764.0,5481.37009817641,12.0,771.0
12347,13.0,1638764.0,Salute,0.4942548146247864,Q10852492,Geography.Regions.Asia.East_Asia,1638764.0,5481.37009817641,12.0,771.0
12348,13.0,1638764.0,Salute,0.4927201142311096,Q10852492,Geography.Regions.Asia.Asia*,1638764.0,5481.37009817641,12.0,771.0
12349,2.0,1638825.0,Final Encounter,0.9626831412315368,Q5449380,Culture.Media.Music,1638825.0,0.0,12.0,870.0
12350,2.0,1638825.0,Final Encounter,0.9241518378257751,Q5449380,Culture.Media.Media*,1638825.0,0.0,12.0,870.0
12351,2.0,1638825.0,Final Encounter,0.4835854640007019,Q5449380,Geography.Regions.Asia.East_Asia,1638825.0,0.0,12.0,870.0
12352,2.0,1638825.0,Final Encounter,0.4753205647468567,Q5449380,Geography.Regions.Asia.Asia*,1638825.0,0.0,12.0,870.0
12353,11.0,1639313.0,Leslie側面,0.9099169969558716,Q6530576,Culture.Media.Music,1639313.0,216.56982131905102,12.0,949.0
12354,11.0,1639313.0,Leslie側面,0.8596737384796143,Q6530576,Culture.Media.Media*,1639313.0,216.56982131905102,12.0,949.0
12355,11.0,1639313.0,Leslie側面,0.4352950325012207,Q6530576,Geography.Regions.Asia.East_Asia,1639313.0,216.56982131905102,12.0,949.0
12356,11.0,1639313.0,Leslie側面,0.4231518378257752,Q6530576,Geography.Regions.Asia.Asia*,1639313.0,216.56982131905102,12.0,949.0
12357,11.0,1639340.0,Leslie,0.9899964332580566,Q10851414,Culture.Media.Music,1639340.0,216.56982131905102,12.0,1096.0
12358,11.0,1639340.0,Leslie,0.9732507467269896,Q10851414,Culture.Media.Media*,1639340.0,216.56982131905102,12.0,1096.0
12359,11.0,1639340.0,Leslie,0.04574816131591797,Q10851414,Geography.Regions.Asia.Asia*,1639340.0,216.56982131905102,12.0,1096.0
12360,11.0,1639340.0,Leslie,0.0,Q10851414,Geography.Regions.Asia.East_Asia,1639340.0,216.56982131905102,12.0,1096.0
12361,11.0,1639906.0,為你鍾情 (張國榮專輯),0.99219411611557,Q15932350,Culture.Media.Music,1639906.0,216.56982131905102,12.0,1011.0
12362,11.0,1639906.0,為你鍾情 (張國榮專輯),0.9875783920288086,Q15932350,Culture.Media.Media*,1639906.0,216.56982131905102,12.0,1011.0
12363,11.0,1639906.0,為你鍾情 (張國榮專輯),0.0,Q15932350,Geography.Regions.Asia.Asia*,1639906.0,216.56982131905102,12.0,1011.0
12364,4.0,1640746.0,天堂执法者,0.951152205467224,Q728443,Culture.Media.Media*,1640746.0,2323.297555273205,8.0,4256.0
12365,4.0,1640746.0,天堂执法者,0.6001983880996704,Q728443,Culture.Media.Films,1640746.0,2323.297555273205,8.0,4256.0
12366,4.0,1640746.0,天堂执法者,0.5312193632125854,Q728443,Culture.Media.Television,1640746.0,2323.297555273205,8.0,4256.0
12367,4.0,1640746.0,天堂执法者,0.13297423720359802,Q728443,Culture.Media.Entertainment,1640746.0,2323.297555273205,8.0,4256.0
12368,4.0,1640746.0,天堂执法者,0.0,Q728443,Geography.Regions.Americas.North_America,1640746.0,2323.297555273205,8.0,4256.0
12369,4.0,1640746.0,天堂执法者,0.0,Q728443,Geography.Regions.Europe.Europe*,1640746.0,2323.297555273205,8.0,4256.0
12370,3.0,1640816.0,李俊俋,1.0000100135803225,Q8347574,History_and_Society.Society,1640816.0,258.790771066026,2.0,1055.0
12371,3.0,1640816.0,李俊俋,1.0000100135803225,Q8347574,Culture.Biography.Biography*,1640816.0,258.790771066026,2.0,1055.0
12372,3.0,1640816.0,李俊俋,0.4962950220108032,Q8347574,Geography.Regions.Asia.East_Asia,1640816.0,258.790771066026,2.0,1055.0
12373,3.0,1640816.0,李俊俋,0.4869562258720398,Q8347574,Geography.Regions.Asia.Asia*,1640816.0,258.790771066026,2.0,1055.0
12374,1.0,1640902.0,傻酷,0.348655104637146,Q15903122,Culture.Media.Music,1640902.0,0.0,4.0,874.0
12375,1.0,1640902.0,傻酷,0.33459946513175964,Q15903122,Culture.Media.Media*,1640902.0,0.0,4.0,874.0
12376,1.0,1640902.0,傻酷,0.320831298828125,Q15903122,Culture.Biography.Biography*,1640902.0,0.0,4.0,874.0
12377,1.0,1640902.0,傻酷,0.0,Q15903122,Geography.Regions.Europe.Europe*,1640902.0,0.0,4.0,874.0
12378,1.0,1640902.0,傻酷,0.0,Q15903122,Geography.Regions.Europe.Eastern_Europe,1640902.0,0.0,4.0,874.0
12379,1.0,1640902.0,傻酷,0.0,Q15903122,Geography.Regions.Asia.Asia*,1640902.0,0.0,4.0,874.0
12380,1.0,1642092.0,異度空間,0.9796776771545409,Q13638153,Culture.Media.Media*,1642092.0,0.0,12.0,3358.0
12381,1.0,1642092.0,異度空間,0.967909336090088,Q13638153,Culture.Media.Films,1642092.0,0.0,12.0,3358.0
12382,1.0,1642092.0,異度空間,0.4406641592979431,Q13638153,Geography.Regions.Asia.East_Asia,1642092.0,0.0,12.0,3358.0
12383,1.0,1642092.0,異度空間,0.3862146010398865,Q13638153,Geography.Regions.Asia.Asia*,1642092.0,0.0,12.0,3358.0
12384,5.0,1642897.0,星月童話,0.9688661694526672,Q6907840,Culture.Media.Media*,1642897.0,6265.568152806654,12.0,1589.0
12385,5.0,1642897.0,星月童話,0.967909336090088,Q6907840,Culture.Media.Films,1642897.0,6265.568152806654,12.0,1589.0
12386,5.0,1642897.0,星月童話,0.4616831412315369,Q6907840,Geography.Regions.Asia.Asia*,1642897.0,6265.568152806654,12.0,1589.0
12387,5.0,1642897.0,星月童話,0.4556442370414734,Q6907840,Geography.Regions.Asia.East_Asia,1642897.0,6265.568152806654,12.0,1589.0
12388,1.0,1645530.0,林依錡,0.9986429810523988,Q8265701,Culture.Biography.Biography*,1645530.0,0.0,12.0,2883.0
12389,1.0,1645530.0,林依錡,0.4765896201133728,Q8265701,Culture.Biography.Women,1645530.0,0.0,12.0,2883.0
12390,1.0,1645530.0,林依錡,0.12878464365005493,Q8265701,Geography.Regions.Asia.Asia*,1645530.0,0.0,12.0,2883.0
12391,1.0,1645530.0,林依錡,0.0,Q8265701,Geography.Regions.Asia.East_Asia,1645530.0,0.0,12.0,2883.0
12392,4.0,1645659.0,美國太平洋艦隊,0.984585464000702,Q494920,History_and_Society.Military_and_warfare,1645659.0,3428.571704935933,5.0,3133.0
12393,4.0,1645659.0,美國太平洋艦隊,0.18714269995689392,Q494920,History_and_Society.Transportation,1645659.0,3428.571704935933,5.0,3133.0
12394,4.0,1645659.0,美國太平洋艦隊,0.0,Q494920,Geography.Regions.Americas.North_America,1645659.0,3428.571704935933,5.0,3133.0
12395,4.0,1645659.0,美國太平洋艦隊,0.0,Q494920,Geography.Regions.Asia.Asia*,1645659.0,3428.571704935933,5.0,3133.0
12396,10.0,1647490.0,金枝玉葉2,0.974052667617798,Q7997122,Culture.Media.Films,1647490.0,10415.214869476065,12.0,17453.0
12397,10.0,1647490.0,金枝玉葉2,0.9697954058647156,Q7997122,Culture.Media.Media*,1647490.0,10415.214869476065,12.0,17453.0
12398,10.0,1647490.0,金枝玉葉2,0.4895974268913269,Q7997122,Geography.Regions.Asia.East_Asia,1647490.0,10415.214869476065,12.0,17453.0
12399,10.0,1647490.0,金枝玉葉2,0.4722507467269898,Q7997122,Geography.Regions.Asia.Asia*,1647490.0,10415.214869476065,12.0,17453.0
12400,10.0,1647490.0,金枝玉葉2,0.23371636867523196,Q7997122,History_and_Society.Society,1647490.0,10415.214869476065,12.0,17453.0
12401,1.0,1650583.0,知英,0.9886782765388488,Q495009,Culture.Biography.Biography*,1650583.0,0.0,13.0,1819.0
12402,1.0,1650583.0,知英,0.6370407938957214,Q495009,Culture.Biography.Women,1650583.0,0.0,13.0,1819.0
12403,1.0,1650583.0,知英,0.4873227348327637,Q495009,Geography.Regions.Asia.East_Asia,1650583.0,0.0,13.0,1819.0
12404,1.0,1650583.0,知英,0.4696977605819702,Q495009,Geography.Regions.Asia.Asia*,1650583.0,0.0,13.0,1819.0
12405,1.0,1650583.0,知英,0.16886694729328156,Q495009,Culture.Media.Media*,1650583.0,0.0,13.0,1819.0
12406,1.0,1650583.0,知英,0.1294127255678177,Q495009,Culture.Media.Music,1650583.0,0.0,13.0,1819.0
12407,11.0,1650987.0,夏宝龙,0.9954004287719728,Q2516786,Culture.Biography.Biography*,1650987.0,1727.2333000205435,3.0,2121.0
12408,11.0,1650987.0,夏宝龙,0.4231518378257752,Q2516786,Geography.Regions.Asia.East_Asia,1650987.0,1727.2333000205435,3.0,2121.0
12409,11.0,1650987.0,夏宝龙,0.3730872144699097,Q2516786,Geography.Regions.Asia.Asia*,1650987.0,1727.2333000205435,3.0,2121.0
12410,11.0,1650987.0,夏宝龙,0.1259327530860901,Q2516786,History_and_Society.Politics_and_government,1650987.0,1727.2333000205435,3.0,2121.0
12411,1.0,1653032.0,陳以誠,0.9553291201591492,Q9182534,Culture.Biography.Biography*,1653032.0,0.0,12.0,989.0
12412,1.0,1653032.0,陳以誠,0.2814156115055084,Q9182534,Culture.Media.Music,1653032.0,0.0,12.0,989.0
12413,1.0,1653032.0,陳以誠,0.23616819286346435,Q9182534,Geography.Regions.Asia.Asia*,1653032.0,0.0,12.0,989.0
12414,1.0,1653032.0,陳以誠,0.15036486291885376,Q9182534,Geography.Regions.Asia.East_Asia,1653032.0,0.0,12.0,989.0
12415,1.0,1653879.0,瑪麗·包萍,0.9978272914886476,Q858705,Culture.Literature,1653879.0,0.0,6.0,611.0
12416,1.0,1653879.0,瑪麗·包萍,0.9863731861114502,Q858705,Culture.Media.Media*,1653879.0,0.0,6.0,611.0
12417,1.0,1653879.0,瑪麗·包萍,0.9783946871757508,Q858705,Culture.Media.Books,1653879.0,0.0,6.0,611.0
12418,2.0,1653884.0,歡樂滿人間 (電影),0.9939124584197998,Q209170,Culture.Media.Films,1653884.0,477.69706859581487,6.0,2436.0
12419,2.0,1653884.0,歡樂滿人間 (電影),0.9899964332580566,Q209170,Culture.Media.Media*,1653884.0,477.69706859581487,6.0,2436.0
12420,2.0,1653884.0,歡樂滿人間 (電影),0.23371636867523196,Q209170,Culture.Media.Entertainment,1653884.0,477.69706859581487,6.0,2436.0
12421,2.0,1653884.0,歡樂滿人間 (電影),0.16027602553367615,Q209170,Culture.Literature,1653884.0,477.69706859581487,6.0,2436.0
12422,2.0,1653884.0,歡樂滿人間 (電影),0.09167657995224,Q209170,Geography.Regions.Americas.North_America,1653884.0,477.69706859581487,6.0,2436.0
12423,19.0,1658818.0,生化危机：诅咒,0.9937201142311096,Q150044,Culture.Media.Media*,1658818.0,34457.42715213867,9.0,2782.0
12424,19.0,1658818.0,生化危机：诅咒,0.9748311638832092,Q150044,Culture.Media.Films,1658818.0,34457.42715213867,9.0,2782.0
12425,19.0,1658818.0,生化危机：诅咒,0.2393593490123749,Q150044,Culture.Literature,1658818.0,34457.42715213867,9.0,2782.0
12426,19.0,1658818.0,生化危机：诅咒,0.1968362182378769,Q150044,Culture.Visual_arts.Comics_and_Anime,1658818.0,34457.42715213867,9.0,2782.0
12427,19.0,1658818.0,生化危机：诅咒,0.16886694729328156,Q150044,Culture.Visual_arts.Visual_arts*,1658818.0,34457.42715213867,9.0,2782.0
12428,19.0,1658818.0,生化危机：诅咒,0.1067005917429924,Q150044,Culture.Media.Entertainment,1658818.0,34457.42715213867,9.0,2782.0
12429,6.0,1658912.0,聽風者,0.9916942119598388,Q14476570,Culture.Media.Films,1658912.0,19948.52852062498,12.0,1433.0
12430,6.0,1658912.0,聽風者,0.9814634323120116,Q14476570,Culture.Media.Media*,1658912.0,19948.52852062498,12.0,1433.0
12431,6.0,1658912.0,聽風者,0.4876782765388489,Q14476570,Geography.Regions.Asia.East_Asia,1658912.0,19948.52852062498,12.0,1433.0
12432,6.0,1658912.0,聽風者,0.4798859825134277,Q14476570,Geography.Regions.Asia.Asia*,1658912.0,19948.52852062498,12.0,1433.0
12433,12.0,1660505.0,克里斯托弗·瓦尔兹,0.998599648475647,Q76819,Culture.Biography.Biography*,1660505.0,14092.857195274102,6.0,1659.0
12434,12.0,1660505.0,克里斯托弗·瓦尔兹,0.1520422399044037,Q76819,Culture.Performing_arts,1660505.0,14092.857195274102,6.0,1659.0
12435,12.0,1660505.0,克里斯托弗·瓦尔兹,0.0,Q76819,Geography.Regions.Europe.Europe*,1660505.0,14092.857195274102,6.0,1659.0
12436,12.0,1660505.0,克里斯托弗·瓦尔兹,0.0,Q76819,Geography.Regions.Americas.North_America,1660505.0,14092.857195274102,6.0,1659.0
12437,12.0,1660505.0,克里斯托弗·瓦尔兹,0.0,Q76819,Geography.Regions.Europe.Western_Europe,1660505.0,14092.857195274102,6.0,1659.0
12438,2.0,1660584.0,鄧忍光,0.9836069941520692,Q9356027,Culture.Biography.Biography*,1660584.0,7882.0,3.0,2211.0
12439,2.0,1660584.0,鄧忍光,0.21760438585281366,Q9356027,Geography.Regions.Asia.East_Asia,1660584.0,7882.0,3.0,2211.0
12440,2.0,1660584.0,鄧忍光,0.12146936559677125,Q9356027,Geography.Regions.Asia.Asia*,1660584.0,7882.0,3.0,2211.0
12441,3.0,1661658.0,何華超,0.9996530413627625,Q9105540,Culture.Biography.Biography*,1661658.0,292.62170438507815,13.0,1393.0
12442,3.0,1661658.0,何華超,0.3696072568893433,Q9105540,Geography.Regions.Asia.East_Asia,1661658.0,292.62170438507815,13.0,1393.0
12443,3.0,1661658.0,何華超,0.29719679260253906,Q9105540,Geography.Regions.Asia.Asia*,1661658.0,292.62170438507815,13.0,1393.0
12444,3.0,1661658.0,何華超,0.1259327530860901,Q9105540,Culture.Media.Music,1661658.0,292.62170438507815,13.0,1393.0
12445,3.0,1661658.0,何華超,0.10375863313674928,Q9105540,Culture.Media.Media*,1661658.0,292.62170438507815,13.0,1393.0
12446,1.0,1667406.0,變態王子與不笑貓,1.0000100135803225,Q492884,Culture.Visual_arts.Comics_and_Anime,1667406.0,0.0,13.0,2375.0
12447,1.0,1667406.0,變態王子與不笑貓,1.0000100135803225,Q492884,Culture.Literature,1667406.0,0.0,13.0,2375.0
12448,1.0,1667406.0,變態王子與不笑貓,1.0000100135803225,Q492884,Culture.Visual_arts.Visual_arts*,1667406.0,0.0,13.0,2375.0
12449,6.0,1667433.0,IPhone 5,0.990301549434662,Q61504,STEM.STEM*,1667433.0,0.0,17.0,2376.0
12450,6.0,1667433.0,IPhone 5,0.9715740084648132,Q61504,STEM.Technology,1667433.0,0.0,17.0,2376.0
12451,6.0,1667433.0,IPhone 5,0.7826725244522095,Q61504,Culture.Media.Software,1667433.0,0.0,17.0,2376.0
12452,6.0,1667433.0,IPhone 5,0.6859594583511353,Q61504,Culture.Media.Media*,1667433.0,0.0,17.0,2376.0
12453,6.0,1667433.0,IPhone 5,0.6076731681823729,Q61504,STEM.Computing,1667433.0,0.0,17.0,2376.0
12454,6.0,1667433.0,IPhone 5,0.1968362182378769,Q61504,History_and_Society.Business_and_economics,1667433.0,0.0,17.0,2376.0
12455,6.0,1669098.0,HKT48,0.6584275364875793,Q47925,Culture.Media.Media*,1669098.0,16863.443327242334,13.0,3000.0
12456,6.0,1669098.0,HKT48,0.59267657995224,Q47925,Culture.Biography.Biography*,1669098.0,16863.443327242334,13.0,3000.0
12457,6.0,1669098.0,HKT48,0.5621865391731262,Q47925,Culture.Media.Music,1669098.0,16863.443327242334,13.0,3000.0
12458,6.0,1669098.0,HKT48,0.3509628047943115,Q47925,Geography.Regions.Asia.East_Asia,1669098.0,16863.443327242334,13.0,3000.0
12459,6.0,1669098.0,HKT48,0.3301530351638794,Q47925,Geography.Regions.Asia.Asia*,1669098.0,16863.443327242334,13.0,3000.0
12460,6.0,1669098.0,HKT48,0.3073680400848389,Q47925,Culture.Biography.Women,1669098.0,16863.443327242334,13.0,3000.0
12461,1.0,1671550.0,章家瑄,0.9963027834892272,Q9322464,Culture.Biography.Biography*,1671550.0,0.0,4.0,1614.0
12462,1.0,1671550.0,章家瑄,0.7310686111450195,Q9322464,Culture.Biography.Women,1671550.0,0.0,4.0,1614.0
12463,1.0,1671550.0,章家瑄,0.24809722805023196,Q9322464,Geography.Regions.Asia.East_Asia,1671550.0,0.0,4.0,1614.0
12464,1.0,1671550.0,章家瑄,0.08411114120483397,Q9322464,Geography.Regions.Asia.Asia*,1671550.0,0.0,4.0,1614.0
12465,3.0,1673544.0,铁甲钢拳,0.9952548146247864,Q261759,Culture.Media.Media*,1673544.0,1089.536060953246,6.0,3669.0
12466,3.0,1673544.0,铁甲钢拳,0.9951046109199524,Q261759,Culture.Media.Films,1673544.0,1089.536060953246,6.0,3669.0
12467,3.0,1673544.0,铁甲钢拳,0.12253321707248688,Q261759,Culture.Media.Entertainment,1673544.0,1089.536060953246,6.0,3669.0
12468,3.0,1673544.0,铁甲钢拳,0.0,Q261759,Geography.Regions.Americas.North_America,1673544.0,1089.536060953246,6.0,3669.0
12469,1.0,1677832.0,趙昕 (宋朝),0.9890230894088744,Q16075316,Culture.Biography.Biography*,1677832.0,0.0,7.0,2476.0
12470,1.0,1677832.0,趙昕 (宋朝),0.3301530351638794,Q16075316,Geography.Regions.Asia.East_Asia,1677832.0,0.0,7.0,2476.0
12471,1.0,1677832.0,趙昕 (宋朝),0.30218379402160644,Q16075316,Geography.Regions.Asia.Asia*,1677832.0,0.0,7.0,2476.0
12472,1.0,1677832.0,趙昕 (宋朝),0.20182321965694427,Q16075316,History_and_Society.History,1677832.0,0.0,7.0,2476.0
12473,3.0,1680145.0,医疗船,0.8903042674064636,Q15888,History_and_Society.Transportation,1680145.0,1032.8038035892378,11.0,4581.0
12474,3.0,1680145.0,医疗船,0.546748161315918,Q15888,History_and_Society.Military_and_warfare,1680145.0,1032.8038035892378,11.0,4581.0
12475,3.0,1680145.0,医疗船,0.15611489117145538,Q15888,STEM.STEM*,1680145.0,1032.8038035892378,11.0,4581.0
12476,4.0,1681005.0,施義芳,0.9991540908813475,Q8350171,Culture.Biography.Biography*,1681005.0,333.7248413277249,2.0,7912.0
12477,4.0,1681005.0,施義芳,0.99567848443985,Q8350171,History_and_Society.Society,1681005.0,333.7248413277249,2.0,7912.0
12478,4.0,1681005.0,施義芳,0.492317186832428,Q8350171,Geography.Regions.Asia.East_Asia,1681005.0,333.7248413277249,2.0,7912.0
12479,4.0,1681005.0,施義芳,0.4849463572502136,Q8350171,Geography.Regions.Asia.Asia*,1681005.0,333.7248413277249,2.0,7912.0
12480,2.0,1684821.0,楚楚可憐超能少女組角色列表,1.0,Q2412770,Compilation.List_Disambig,1684821.0,3942.0,13.0,2820.0
12481,2.0,1684821.0,楚楚可憐超能少女組角色列表,0.9808859825134276,Q2412770,Culture.Literature,1684821.0,3942.0,13.0,2820.0
12482,2.0,1684821.0,楚楚可憐超能少女組角色列表,0.59267657995224,Q2412770,Culture.Media.Media*,1684821.0,3942.0,13.0,2820.0
12483,2.0,1684821.0,楚楚可憐超能少女組角色列表,0.3775506913661957,Q2412770,Culture.Media.Television,1684821.0,3942.0,13.0,2820.0
12484,2.0,1684821.0,楚楚可憐超能少女組角色列表,0.3629792034626007,Q2412770,Culture.Visual_arts.Comics_and_Anime,1684821.0,3942.0,13.0,2820.0
12485,2.0,1684821.0,楚楚可憐超能少女組角色列表,0.3557848632335663,Q2412770,Culture.Visual_arts.Visual_arts*,1684821.0,3942.0,13.0,2820.0
12486,2.0,1684821.0,楚楚可憐超能少女組角色列表,0.20182321965694427,Q2412770,Culture.Media.Entertainment,1684821.0,3942.0,13.0,2820.0
12487,25.0,1685295.0,生化危机：惩罚,0.9942797422409058,Q83542,Culture.Media.Media*,1685295.0,22376.098784059228,9.0,3258.0
12488,25.0,1685295.0,生化危机：惩罚,0.9899964332580566,Q83542,Culture.Media.Films,1685295.0,22376.098784059228,9.0,3258.0
12489,25.0,1685295.0,生化危机：惩罚,0.5621865391731262,Q83542,Culture.Media.Entertainment,1685295.0,22376.098784059228,9.0,3258.0
12490,25.0,1685295.0,生化危机：惩罚,0.11597072333097458,Q83542,Culture.Internet_culture,1685295.0,22376.098784059228,9.0,3258.0
12491,25.0,1685295.0,生化危机：惩罚,0.0,Q83542,Geography.Regions.Americas.North_America,1685295.0,22376.098784059228,9.0,3258.0
12492,3.0,1694891.0,家政婦三田,0.9496793746948242,Q869232,Culture.Media.Television,1694891.0,60.74550292905377,13.0,2000.0
12493,3.0,1694891.0,家政婦三田,0.8519628047943115,Q869232,Culture.Media.Media*,1694891.0,60.74550292905377,13.0,2000.0
12494,3.0,1694891.0,家政婦三田,0.3981314172744751,Q869232,Geography.Regions.Asia.Asia*,1694891.0,60.74550292905377,13.0,2000.0
12495,3.0,1694891.0,家政婦三田,0.3165845146179199,Q869232,Geography.Regions.Asia.East_Asia,1694891.0,60.74550292905377,13.0,2000.0
12496,3.0,1694891.0,家政婦三田,0.1067005917429924,Q869232,Culture.Literature,1694891.0,60.74550292905377,13.0,2000.0
12497,9.0,1695005.0,洲際酒店集團,0.8670457601547241,Q1424962,History_and_Society.Business_and_economics,1695005.0,15098.983600142548,10.0,4333.0
12498,9.0,1695005.0,洲際酒店集團,0.12253321707248688,Q1424962,Culture.Food_and_drink,1695005.0,15098.983600142548,10.0,4333.0
12499,9.0,1695005.0,洲際酒店集團,0.11280541121959685,Q1424962,STEM.STEM*,1695005.0,15098.983600142548,10.0,4333.0
12500,9.0,1695005.0,洲際酒店集團,0.0,Q1424962,Geography.Regions.Europe.Europe*,1695005.0,15098.983600142548,10.0,4333.0
12501,9.0,1695005.0,洲際酒店集團,0.0,Q1424962,Geography.Regions.Europe.Northern_Europe,1695005.0,15098.983600142548,10.0,4333.0
12502,9.0,1695005.0,洲際酒店集團,0.0,Q1424962,Geography.Regions.Americas.North_America,1695005.0,15098.983600142548,10.0,4333.0
12503,9.0,1695005.0,洲際酒店集團,0.0,Q1424962,Geography.Regions.Asia.Asia*,1695005.0,15098.983600142548,10.0,4333.0
12504,15.0,1695293.0,新界東選區,0.8670457601547241,Q11083612,History_and_Society.Politics_and_government,1695293.0,3101.943559753988,3.0,1659.0
12505,15.0,1695293.0,新界東選區,0.495837317943573,Q11083612,Geography.Regions.Asia.East_Asia,1695293.0,3101.943559753988,3.0,1659.0
12506,15.0,1695293.0,新界東選區,0.4738311638832092,Q11083612,Geography.Regions.Asia.Asia*,1695293.0,3101.943559753988,3.0,1659.0
12507,15.0,1695293.0,新界東選區,0.1067005917429924,Q11083612,STEM.STEM*,1695293.0,3101.943559753988,3.0,1659.0
12508,6.0,1696570.0,冰原歷險記4：板塊漂移,0.9825675487518309,Q35951,Culture.Media.Media*,1696570.0,23175.60798568826,6.0,1190.0
12509,6.0,1696570.0,冰原歷險記4：板塊漂移,0.966924011707306,Q35951,Culture.Media.Films,1696570.0,23175.60798568826,6.0,1190.0
12510,6.0,1696570.0,冰原歷險記4：板塊漂移,0.1097157895565033,Q35951,Culture.Media.Entertainment,1696570.0,23175.60798568826,6.0,1190.0
12511,6.0,1696570.0,冰原歷險記4：板塊漂移,0.0,Q35951,Geography.Regions.Americas.North_America,1696570.0,23175.60798568826,6.0,1190.0
12512,3.0,1697509.0,奧利維亞·魏爾德,0.997758150100708,Q200355,Culture.Biography.Biography*,1697509.0,2844.4245947574555,6.0,1589.0
12513,3.0,1697509.0,奧利維亞·魏爾德,0.7122421860694885,Q200355,Culture.Biography.Women,1697509.0,2844.4245947574555,6.0,1589.0
12514,3.0,1697509.0,奧利維亞·魏爾德,0.2227101624011993,Q200355,Culture.Media.Media*,1697509.0,2844.4245947574555,6.0,1589.0
12515,3.0,1697509.0,奧利維亞·魏爾德,0.10375863313674928,Q200355,Culture.Media.Television,1697509.0,2844.4245947574555,6.0,1589.0
12516,3.0,1697509.0,奧利維亞·魏爾德,0.0,Q200355,Geography.Regions.Americas.North_America,1697509.0,2844.4245947574555,6.0,1589.0
12517,3.0,1697509.0,奧利維亞·魏爾德,0.0,Q200355,Geography.Regions.Europe.Northern_Europe,1697509.0,2844.4245947574555,6.0,1589.0
12518,3.0,1697509.0,奧利維亞·魏爾德,0.0,Q200355,Geography.Regions.Europe.Europe*,1697509.0,2844.4245947574555,6.0,1589.0
12519,3.0,1698244.0,王姬 (演员),0.996837317943573,Q9064975,Culture.Biography.Biography*,1698244.0,30.26311095943752,12.0,1029.0
12520,3.0,1698244.0,王姬 (演员),0.0,Q9064975,Geography.Regions.Asia.Asia*,1698244.0,30.26311095943752,12.0,1029.0
12521,3.0,1698244.0,王姬 (演员),0.0,Q9064975,Geography.Regions.Asia.East_Asia,1698244.0,30.26311095943752,12.0,1029.0
12522,7.0,1701737.0,蜜桃成熟时33D,0.994098961353302,Q7711871,Culture.Media.Media*,1701737.0,10580.400233752387,12.0,12922.0
12523,7.0,1701737.0,蜜桃成熟时33D,0.992888569831848,Q7711871,Culture.Media.Films,1701737.0,10580.400233752387,12.0,12922.0
12524,7.0,1701737.0,蜜桃成熟时33D,0.43892334604263306,Q7711871,Geography.Regions.Asia.East_Asia,1701737.0,10580.400233752387,12.0,12922.0
12525,7.0,1701737.0,蜜桃成熟时33D,0.4231518378257752,Q7711871,Geography.Regions.Asia.Asia*,1701737.0,10580.400233752387,12.0,12922.0
12526,7.0,1701737.0,蜜桃成熟时33D,0.2942249774932861,Q7711871,Culture.Media.Entertainment,1701737.0,10580.400233752387,12.0,12922.0
12527,1.0,1703581.0,小人國大歷險,0.9964163899421692,Q1320997,Culture.Media.Films,1703581.0,0.0,6.0,1352.0
12528,1.0,1703581.0,小人國大歷險,0.9951046109199524,Q1320997,Culture.Media.Media*,1703581.0,0.0,6.0,1352.0
12529,1.0,1703581.0,小人國大歷險,0.538993239402771,Q1320997,Culture.Media.Entertainment,1703581.0,0.0,6.0,1352.0
12530,1.0,1703581.0,小人國大歷險,0.1732981950044632,Q1320997,Culture.Literature,1703581.0,0.0,6.0,1352.0
12531,1.0,1703581.0,小人國大歷險,0.0,Q1320997,Geography.Regions.Americas.North_America,1703581.0,0.0,6.0,1352.0
12532,1.0,1703581.0,小人國大歷險,0.0,Q1320997,Geography.Regions.Europe.Europe*,1703581.0,0.0,6.0,1352.0
12533,1.0,1703581.0,小人國大歷險,0.0,Q1320997,Geography.Regions.Europe.Northern_Europe,1703581.0,0.0,6.0,1352.0
12534,3.0,1704582.0,千山暮雪 (电视剧),0.94500470161438,Q10904876,Culture.Media.Television,1704582.0,0.0,4.0,2120.0
12535,3.0,1704582.0,千山暮雪 (电视剧),0.9381340146064758,Q10904876,Culture.Media.Media*,1704582.0,0.0,4.0,2120.0
12536,3.0,1704582.0,千山暮雪 (电视剧),0.053480433464050285,Q10904876,Geography.Regions.Asia.East_Asia,1704582.0,0.0,4.0,2120.0
12537,3.0,1704582.0,千山暮雪 (电视剧),0.0,Q10904876,Geography.Regions.Asia.Asia*,1704582.0,0.0,4.0,2120.0
12538,3.0,1706775.0,魔神英雄傳角色列表,1.0,Q11673898,Compilation.List_Disambig,1706775.0,0.0,14.0,4544.0
12539,3.0,1706775.0,魔神英雄傳角色列表,0.2227101624011993,Q11673898,STEM.STEM*,1706775.0,0.0,14.0,4544.0
12540,3.0,1706775.0,魔神英雄傳角色列表,0.1259327530860901,Q11673898,Culture.Media.Media*,1706775.0,0.0,14.0,4544.0
12541,3.0,1706775.0,魔神英雄傳角色列表,0.10088862478733064,Q11673898,Culture.Sports,1706775.0,0.0,14.0,4544.0
12542,3.0,1706775.0,魔神英雄傳角色列表,0.0,Q11673898,Geography.Regions.Americas.North_America,1706775.0,0.0,14.0,4544.0
12543,3.0,1706775.0,魔神英雄傳角色列表,0.0,Q11673898,Geography.Regions.Europe.Europe*,1706775.0,0.0,14.0,4544.0
12544,3.0,1706775.0,魔神英雄傳角色列表,0.0,Q11673898,Geography.Regions.Asia.Asia*,1706775.0,0.0,14.0,4544.0
12545,11.0,1723190.0,火火,0.9980832934379578,Q9310302,Culture.Biography.Biography*,1723190.0,17049.926907070778,12.0,2359.0
12546,11.0,1723190.0,火火,0.37980710172653204,Q9310302,Geography.Regions.Asia.Asia*,1723190.0,17049.926907070778,12.0,2359.0
12547,11.0,1723190.0,火火,0.3660457601547241,Q9310302,Geography.Regions.Asia.East_Asia,1723190.0,17049.926907070778,12.0,2359.0
12548,11.0,1723190.0,火火,0.11597072333097458,Q9310302,History_and_Society.Society,1723190.0,17049.926907070778,12.0,2359.0
12549,4.0,1724335.0,風間俊介,0.9989112615585328,Q873168,Culture.Biography.Biography*,1724335.0,345.73432313262185,13.0,2411.0
12550,4.0,1724335.0,風間俊介,0.9796776771545409,Q873168,Culture.Visual_arts.Comics_and_Anime,1724335.0,345.73432313262185,13.0,2411.0
12551,4.0,1724335.0,風間俊介,0.960371196269989,Q873168,Culture.Visual_arts.Visual_arts*,1724335.0,345.73432313262185,13.0,2411.0
12552,4.0,1724335.0,風間俊介,0.9263137578964232,Q873168,Culture.Literature,1724335.0,345.73432313262185,13.0,2411.0
12553,4.0,1724335.0,風間俊介,0.0,Q873168,Geography.Regions.Asia.East_Asia,1724335.0,345.73432313262185,13.0,2411.0
12554,4.0,1724335.0,風間俊介,0.0,Q873168,Geography.Regions.Asia.Asia*,1724335.0,345.73432313262185,13.0,2411.0
12555,5.0,1728662.0,蜀山传,0.9790457487106324,Q742541,Culture.Media.Films,1728662.0,300.3738237783119,12.0,1602.0
12556,5.0,1728662.0,蜀山传,0.9748311638832092,Q742541,Culture.Media.Media*,1728662.0,300.3738237783119,12.0,1602.0
12557,5.0,1728662.0,蜀山传,0.4581643214225769,Q742541,Geography.Regions.Asia.East_Asia,1728662.0,300.3738237783119,12.0,1602.0
12558,5.0,1728662.0,蜀山传,0.4314633479118347,Q742541,Geography.Regions.Asia.Asia*,1728662.0,300.3738237783119,12.0,1602.0
12559,1.0,1729264.0,叶祖新,0.99593985080719,Q9117811,Culture.Biography.Biography*,1729264.0,0.0,15.0,2924.0
12560,1.0,1729264.0,叶祖新,0.3660457601547241,Q9117811,Geography.Regions.Asia.Asia*,1729264.0,0.0,15.0,2924.0
12561,1.0,1729264.0,叶祖新,0.3070772161483765,Q9117811,Geography.Regions.Asia.East_Asia,1729264.0,0.0,15.0,2924.0
12562,1.0,1729595.0,达科塔·高尤,0.998977780342102,Q241497,Culture.Biography.Biography*,1729595.0,0.0,13.0,1475.0
12563,1.0,1729595.0,达科塔·高尤,0.13297423720359802,Q241497,Culture.Media.Media*,1729595.0,0.0,13.0,1475.0
12564,1.0,1729595.0,达科塔·高尤,0.0,Q241497,Geography.Regions.Americas.North_America,1729595.0,0.0,13.0,1475.0
12565,1.0,1730853.0,衝出封鎖線,0.9967369437217712,Q723659,Culture.Media.Films,1730853.0,0.0,6.0,3616.0
12566,1.0,1730853.0,衝出封鎖線,0.9935217499732972,Q723659,Culture.Media.Media*,1730853.0,0.0,6.0,3616.0
12567,1.0,1730853.0,衝出封鎖線,0.0,Q723659,Geography.Regions.Americas.North_America,1730853.0,0.0,6.0,3616.0
12568,1.0,1730853.0,衝出封鎖線,0.0,Q723659,Geography.Regions.Europe.Europe*,1730853.0,0.0,6.0,3616.0
12569,19.0,1734942.0,生化危機 逃出生天,1.0000100135803225,Q2088616,Culture.Media.Media*,1734942.0,40.58799236469674,9.0,2612.0
12570,19.0,1734942.0,生化危機 逃出生天,1.0000100135803225,Q2088616,Culture.Media.Video_games,1734942.0,40.58799236469674,9.0,2612.0
12571,19.0,1734942.0,生化危機 逃出生天,1.0000100135803225,Q2088616,Culture.Internet_culture,1734942.0,40.58799236469674,9.0,2612.0
12572,4.0,1743747.0,太四子,0.9715740084648132,Q6826668,Culture.Biography.Biography*,1743747.0,213.3994333377037,0.0,832.0
12573,4.0,1743747.0,太四子,0.9637899398803712,Q6826668,Culture.Media.Media*,1743747.0,213.3994333377037,0.0,832.0
12574,4.0,1743747.0,太四子,0.9219318628311156,Q6826668,Culture.Media.Music,1743747.0,213.3994333377037,0.0,832.0
12575,4.0,1743747.0,太四子,0.49653737449646,Q6826668,Geography.Regions.Asia.East_Asia,1743747.0,213.3994333377037,0.0,832.0
12576,4.0,1743747.0,太四子,0.4939496984481812,Q6826668,Geography.Regions.Asia.Asia*,1743747.0,213.3994333377037,0.0,832.0
12577,5.0,1743931.0,陸軍第八軍團指揮部,0.9993836879730223,Q15903766,History_and_Society.Society,1743931.0,3408.8128027069633,5.0,2587.0
12578,5.0,1743931.0,陸軍第八軍團指揮部,0.9987651705741882,Q15903766,Culture.Biography.Biography*,1743931.0,3408.8128027069633,5.0,2587.0
12579,5.0,1743931.0,陸軍第八軍團指揮部,0.7248802781105042,Q15903766,History_and_Society.Military_and_warfare,1743931.0,3408.8128027069633,5.0,2587.0
12580,5.0,1743931.0,陸軍第八軍團指揮部,0.4981804361343384,Q15903766,Geography.Regions.Asia.East_Asia,1743931.0,3408.8128027069633,5.0,2587.0
12581,5.0,1743931.0,陸軍第八軍團指揮部,0.4970222582817078,Q15903766,Geography.Regions.Asia.Asia*,1743931.0,3408.8128027069633,5.0,2587.0
12582,3.0,1744168.0,CS催淚性毒氣,0.992888569831848,Q209357,STEM.STEM*,1744168.0,27.098160822936592,3.0,1015.0
12583,3.0,1744168.0,CS催淚性毒氣,0.9263137578964232,Q209357,STEM.Chemistry,1744168.0,27.098160822936592,3.0,1015.0
12584,3.0,1744168.0,CS催淚性毒氣,0.14805719256401062,Q209357,STEM.Medicine_&_Health,1744168.0,27.098160822936592,3.0,1015.0
12585,5.0,1749226.0,Trouble Maker,0.6224693655967712,Q492416,Culture.Biography.Biography*,1749226.0,1905.4319493898126,0.0,3530.0
12586,5.0,1749226.0,Trouble Maker,0.4456066956520081,Q492416,Geography.Regions.Asia.Asia*,1749226.0,1905.4319493898126,0.0,3530.0
12587,5.0,1749226.0,Trouble Maker,0.4301573634147644,Q492416,Culture.Media.Media*,1749226.0,1905.4319493898126,0.0,3530.0
12588,5.0,1749226.0,Trouble Maker,0.42531375789642334,Q492416,Geography.Regions.Asia.East_Asia,1749226.0,1905.4319493898126,0.0,3530.0
12589,5.0,1749226.0,Trouble Maker,0.3923468291759491,Q492416,Culture.Media.Music,1749226.0,1905.4319493898126,0.0,3530.0
12590,2.0,1750771.0,李維維,1.0000100135803225,Q9208698,Culture.Biography.Biography*,1750771.0,0.0,4.0,3236.0
12591,2.0,1750771.0,李維維,0.9263137578964232,Q9208698,History_and_Society.Society,1750771.0,0.0,4.0,3236.0
12592,2.0,1750771.0,李維維,0.8519628047943115,Q9208698,Culture.Biography.Women,1750771.0,0.0,4.0,3236.0
12593,2.0,1750771.0,李維維,0.459371196269989,Q9208698,Geography.Regions.Asia.East_Asia,1750771.0,0.0,4.0,3236.0
12594,2.0,1750771.0,李維維,0.43713401460647583,Q9208698,Geography.Regions.Asia.Asia*,1750771.0,0.0,4.0,3236.0
12595,2.0,1750771.0,李維維,0.2814156115055084,Q9208698,Culture.Visual_arts.Fashion,1750771.0,0.0,4.0,3236.0
12596,2.0,1750771.0,李維維,0.2069040536880493,Q9208698,Culture.Media.Music,1750771.0,0.0,4.0,3236.0
12597,2.0,1750771.0,李維維,0.12253321707248688,Q9208698,Culture.Media.Media*,1750771.0,0.0,4.0,3236.0
12598,1.0,1752258.0,唐鶴德,0.2942249774932861,Q97352352,STEM.STEM*,1752258.0,0.0,10.0,6238.0
12599,1.0,1752258.0,唐鶴德,0.0,Q97352352,Geography.Regions.Asia.Asia*,1752258.0,0.0,10.0,6238.0
12600,1.0,1752258.0,唐鶴德,0.0,Q97352352,Geography.Regions.Americas.North_America,1752258.0,0.0,10.0,6238.0
12601,1.0,1752258.0,唐鶴德,0.0,Q97352352,Geography.Regions.Europe.Europe*,1752258.0,0.0,10.0,6238.0
12602,1.0,1754360.0,徐華鳳,1.0000100135803225,Q7236097,Culture.Biography.Biography*,1754360.0,0.0,4.0,3664.0
12603,1.0,1754360.0,徐華鳳,0.287777841091156,Q7236097,Culture.Biography.Women,1754360.0,0.0,4.0,3664.0
12604,1.0,1754360.0,徐華鳳,0.1520422399044037,Q7236097,History_and_Society.Society,1754360.0,0.0,4.0,3664.0
12605,1.0,1754360.0,徐華鳳,0.0,Q7236097,Geography.Regions.Asia.Asia*,1754360.0,0.0,4.0,3664.0
12606,1.0,1754360.0,徐華鳳,0.0,Q7236097,Geography.Regions.Asia.East_Asia,1754360.0,0.0,4.0,3664.0
12607,3.0,1759853.0,右翼民粹主義,0.8439050912857056,Q436860,History_and_Society.Politics_and_government,1759853.0,436.9178189816406,10.0,2362.0
12608,3.0,1759853.0,右翼民粹主義,0.3073680400848389,Q436860,Culture.Philosophy_and_religion,1759853.0,436.9178189816406,10.0,2362.0
12609,3.0,1759853.0,右翼民粹主義,0.13661839067935946,Q436860,History_and_Society.Business_and_economics,1759853.0,436.9178189816406,10.0,2362.0
12610,3.0,1759853.0,右翼民粹主義,0.0,Q436860,Geography.Regions.Asia.Asia*,1759853.0,436.9178189816406,10.0,2362.0
12611,3.0,1759853.0,右翼民粹主義,0.0,Q436860,Geography.Regions.Europe.Europe*,1759853.0,436.9178189816406,10.0,2362.0
12612,3.0,1759853.0,右翼民粹主義,0.0,Q436860,Geography.Regions.Asia.East_Asia,1759853.0,436.9178189816406,10.0,2362.0
12613,3.0,1759853.0,右翼民粹主義,0.0,Q436860,Geography.Regions.Americas.North_America,1759853.0,436.9178189816406,10.0,2362.0
12614,1.0,1761010.0,戀搞好朋友,0.994455099105835,Q629596,Culture.Media.Media*,1761010.0,0.0,6.0,1168.0
12615,1.0,1761010.0,戀搞好朋友,0.9924327731132508,Q629596,Culture.Media.Films,1761010.0,0.0,6.0,1168.0
12616,1.0,1761010.0,戀搞好朋友,0.2568419873714447,Q629596,Culture.Media.Entertainment,1761010.0,0.0,6.0,1168.0
12617,1.0,1761010.0,戀搞好朋友,0.12878464365005493,Q629596,Geography.Regions.Americas.North_America,1761010.0,0.0,6.0,1168.0
12618,4.0,1762683.0,10cm,0.8175845146179199,Q493329,Culture.Media.Music,1762683.0,2292.76917856579,0.0,1979.0
12619,4.0,1762683.0,10cm,0.8031837940216064,Q493329,Culture.Biography.Biography*,1762683.0,2292.76917856579,0.0,1979.0
12620,4.0,1762683.0,10cm,0.754925012588501,Q493329,Culture.Media.Media*,1762683.0,2292.76917856579,0.0,1979.0
12621,4.0,1762683.0,10cm,0.2047950496673584,Q493329,Geography.Regions.Asia.Asia*,1762683.0,2292.76917856579,0.0,1979.0
12622,4.0,1762683.0,10cm,0.19826446676254272,Q493329,Geography.Regions.Asia.East_Asia,1762683.0,2292.76917856579,0.0,1979.0
12623,8.0,1764946.0,85度C,1.0000100135803225,Q4644852,History_and_Society.Society,1764946.0,20084.370680158903,3.0,3067.0
12624,8.0,1764946.0,85度C,1.0000100135803225,Q4644852,Culture.Biography.Biography*,1764946.0,20084.370680158903,3.0,3067.0
12625,8.0,1764946.0,85度C,0.8031837940216064,Q4644852,History_and_Society.Business_and_economics,1764946.0,20084.370680158903,3.0,3067.0
12626,8.0,1764946.0,85度C,0.4985657801628113,Q4644852,Geography.Regions.Asia.East_Asia,1764946.0,20084.370680158903,3.0,3067.0
12627,8.0,1764946.0,85度C,0.497142421245575,Q4644852,Geography.Regions.Asia.Asia*,1764946.0,20084.370680158903,3.0,3067.0
12628,8.0,1764946.0,85度C,0.26285186409950256,Q4644852,Culture.Food_and_drink,1764946.0,20084.370680158903,3.0,3067.0
12629,8.0,1764946.0,85度C,0.1067005917429924,Q4644852,History_and_Society.Transportation,1764946.0,20084.370680158903,3.0,3067.0
12630,1.0,1765382.0,人在囧途,0.951152205467224,Q8421268,Culture.Media.Media*,1765382.0,0.0,7.0,3553.0
12631,1.0,1765382.0,人在囧途,0.9399233460426332,Q8421268,Culture.Media.Films,1765382.0,0.0,7.0,3553.0
12632,1.0,1765382.0,人在囧途,0.3429050912857056,Q8421268,Geography.Regions.Asia.East_Asia,1765382.0,0.0,7.0,3553.0
12633,1.0,1765382.0,人在囧途,0.2816725244522095,Q8421268,Geography.Regions.Asia.Asia*,1765382.0,0.0,7.0,3553.0
12634,7.0,1766471.0,高雄市公共自行車租賃系統,1.0000100135803225,Q15896671,History_and_Society.Society,1766471.0,32436.52529195413,3.0,229.0
12635,7.0,1766471.0,高雄市公共自行車租賃系統,1.0000100135803225,Q15896671,Culture.Biography.Biography*,1766471.0,32436.52529195413,3.0,229.0
12636,7.0,1766471.0,高雄市公共自行車租賃系統,0.9899964332580566,Q15896671,Culture.Sports,1766471.0,32436.52529195413,3.0,229.0
12637,7.0,1766471.0,高雄市公共自行車租賃系統,0.4990100135803223,Q15896671,Geography.Regions.Asia.Asia*,1766471.0,32436.52529195413,3.0,229.0
12638,7.0,1766471.0,高雄市公共自行車租賃系統,0.4990100135803223,Q15896671,Geography.Regions.Asia.East_Asia,1766471.0,32436.52529195413,3.0,229.0
12639,7.0,1766471.0,高雄市公共自行車租賃系統,0.19194278120994568,Q15896671,History_and_Society.Transportation,1766471.0,32436.52529195413,3.0,229.0
12640,7.0,1766471.0,高雄市公共自行車租賃系統,0.12253321707248688,Q15896671,STEM.Engineering,1766471.0,32436.52529195413,3.0,229.0
12641,6.0,1766818.0,幽靈車神 (2007年電影),0.9983093142509459,Q41754,Culture.Media.Films,1766818.0,13499.462362805063,6.0,1914.0
12642,6.0,1766818.0,幽靈車神 (2007年電影),0.998142421245575,Q41754,Culture.Media.Media*,1766818.0,13499.462362805063,6.0,1914.0
12643,6.0,1766818.0,幽靈車神 (2007年電影),0.4765896201133728,Q41754,Culture.Literature,1766818.0,13499.462362805063,6.0,1914.0
12644,6.0,1766818.0,幽靈車神 (2007年電影),0.38492217659950256,Q41754,Culture.Visual_arts.Comics_and_Anime,1766818.0,13499.462362805063,6.0,1914.0
12645,6.0,1766818.0,幽靈車神 (2007年電影),0.2689514458179474,Q41754,Culture.Visual_arts.Visual_arts*,1766818.0,13499.462362805063,6.0,1914.0
12646,6.0,1766818.0,幽靈車神 (2007年電影),0.2120788097381592,Q41754,Culture.Media.Entertainment,1766818.0,13499.462362805063,6.0,1914.0
12647,6.0,1766818.0,幽靈車神 (2007年電影),0.0,Q41754,Geography.Regions.Americas.North_America,1766818.0,13499.462362805063,6.0,1914.0
12648,2.0,1770475.0,金與正,0.9947898983955384,Q4330912,Culture.Biography.Biography*,1770475.0,3942.0,3.0,2659.0
12649,2.0,1770475.0,金與正,0.6001983880996704,Q4330912,Culture.Biography.Women,1770475.0,3942.0,3.0,2659.0
12650,2.0,1770475.0,金與正,0.4970832934379578,Q4330912,Geography.Regions.Asia.East_Asia,1770475.0,3942.0,3.0,2659.0
12651,2.0,1770475.0,金與正,0.4948112239837647,Q4330912,Geography.Regions.Asia.Asia*,1770475.0,3942.0,3.0,2659.0
12652,2.0,1770475.0,金與正,0.40734341740608215,Q4330912,History_and_Society.Politics_and_government,1770475.0,3942.0,3.0,2659.0
12653,19.0,1770486.0,生化危機 啟示,1.0000100135803225,Q1138864,Culture.Media.Video_games,1770486.0,40.58799236469674,9.0,4275.0
12654,19.0,1770486.0,生化危機 啟示,1.0000100135803225,Q1138864,Culture.Internet_culture,1770486.0,40.58799236469674,9.0,4275.0
12655,19.0,1770486.0,生化危機 啟示,0.9993221759796144,Q1138864,Culture.Media.Media*,1770486.0,40.58799236469674,9.0,4275.0
12656,11.0,1771272.0,美國－香港政策法,0.6150978803634644,Q7893553,History_and_Society.Politics_and_government,1771272.0,13342.389035113558,3.0,1777.0
12657,11.0,1771272.0,美國－香港政策法,0.2763098945617676,Q7893553,Geography.Regions.Americas.North_America,1771272.0,13342.389035113558,3.0,1777.0
12658,11.0,1771272.0,美國－香港政策法,0.2227101624011993,Q7893553,History_and_Society.Military_and_warfare,1771272.0,13342.389035113558,3.0,1777.0
12659,11.0,1771272.0,美國－香港政策法,0.0,Q7893553,Geography.Regions.Asia.Asia*,1771272.0,13342.389035113558,3.0,1777.0
12660,11.0,1771272.0,美國－香港政策法,0.0,Q7893553,Geography.Regions.Europe.Eastern_Europe,1771272.0,13342.389035113558,3.0,1777.0
12661,4.0,1771291.0,網球王子 (動畫),0.98678719997406,Q11319338,Culture.Visual_arts.Comics_and_Anime,1771291.0,8238.821049003807,13.0,2866.0
12662,4.0,1771291.0,網球王子 (動畫),0.9825675487518309,Q11319338,Culture.Literature,1771291.0,8238.821049003807,13.0,2866.0
12663,4.0,1771291.0,網球王子 (動畫),0.9553291201591492,Q11319338,Culture.Visual_arts.Visual_arts*,1771291.0,8238.821049003807,13.0,2866.0
12664,4.0,1771291.0,網球王子 (動畫),0.91965252161026,Q11319338,Culture.Media.Films,1771291.0,8238.821049003807,13.0,2866.0
12665,4.0,1771291.0,網球王子 (動畫),0.9073222279548644,Q11319338,Culture.Media.Media*,1771291.0,8238.821049003807,13.0,2866.0
12666,4.0,1771291.0,網球王子 (動畫),0.3140605390071869,Q11319338,Culture.Sports,1771291.0,8238.821049003807,13.0,2866.0
12667,4.0,1771291.0,網球王子 (動畫),0.0,Q11319338,Geography.Regions.Asia.Asia*,1771291.0,8238.821049003807,13.0,2866.0
12668,4.0,1771291.0,網球王子 (動畫),0.0,Q11319338,Geography.Regions.Asia.East_Asia,1771291.0,8238.821049003807,13.0,2866.0
12669,4.0,1771291.0,網球王子 (動畫),0.0,Q11319338,Geography.Regions.Europe.Europe*,1771291.0,8238.821049003807,13.0,2866.0
12670,3.0,1778493.0,MD 500防衛者式直昇機,0.9986850023269652,Q3142350,STEM.Engineering,1778493.0,165.68037156835595,5.0,998.0
12671,3.0,1778493.0,MD 500防衛者式直昇機,0.9978272914886476,Q3142350,STEM.STEM*,1778493.0,165.68037156835595,5.0,998.0
12672,3.0,1778493.0,MD 500防衛者式直昇機,0.99593985080719,Q3142350,History_and_Society.Transportation,1778493.0,165.68037156835595,5.0,998.0
12673,3.0,1778493.0,MD 500防衛者式直昇機,0.3276783227920532,Q3142350,History_and_Society.Military_and_warfare,1778493.0,165.68037156835595,5.0,998.0
12674,3.0,1778493.0,MD 500防衛者式直昇機,0.0,Q3142350,Geography.Regions.Asia.Asia*,1778493.0,165.68037156835595,5.0,998.0
12675,6.0,1779078.0,大魔术师,0.9626831412315368,Q1054393,Culture.Media.Media*,1779078.0,11494.856041614143,12.0,1316.0
12676,6.0,1779078.0,大魔术师,0.951152205467224,Q1054393,Culture.Media.Films,1779078.0,11494.856041614143,12.0,1316.0
12677,6.0,1779078.0,大魔术师,0.4810237755775452,Q1054393,Geography.Regions.Asia.East_Asia,1779078.0,11494.856041614143,12.0,1316.0
12678,6.0,1779078.0,大魔术师,0.4696977605819702,Q1054393,Geography.Regions.Asia.Asia*,1779078.0,11494.856041614143,12.0,1316.0
12679,2.0,1781710.0,建生國際,0.5078218579292297,Q41715086,History_and_Society.Business_and_economics,1781710.0,0.0,10.0,1808.0
12680,2.0,1781710.0,建生國際,0.4959346523284912,Q41715086,Geography.Regions.Asia.East_Asia,1781710.0,0.0,10.0,1808.0
12681,2.0,1781710.0,建生國際,0.4946784844398498,Q41715086,Geography.Regions.Asia.Asia*,1781710.0,0.0,10.0,1808.0
12682,2.0,1781710.0,建生國際,0.11280541121959685,Q41715086,Culture.Food_and_drink,1781710.0,0.0,10.0,1808.0
12683,6.0,1784880.0,陳大天,0.9973783493041992,Q15909869,Culture.Biography.Biography*,1784880.0,11512.210899458576,4.0,3167.0
12684,6.0,1784880.0,陳大天,0.7773098945617676,Q15909869,History_and_Society.Society,1784880.0,11512.210899458576,4.0,3167.0
12685,6.0,1784880.0,陳大天,0.4486793746948242,Q15909869,Geography.Regions.Asia.East_Asia,1784880.0,11512.210899458576,4.0,3167.0
12686,6.0,1784880.0,陳大天,0.4294682612419128,Q15909869,Geography.Regions.Asia.Asia*,1784880.0,11512.210899458576,4.0,3167.0
12687,6.0,1784880.0,陳大天,0.10375863313674928,Q15909869,Culture.Media.Media*,1784880.0,11512.210899458576,4.0,3167.0
12688,3.0,1785261.0,輪迴的拉格朗日,1.0000100135803225,Q1105802,Culture.Literature,1785261.0,3004.041820155881,16.0,798.0
12689,3.0,1785261.0,輪迴的拉格朗日,1.0000100135803225,Q1105802,Culture.Visual_arts.Visual_arts*,1785261.0,3004.041820155881,16.0,798.0
12690,3.0,1785261.0,輪迴的拉格朗日,1.0000100135803225,Q1105802,Culture.Visual_arts.Comics_and_Anime,1785261.0,3004.041820155881,16.0,798.0
12691,3.0,1785261.0,輪迴的拉格朗日,0.8740872144699097,Q1105802,Culture.Media.Media*,1785261.0,3004.041820155881,16.0,798.0
12692,3.0,1785261.0,輪迴的拉格朗日,0.7773098945617676,Q1105802,Culture.Internet_culture,1785261.0,3004.041820155881,16.0,798.0
12693,3.0,1785261.0,輪迴的拉格朗日,0.6150978803634644,Q1105802,Culture.Media.Video_games,1785261.0,3004.041820155881,16.0,798.0
12694,3.0,1785261.0,輪迴的拉格朗日,0.5000100135803223,Q1105802,Culture.Media.Entertainment,1785261.0,3004.041820155881,16.0,798.0
12695,5.0,1785571.0,葉宜津,1.0000100135803225,Q8350727,Culture.Biography.Biography*,1785571.0,606.7498402618545,2.0,1322.0
12696,5.0,1785571.0,葉宜津,0.9970290064811708,Q8350727,History_and_Society.Society,1785571.0,606.7498402618545,2.0,1322.0
12697,5.0,1785571.0,葉宜津,0.8080772161483765,Q8350727,Culture.Biography.Women,1785571.0,606.7498402618545,2.0,1322.0
12698,5.0,1785571.0,葉宜津,0.4760326614379883,Q8350727,Geography.Regions.Asia.Asia*,1785571.0,606.7498402618545,2.0,1322.0
12699,5.0,1785571.0,葉宜津,0.4669093360900879,Q8350727,Geography.Regions.Asia.East_Asia,1785571.0,606.7498402618545,2.0,1322.0
12700,7.0,1789663.0,張祐榮,0.9688661694526672,Q488344,Culture.Biography.Biography*,1789663.0,8314.748569804342,0.0,5760.0
12701,7.0,1789663.0,張祐榮,0.4745869507789612,Q488344,Geography.Regions.Asia.East_Asia,1789663.0,8314.748569804342,0.0,5760.0
12702,7.0,1789663.0,張祐榮,0.4556442370414734,Q488344,Geography.Regions.Asia.Asia*,1789663.0,8314.748569804342,0.0,5760.0
12703,7.0,1789663.0,張祐榮,0.2814156115055084,Q488344,Culture.Media.Media*,1789663.0,8314.748569804342,0.0,5760.0
12704,7.0,1789663.0,張祐榮,0.23371636867523196,Q488344,Culture.Media.Music,1789663.0,8314.748569804342,0.0,5760.0
12705,1.0,1790909.0,林奇葳,0.9637899398803712,Q9290873,Culture.Biography.Biography*,1790909.0,0.0,12.0,756.0
12706,1.0,1790909.0,林奇葳,0.4455395638942719,Q9290873,Culture.Biography.Women,1790909.0,0.0,12.0,756.0
12707,1.0,1790909.0,林奇葳,0.2120788097381592,Q9290873,Culture.Sports,1790909.0,0.0,12.0,756.0
12708,1.0,1790909.0,林奇葳,0.14415885508060455,Q9290873,History_and_Society.Politics_and_government,1790909.0,0.0,12.0,756.0
12709,1.0,1790909.0,林奇葳,0.0,Q9290873,Geography.Regions.Asia.Asia*,1790909.0,0.0,12.0,756.0
12710,1.0,1790909.0,林奇葳,0.0,Q9290873,Geography.Regions.Asia.East_Asia,1790909.0,0.0,12.0,756.0
12711,12.0,1793129.0,马修·麦康纳,0.9991269707679749,Q188955,Culture.Biography.Biography*,1793129.0,25905.848663708268,6.0,3460.0
12712,12.0,1793129.0,马修·麦康纳,0.33459946513175964,Q188955,Culture.Media.Media*,1793129.0,25905.848663708268,6.0,3460.0
12713,12.0,1793129.0,马修·麦康纳,0.17818872833251953,Q188955,Geography.Regions.Americas.North_America,1793129.0,25905.848663708268,6.0,3460.0
12714,12.0,1793129.0,马修·麦康纳,0.1097157895565033,Q188955,Culture.Media.Films,1793129.0,25905.848663708268,6.0,3460.0
12715,12.0,1793129.0,马修·麦康纳,0.0,Q188955,Geography.Regions.Europe.Europe*,1793129.0,25905.848663708268,6.0,3460.0
12716,30.0,1795457.0,最终幻想VI,1.0000100135803225,Q535940,Culture.Internet_culture,1795457.0,13011.16716091739,14.0,4221.0
12717,30.0,1795457.0,最终幻想VI,1.0000100135803225,Q535940,Culture.Media.Video_games,1795457.0,13011.16716091739,14.0,4221.0
12718,30.0,1795457.0,最终幻想VI,0.9992306232452391,Q535940,Culture.Media.Media*,1795457.0,13011.16716091739,14.0,4221.0
12719,13.0,1796083.0,吳夏榮,0.992888569831848,Q4798670,Culture.Biography.Biography*,1796083.0,5271.3264258589315,0.0,2987.0
12720,13.0,1796083.0,吳夏榮,0.8175845146179199,Q4798670,Culture.Media.Music,1796083.0,5271.3264258589315,0.0,2987.0
12721,13.0,1796083.0,吳夏榮,0.7606606483459473,Q4798670,Culture.Biography.Women,1796083.0,5271.3264258589315,0.0,2987.0
12722,13.0,1796083.0,吳夏榮,0.7122421860694885,Q4798670,Culture.Media.Media*,1796083.0,5271.3264258589315,0.0,2987.0
12723,13.0,1796083.0,吳夏榮,0.42531375789642334,Q4798670,Geography.Regions.Asia.Asia*,1796083.0,5271.3264258589315,0.0,2987.0
12724,13.0,1796083.0,吳夏榮,0.4231518378257752,Q4798670,Geography.Regions.Asia.East_Asia,1796083.0,5271.3264258589315,0.0,2987.0
12725,6.0,1802867.0,吳珉錫,0.9777238368988036,Q4291103,Culture.Biography.Biography*,1802867.0,29.838787321181087,0.0,2382.0
12726,6.0,1802867.0,吳珉錫,0.0,Q4291103,Geography.Regions.Asia.Asia*,1802867.0,29.838787321181087,0.0,2382.0
12727,6.0,1802867.0,吳珉錫,0.0,Q4291103,Geography.Regions.Asia.East_Asia,1802867.0,29.838787321181087,0.0,2382.0
12728,10.0,1803508.0,九段线,0.348655104637146,Q2735499,STEM.STEM*,1803508.0,11434.140843663841,5.0,3299.0
12729,10.0,1803508.0,九段线,0.3007555902004242,Q2735499,History_and_Society.Military_and_warfare,1803508.0,11434.140843663841,5.0,3299.0
12730,10.0,1803508.0,九段线,0.24509501457214355,Q2735499,History_and_Society.Transportation,1803508.0,11434.140843663841,5.0,3299.0
12731,10.0,1803508.0,九段线,0.1968362182378769,Q2735499,Culture.Visual_arts.Visual_arts*,1803508.0,11434.140843663841,5.0,3299.0
12732,10.0,1803508.0,九段线,0.1520422399044037,Q2735499,History_and_Society.History,1803508.0,11434.140843663841,5.0,3299.0
12733,10.0,1803508.0,九段线,0.12253321707248688,Q2735499,Culture.Philosophy_and_religion,1803508.0,11434.140843663841,5.0,3299.0
12734,10.0,1803508.0,九段线,0.11921291798353195,Q2735499,STEM.Technology,1803508.0,11434.140843663841,5.0,3299.0
12735,10.0,1803508.0,九段线,0.11597072333097458,Q2735499,Culture.Food_and_drink,1803508.0,11434.140843663841,5.0,3299.0
12736,10.0,1803508.0,九段线,0.1067005917429924,Q2735499,Culture.Visual_arts.Architecture,1803508.0,11434.140843663841,5.0,3299.0
12737,10.0,1803508.0,九段线,0.10375863313674928,Q2735499,History_and_Society.Society,1803508.0,11434.140843663841,5.0,3299.0
12738,10.0,1803508.0,九段线,0.0,Q2735499,Geography.Regions.Europe.Europe*,1803508.0,11434.140843663841,5.0,3299.0
12739,10.0,1803508.0,九段线,0.0,Q2735499,Geography.Regions.Asia.Asia*,1803508.0,11434.140843663841,5.0,3299.0
12740,10.0,1803508.0,九段线,0.0,Q2735499,Geography.Regions.Americas.North_America,1803508.0,11434.140843663841,5.0,3299.0
12741,10.0,1803508.0,九段线,0.0,Q2735499,Geography.Regions.Asia.East_Asia,1803508.0,11434.140843663841,5.0,3299.0
12742,10.0,1803508.0,九段线,0.0,Q2735499,Geography.Regions.Europe.Northern_Europe,1803508.0,11434.140843663841,5.0,3299.0
12743,5.0,1803740.0,何嘉麗 (歌手),0.9983093142509459,Q8969693,Culture.Biography.Biography*,1803740.0,6536.746577880524,12.0,1571.0
12744,5.0,1803740.0,何嘉麗 (歌手),0.6654205918312073,Q8969693,Culture.Biography.Women,1803740.0,6536.746577880524,12.0,1571.0
12745,5.0,1803740.0,何嘉麗 (歌手),0.23616819286346435,Q8969693,Geography.Regions.Asia.East_Asia,1803740.0,6536.746577880524,12.0,1571.0
12746,5.0,1803740.0,何嘉麗 (歌手),0.21124218606948847,Q8969693,Geography.Regions.Asia.Asia*,1803740.0,6536.746577880524,12.0,1571.0
12747,5.0,1803740.0,何嘉麗 (歌手),0.11280541121959685,Q8969693,Culture.Media.Music,1803740.0,6536.746577880524,12.0,1571.0
12748,2.0,1803984.0,繼承大丈夫,0.9947898983955384,Q273686,Culture.Media.Films,1803984.0,0.0,6.0,799.0
12749,2.0,1803984.0,繼承大丈夫,0.991162657737732,Q273686,Culture.Media.Media*,1803984.0,0.0,6.0,799.0
12750,2.0,1803984.0,繼承大丈夫,0.08411114120483397,Q273686,Geography.Regions.Americas.North_America,1803984.0,0.0,6.0,799.0
12751,2.0,1803984.0,繼承大丈夫,0.0,Q273686,Geography.Regions.Europe.Northern_Europe,1803984.0,0.0,6.0,799.0
12752,4.0,1805900.0,蝎子王3：救赎之战,0.994098961353302,Q2526711,Culture.Media.Media*,1805900.0,0.0,6.0,1749.0
12753,4.0,1805900.0,蝎子王3：救赎之战,0.9893575310707092,Q2526711,Culture.Media.Films,1805900.0,0.0,6.0,1749.0
12754,4.0,1805900.0,蝎子王3：救赎之战,0.320831298828125,Q2526711,Culture.Media.Entertainment,1805900.0,0.0,6.0,1749.0
12755,4.0,1805900.0,蝎子王3：救赎之战,0.0,Q2526711,Geography.Regions.Americas.North_America,1805900.0,0.0,6.0,1749.0
12756,6.0,1805989.0,魔蝎大帝,0.9976133108139038,Q461682,Culture.Media.Media*,1805989.0,7319.790554108055,6.0,4484.0
12757,6.0,1805989.0,魔蝎大帝,0.9967369437217712,Q461682,Culture.Media.Films,1805989.0,7319.790554108055,6.0,4484.0
12758,6.0,1805989.0,魔蝎大帝,0.4688006341457367,Q461682,Culture.Media.Entertainment,1805989.0,7319.790554108055,6.0,4484.0
12759,6.0,1805989.0,魔蝎大帝,0.14805719256401062,Q461682,Culture.Visual_arts.Comics_and_Anime,1805989.0,7319.790554108055,6.0,4484.0
12760,6.0,1805989.0,魔蝎大帝,0.1294127255678177,Q461682,Culture.Literature,1805989.0,7319.790554108055,6.0,4484.0
12761,6.0,1805989.0,魔蝎大帝,0.11597072333097458,Q461682,Culture.Media.Music,1805989.0,7319.790554108055,6.0,4484.0
12762,6.0,1805989.0,魔蝎大帝,0.11280541121959685,Q461682,Culture.Visual_arts.Visual_arts*,1805989.0,7319.790554108055,6.0,4484.0
12763,6.0,1805989.0,魔蝎大帝,0.0,Q461682,Geography.Regions.Americas.North_America,1805989.0,7319.790554108055,6.0,4484.0
12764,4.0,1806038.0,蝎子王2：勇士的崛起,0.99593985080719,Q1139072,Culture.Media.Media*,1806038.0,0.0,6.0,1444.0
12765,4.0,1806038.0,蝎子王2：勇士的崛起,0.98678719997406,Q1139072,Culture.Media.Films,1806038.0,0.0,6.0,1444.0
12766,4.0,1806038.0,蝎子王2：勇士的崛起,0.24509501457214355,Q1139072,Culture.Media.Entertainment,1806038.0,0.0,6.0,1444.0
12767,1.0,1806863.0,尼克·羅賓森,0.9983615279197692,Q2985242,Culture.Biography.Biography*,1806863.0,0.0,6.0,1143.0
12768,1.0,1806863.0,尼克·羅賓森,0.0,Q2985242,Geography.Regions.Americas.North_America,1806863.0,0.0,6.0,1143.0
12769,2.0,1807770.0,埔心平交道事故,1.0000100135803225,Q15900127,History_and_Society.Transportation,1807770.0,0.0,5.0,1517.0
12770,2.0,1807770.0,埔心平交道事故,0.4921981394290924,Q15900127,Geography.Regions.Asia.South_Asia,1807770.0,0.0,5.0,1517.0
12771,2.0,1807770.0,埔心平交道事故,0.4921981394290924,Q15900127,Geography.Regions.Asia.Asia*,1807770.0,0.0,5.0,1517.0
12772,2.0,1807770.0,埔心平交道事故,0.2689514458179474,Q15900127,Geography.Regions.Americas.North_America,1807770.0,0.0,5.0,1517.0
12773,2.0,1807770.0,埔心平交道事故,0.2509227991104126,Q15900127,Geography.Regions.Europe.Europe*,1807770.0,0.0,5.0,1517.0
12774,2.0,1807770.0,埔心平交道事故,0.1520422399044037,Q15900127,Geography.Regions.Europe.Northern_Europe,1807770.0,0.0,5.0,1517.0
12775,5.0,1808911.0,邓小平南巡,0.4990100135803223,Q1799880,Geography.Regions.Asia.East_Asia,1808911.0,8009.3285413102885,3.0,2632.0
12776,5.0,1808911.0,邓小平南巡,0.49675815010070795,Q1799880,Geography.Regions.Asia.Asia*,1808911.0,8009.3285413102885,3.0,2632.0
12777,1.0,1812454.0,劳拉·福纳,0.994098961353302,Q465820,Culture.Biography.Biography*,1812454.0,0.0,12.0,1608.0
12778,1.0,1812454.0,劳拉·福纳,0.8311530351638794,Q465820,Culture.Biography.Women,1812454.0,0.0,12.0,1608.0
12779,1.0,1812454.0,劳拉·福纳,0.23006861114501956,Q465820,Geography.Regions.Europe.Europe*,1812454.0,0.0,12.0,1608.0
12780,1.0,1812454.0,劳拉·福纳,0.15742753648757934,Q465820,Geography.Regions.Europe.Southern_Europe,1812454.0,0.0,12.0,1608.0
12781,12.0,1812748.0,圣周,0.585111141204834,Q131080,Culture.Philosophy_and_religion,1812748.0,3898.7528819622976,11.0,4180.0
12782,12.0,1812748.0,圣周,0.16027602553367615,Q131080,STEM.STEM*,1812748.0,3898.7528819622976,11.0,4180.0
12783,12.0,1812748.0,圣周,0.1520422399044037,Q131080,Culture.Biography.Biography*,1812748.0,3898.7528819622976,11.0,4180.0
12784,12.0,1812748.0,圣周,0.13661839067935946,Q131080,History_and_Society.History,1812748.0,3898.7528819622976,11.0,4180.0
12785,12.0,1812748.0,圣周,0.0,Q131080,Geography.Regions.Europe.Europe*,1812748.0,3898.7528819622976,11.0,4180.0
12786,12.0,1814438.0,黃光亮,0.9947898983955384,Q9455990,Culture.Biography.Biography*,1814438.0,54157.276156601445,12.0,2800.0
12787,12.0,1814438.0,黃光亮,0.10375863313674928,Q9455990,Culture.Media.Media*,1814438.0,54157.276156601445,12.0,2800.0
12788,12.0,1814438.0,黃光亮,0.0,Q9455990,Geography.Regions.Asia.Asia*,1814438.0,54157.276156601445,12.0,2800.0
12789,2.0,1816775.0,章泽天,0.996185541152954,Q9202202,Culture.Biography.Biography*,1816775.0,5267.8554359599575,12.0,3597.0
12790,2.0,1816775.0,章泽天,0.7663036584854126,Q9202202,Culture.Biography.Women,1816775.0,5267.8554359599575,12.0,3597.0
12791,2.0,1816775.0,章泽天,0.35867373847961426,Q9202202,Geography.Regions.Asia.East_Asia,1816775.0,5267.8554359599575,12.0,3597.0
12792,2.0,1816775.0,章泽天,0.23371636867523196,Q9202202,STEM.STEM*,1816775.0,5267.8554359599575,12.0,3597.0
12793,2.0,1816775.0,章泽天,0.15611489117145538,Q9202202,History_and_Society.Business_and_economics,1816775.0,5267.8554359599575,12.0,3597.0
12794,2.0,1816775.0,章泽天,0.0991983880996704,Q9202202,Geography.Regions.Asia.Asia*,1816775.0,5267.8554359599575,12.0,3597.0
12795,1.0,1818334.0,香月明美,0.9947898983955384,Q6663203,Culture.Biography.Biography*,1818334.0,0.0,12.0,1850.0
12796,1.0,1818334.0,香月明美,0.6926519870758057,Q6663203,Culture.Biography.Women,1818334.0,0.0,12.0,1850.0
12797,1.0,1818334.0,香月明美,0.4921981394290924,Q6663203,Culture.Visual_arts.Fashion,1818334.0,0.0,12.0,1850.0
12798,1.0,1818334.0,香月明美,0.41490885615348816,Q6663203,Culture.Visual_arts.Visual_arts*,1818334.0,0.0,12.0,1850.0
12799,1.0,1818334.0,香月明美,0.40734341740608215,Q6663203,History_and_Society.Society,1818334.0,0.0,12.0,1850.0
12800,1.0,1818334.0,香月明美,0.06886266374588013,Q6663203,Geography.Regions.Asia.Asia*,1818334.0,0.0,12.0,1850.0
12801,1.0,1818334.0,香月明美,0.0,Q6663203,Geography.Regions.Asia.East_Asia,1818334.0,0.0,12.0,1850.0
12802,10.0,1821532.0,洪瑜暻,0.966924011707306,Q6762473,Culture.Biography.Biography*,1821532.0,636.9636403938074,0.0,2719.0
12803,10.0,1821532.0,洪瑜暻,0.4826069941520691,Q6762473,Geography.Regions.Asia.East_Asia,1821532.0,636.9636403938074,0.0,2719.0
12804,10.0,1821532.0,洪瑜暻,0.4678661694526672,Q6762473,Geography.Regions.Asia.Asia*,1821532.0,636.9636403938074,0.0,2719.0
12805,10.0,1821532.0,洪瑜暻,0.40734341740608215,Q6762473,Culture.Media.Music,1821532.0,636.9636403938074,0.0,2719.0
12806,10.0,1821532.0,洪瑜暻,0.3557848632335663,Q6762473,Culture.Biography.Women,1821532.0,636.9636403938074,0.0,2719.0
12807,10.0,1821532.0,洪瑜暻,0.2942249774932861,Q6762473,Culture.Media.Media*,1821532.0,636.9636403938074,0.0,2719.0
12808,6.0,1826537.0,林國成,1.0000100135803225,Q8982750,Culture.Biography.Biography*,1826537.0,12552.463613897087,2.0,4857.0
12809,6.0,1826537.0,林國成,0.2814156115055084,Q8982750,History_and_Society.Society,1826537.0,12552.463613897087,2.0,4857.0
12810,6.0,1826537.0,林國成,0.21124218606948847,Q8982750,Geography.Regions.Asia.Asia*,1826537.0,12552.463613897087,2.0,4857.0
12811,6.0,1826537.0,林國成,0.0,Q8982750,Geography.Regions.Asia.East_Asia,1826537.0,12552.463613897087,2.0,4857.0
12812,1.0,1826633.0,米兰达·哈特,1.0000100135803225,Q2217295,Culture.Biography.Biography*,1826633.0,0.0,6.0,926.0
12813,1.0,1826633.0,米兰达·哈特,0.9770326614379884,Q2217295,Culture.Biography.Women,1826633.0,0.0,6.0,926.0
12814,1.0,1826633.0,米兰达·哈特,0.4765896201133728,Q2217295,Culture.Literature,1826633.0,0.0,6.0,926.0
12815,1.0,1826633.0,米兰达·哈特,0.3140605390071869,Q2217295,Culture.Media.Media*,1826633.0,0.0,6.0,926.0
12816,1.0,1826633.0,米兰达·哈特,0.24509501457214355,Q2217295,Culture.Media.Television,1826633.0,0.0,6.0,926.0
12817,1.0,1826633.0,米兰达·哈特,0.2120788097381592,Q2217295,Culture.Media.Entertainment,1826633.0,0.0,6.0,926.0
12818,1.0,1826633.0,米兰达·哈特,0.0,Q2217295,Geography.Regions.Europe.Europe*,1826633.0,0.0,6.0,926.0
12819,1.0,1826633.0,米兰达·哈特,0.0,Q2217295,Geography.Regions.Europe.Northern_Europe,1826633.0,0.0,6.0,926.0
12820,3.0,1829507.0,威廉·達佛,0.9986850023269652,Q188772,Culture.Biography.Biography*,1829507.0,8296.791480721267,6.0,2075.0
12821,3.0,1829507.0,威廉·達佛,0.5156299471855164,Q188772,Culture.Media.Media*,1829507.0,8296.791480721267,6.0,2075.0
12822,3.0,1829507.0,威廉·達佛,0.3073680400848389,Q188772,Culture.Media.Films,1829507.0,8296.791480721267,6.0,2075.0
12823,3.0,1829507.0,威廉·達佛,0.06118653917312623,Q188772,Geography.Regions.Americas.North_America,1829507.0,8296.791480721267,6.0,2075.0
12824,1.0,1829591.0,戰區高空防御飛彈,0.8933194279670715,Q523156,History_and_Society.Military_and_warfare,1829591.0,0.0,5.0,1693.0
12825,1.0,1829591.0,戰區高空防御飛彈,0.6442351341247559,Q523156,STEM.Technology,1829591.0,0.0,5.0,1693.0
12826,1.0,1829591.0,戰區高空防御飛彈,0.4225146472454071,Q523156,STEM.STEM*,1829591.0,0.0,5.0,1693.0
12827,1.0,1829591.0,戰區高空防御飛彈,0.320831298828125,Q523156,STEM.Space,1829591.0,0.0,5.0,1693.0
12828,1.0,1829591.0,戰區高空防御飛彈,0.10375863313674928,Q523156,History_and_Society.Transportation,1829591.0,0.0,5.0,1693.0
12829,1.0,1829591.0,戰區高空防御飛彈,0.0,Q523156,Geography.Regions.Americas.North_America,1829591.0,0.0,5.0,1693.0
12830,1.0,1834017.0,美敦力,0.7606606483459473,Q642189,History_and_Society.Business_and_economics,1834017.0,0.0,10.0,3290.0
12831,1.0,1834017.0,美敦力,0.4532718360424042,Q642189,STEM.STEM*,1834017.0,0.0,10.0,3290.0
12832,1.0,1834017.0,美敦力,0.2069040536880493,Q642189,STEM.Medicine_&_Health,1834017.0,0.0,10.0,3290.0
12833,1.0,1834017.0,美敦力,0.11280541121959685,Q642189,STEM.Technology,1834017.0,0.0,10.0,3290.0
12834,1.0,1834017.0,美敦力,0.0,Q642189,Geography.Regions.Europe.Europe*,1834017.0,0.0,10.0,3290.0
12835,1.0,1834017.0,美敦力,0.0,Q642189,Geography.Regions.Europe.Northern_Europe,1834017.0,0.0,10.0,3290.0
12836,1.0,1834017.0,美敦力,0.0,Q642189,Geography.Regions.Americas.North_America,1834017.0,0.0,10.0,3290.0
12837,3.0,1836397.0,凤凰卫视相关争议,0.2942249774932861,Q10956526,STEM.STEM*,1836397.0,6726.729434569344,10.0,0.0
12838,3.0,1836397.0,凤凰卫视相关争议,0.0,Q10956526,Geography.Regions.Asia.Asia*,1836397.0,6726.729434569344,10.0,0.0
12839,3.0,1836397.0,凤凰卫视相关争议,0.0,Q10956526,Geography.Regions.Americas.North_America,1836397.0,6726.729434569344,10.0,0.0
12840,3.0,1836397.0,凤凰卫视相关争议,0.0,Q10956526,Geography.Regions.Europe.Europe*,1836397.0,6726.729434569344,10.0,0.0
12841,1.0,1836505.0,杜平 (演員),0.9949496984481812,Q9212057,Culture.Biography.Biography*,1836505.0,0.0,2.0,3217.0
12842,1.0,1836505.0,杜平 (演員),0.311877357006073,Q9212057,Geography.Regions.Asia.Asia*,1836505.0,0.0,2.0,3217.0
12843,1.0,1836505.0,杜平 (演員),0.2596606483459473,Q9212057,Geography.Regions.Asia.East_Asia,1836505.0,0.0,2.0,3217.0
12844,4.0,1837524.0,灣生,0.2942249774932861,Q17996224,STEM.STEM*,1837524.0,13559.43947385186,12.0,2324.0
12845,4.0,1837524.0,灣生,0.0,Q17996224,Geography.Regions.Asia.Asia*,1837524.0,13559.43947385186,12.0,2324.0
12846,4.0,1837524.0,灣生,0.0,Q17996224,Geography.Regions.Americas.North_America,1837524.0,13559.43947385186,12.0,2324.0
12847,4.0,1837524.0,灣生,0.0,Q17996224,Geography.Regions.Europe.Europe*,1837524.0,13559.43947385186,12.0,2324.0
12848,1.0,1839090.0,禁运品,0.9969346523284912,Q1129080,Culture.Media.Films,1839090.0,0.0,13.0,1220.0
12849,1.0,1839090.0,禁运品,0.996837317943573,Q1129080,Culture.Media.Media*,1839090.0,0.0,13.0,1220.0
12850,1.0,1839090.0,禁运品,0.022430347442626952,Q1129080,Geography.Regions.Americas.North_America,1839090.0,0.0,13.0,1220.0
12851,1.0,1839090.0,禁运品,0.0,Q1129080,Geography.Regions.Europe.Northern_Europe,1839090.0,0.0,13.0,1220.0
12852,6.0,1841029.0,先總統蔣公逝世紀念日,0.2942249774932861,Q17059726,STEM.STEM*,1841029.0,379.07702724827936,5.0,1131.0
12853,6.0,1841029.0,先總統蔣公逝世紀念日,0.0,Q17059726,Geography.Regions.Asia.Asia*,1841029.0,379.07702724827936,5.0,1131.0
12854,6.0,1841029.0,先總統蔣公逝世紀念日,0.0,Q17059726,Geography.Regions.Americas.North_America,1841029.0,379.07702724827936,5.0,1131.0
12855,6.0,1841029.0,先總統蔣公逝世紀念日,0.0,Q17059726,Geography.Regions.Europe.Europe*,1841029.0,379.07702724827936,5.0,1131.0
12856,4.0,1844964.0,新民黨,1.0,Q7230689,Compilation.List_Disambig,1844964.0,494.7070803644018,3.0,721.0
12857,4.0,1844964.0,新民黨,0.15611489117145538,Q7230689,STEM.STEM*,1844964.0,494.7070803644018,3.0,721.0
12858,4.0,1844964.0,新民黨,0.14805719256401062,Q7230689,History_and_Society.Transportation,1844964.0,494.7070803644018,3.0,721.0
12859,4.0,1844964.0,新民黨,0.11280541121959685,Q7230689,History_and_Society.Military_and_warfare,1844964.0,494.7070803644018,3.0,721.0
12860,4.0,1844964.0,新民黨,0.0,Q7230689,Geography.Regions.Asia.Asia*,1844964.0,494.7070803644018,3.0,721.0
12861,4.0,1844964.0,新民黨,0.0,Q7230689,Geography.Geographical,1844964.0,494.7070803644018,3.0,721.0
12862,4.0,1844964.0,新民黨,0.0,Q7230689,Geography.Regions.Asia.West_Asia,1844964.0,494.7070803644018,3.0,721.0
12863,11.0,1845894.0,客家裔臺灣人,0.2942249774932861,Q14123103,STEM.STEM*,1845894.0,33526.923335107684,2.0,2685.0
12864,11.0,1845894.0,客家裔臺灣人,0.0,Q14123103,Geography.Regions.Asia.Asia*,1845894.0,33526.923335107684,2.0,2685.0
12865,11.0,1845894.0,客家裔臺灣人,0.0,Q14123103,Geography.Regions.Americas.North_America,1845894.0,33526.923335107684,2.0,2685.0
12866,11.0,1845894.0,客家裔臺灣人,0.0,Q14123103,Geography.Regions.Europe.Europe*,1845894.0,33526.923335107684,2.0,2685.0
12867,5.0,1855384.0,吳有性,0.9099169969558716,Q10918928,Culture.Biography.Biography*,1855384.0,7882.0,5.0,1353.0
12868,5.0,1855384.0,吳有性,0.2509227991104126,Q10918928,STEM.STEM*,1855384.0,7882.0,5.0,1353.0
12869,5.0,1855384.0,吳有性,0.23371636867523196,Q10918928,STEM.Medicine_&_Health,1855384.0,7882.0,5.0,1353.0
12870,5.0,1855384.0,吳有性,0.19826446676254272,Q10918928,Geography.Regions.Asia.Asia*,1855384.0,7882.0,5.0,1353.0
12871,5.0,1855384.0,吳有性,0.11280541121959685,Q10918928,Culture.Philosophy_and_religion,1855384.0,7882.0,5.0,1353.0
12872,5.0,1855384.0,吳有性,0.07650540971755981,Q10918928,Geography.Regions.Asia.East_Asia,1855384.0,7882.0,5.0,1353.0
12873,1.0,1856202.0,驱魔警察,0.99593985080719,Q6730679,Culture.Media.Films,1856202.0,0.0,12.0,1302.0
12874,1.0,1856202.0,驱魔警察,0.9949496984481812,Q6730679,Culture.Media.Media*,1856202.0,0.0,12.0,1302.0
12875,1.0,1856202.0,驱魔警察,0.35867373847961426,Q6730679,Geography.Regions.Asia.East_Asia,1856202.0,0.0,12.0,1302.0
12876,1.0,1856202.0,驱魔警察,0.25392501258850103,Q6730679,Geography.Regions.Asia.Asia*,1856202.0,0.0,12.0,1302.0
12877,4.0,1856611.0,人鬼神,0.9579222798347472,Q10883668,Culture.Media.Films,1856611.0,4114.056213286024,12.0,1088.0
12878,4.0,1856611.0,人鬼神,0.8872146010398865,Q10883668,Culture.Media.Media*,1856611.0,4114.056213286024,12.0,1088.0
12879,4.0,1856611.0,人鬼神,0.4961204400062561,Q10883668,Geography.Regions.Asia.East_Asia,1856611.0,4114.056213286024,12.0,1088.0
12880,4.0,1856611.0,人鬼神,0.4936250915527344,Q10883668,Geography.Regions.Asia.Asia*,1856611.0,4114.056213286024,12.0,1088.0
12881,4.0,1856611.0,人鬼神,0.2069040536880493,Q10883668,Culture.Biography.Biography*,1856611.0,4114.056213286024,12.0,1088.0
12882,4.0,1856611.0,人鬼神,0.1294127255678177,Q10883668,History_and_Society.Society,1856611.0,4114.056213286024,12.0,1088.0
12883,2.0,1857863.0,蕾雅·瑟杜,0.9981998205184937,Q231096,Culture.Biography.Biography*,1857863.0,174.69183684210762,6.0,3083.0
12884,2.0,1857863.0,蕾雅·瑟杜,0.9724247455596924,Q231096,Culture.Biography.Women,1857863.0,174.69183684210762,6.0,3083.0
12885,2.0,1857863.0,蕾雅·瑟杜,0.4163126816749573,Q231096,Geography.Regions.Europe.Europe*,1857863.0,174.69183684210762,6.0,3083.0
12886,2.0,1857863.0,蕾雅·瑟杜,0.3952613940238953,Q231096,Geography.Regions.Europe.Western_Europe,1857863.0,174.69183684210762,6.0,3083.0
12887,9.0,1859431.0,萬劍機場聯合遙攻武器,1.0000100135803225,Q7966989,Culture.Biography.Biography*,1859431.0,2001.5506750627035,5.0,1688.0
12888,9.0,1859431.0,萬劍機場聯合遙攻武器,1.0000100135803225,Q7966989,History_and_Society.Society,1859431.0,2001.5506750627035,5.0,1688.0
12889,9.0,1859431.0,萬劍機場聯合遙攻武器,0.9986850023269652,Q7966989,History_and_Society.Military_and_warfare,1859431.0,2001.5506750627035,5.0,1688.0
12890,9.0,1859431.0,萬劍機場聯合遙攻武器,0.4984215965270996,Q7966989,Geography.Regions.Asia.East_Asia,1859431.0,2001.5506750627035,5.0,1688.0
12891,9.0,1859431.0,萬劍機場聯合遙攻武器,0.4873227348327637,Q7966989,Geography.Regions.Asia.Asia*,1859431.0,2001.5506750627035,5.0,1688.0
12892,9.0,1859431.0,萬劍機場聯合遙攻武器,0.14034625887870789,Q7966989,STEM.STEM*,1859431.0,2001.5506750627035,5.0,1688.0
12893,4.0,1861252.0,诸神之怒,0.9964163899421692,Q226773,Culture.Media.Films,1861252.0,2884.598705870319,16.0,1937.0
12894,4.0,1861252.0,诸神之怒,0.9960646033287048,Q226773,Culture.Media.Media*,1861252.0,2884.598705870319,16.0,1937.0
12895,4.0,1861252.0,诸神之怒,0.2942249774932861,Q226773,Culture.Media.Entertainment,1861252.0,2884.598705870319,16.0,1937.0
12896,4.0,1861252.0,诸神之怒,0.037993239402771,Q226773,Geography.Regions.Americas.North_America,1861252.0,2884.598705870319,16.0,1937.0
12897,4.0,1861252.0,诸神之怒,0.0,Q226773,Geography.Regions.Europe.Europe*,1861252.0,2884.598705870319,16.0,1937.0
12898,11.0,1861283.0,画皮II,0.9914325475692748,Q557232,Culture.Media.Films,1861283.0,21030.556656666686,12.0,1709.0
12899,11.0,1861283.0,画皮II,0.9850529432296752,Q557232,Culture.Media.Media*,1861283.0,21030.556656666686,12.0,1709.0
12900,11.0,1861283.0,画皮II,0.4929124584197998,Q557232,Geography.Regions.Asia.East_Asia,1861283.0,21030.556656666686,12.0,1709.0
12901,11.0,1861283.0,画皮II,0.4925217499732971,Q557232,Geography.Regions.Asia.Asia*,1861283.0,21030.556656666686,12.0,1709.0
12902,1.0,1861484.0,卢沙野,0.9763205647468568,Q10910089,Culture.Biography.Biography*,1861484.0,0.0,3.0,1749.0
12903,1.0,1861484.0,卢沙野,0.40734341740608215,Q10910089,History_and_Society.Politics_and_government,1861484.0,0.0,3.0,1749.0
12904,1.0,1861484.0,卢沙野,0.3730872144699097,Q10910089,Geography.Regions.Asia.East_Asia,1861484.0,0.0,3.0,1749.0
12905,1.0,1861484.0,卢沙野,0.311877357006073,Q10910089,Geography.Regions.Asia.Asia*,1861484.0,0.0,3.0,1749.0
12906,5.0,1863845.0,松坂慶子,0.9958112239837646,Q717819,Culture.Biography.Biography*,1863845.0,4522.982062406919,13.0,2825.0
12907,5.0,1863845.0,松坂慶子,0.5156299471855164,Q717819,Culture.Biography.Women,1863845.0,4522.982062406919,13.0,2825.0
12908,5.0,1863845.0,松坂慶子,0.338743971824646,Q717819,Geography.Regions.Asia.East_Asia,1863845.0,4522.982062406919,13.0,2825.0
12909,5.0,1863845.0,松坂慶子,0.29719679260253906,Q717819,Geography.Regions.Asia.Asia*,1863845.0,4522.982062406919,13.0,2825.0
12910,5.0,1863845.0,松坂慶子,0.14034625887870789,Q717819,Culture.Literature,1863845.0,4522.982062406919,13.0,2825.0
12911,2.0,1865180.0,杰森·莫玛,0.9993221759796144,Q315271,Culture.Biography.Biography*,1865180.0,0.0,6.0,2138.0
12912,2.0,1865180.0,杰森·莫玛,0.16027602553367615,Q315271,Culture.Media.Media*,1865180.0,0.0,6.0,2138.0
12913,2.0,1865180.0,杰森·莫玛,0.15742753648757934,Q315271,Geography.Regions.Americas.North_America,1865180.0,0.0,6.0,2138.0
12914,2.0,1865180.0,杰森·莫玛,0.11280541121959685,Q315271,Culture.Media.Television,1865180.0,0.0,6.0,2138.0
12915,2.0,1865180.0,杰森·莫玛,0.0,Q315271,Geography.Regions.Asia.Asia*,1865180.0,0.0,6.0,2138.0
12916,25.0,1866821.0,黑衣人3,0.9966334104537964,Q327713,Culture.Media.Films,1866821.0,17564.506699188772,6.0,2155.0
12917,25.0,1866821.0,黑衣人3,0.9960646033287048,Q327713,Culture.Media.Media*,1866821.0,17564.506699188772,6.0,2155.0
12918,25.0,1866821.0,黑衣人3,0.5234303474426271,Q327713,Culture.Media.Entertainment,1866821.0,17564.506699188772,6.0,2155.0
12919,25.0,1866821.0,黑衣人3,0.287777841091156,Q327713,Culture.Visual_arts.Comics_and_Anime,1866821.0,17564.506699188772,6.0,2155.0
12920,25.0,1866821.0,黑衣人3,0.2689514458179474,Q327713,Culture.Literature,1866821.0,17564.506699188772,6.0,2155.0
12921,25.0,1866821.0,黑衣人3,0.26285186409950256,Q327713,Culture.Visual_arts.Visual_arts*,1866821.0,17564.506699188772,6.0,2155.0
12922,25.0,1866821.0,黑衣人3,0.0,Q327713,Geography.Regions.Americas.North_America,1866821.0,17564.506699188772,6.0,2155.0
12923,6.0,1868930.0,快餐車 (電影),0.9697954058647156,Q60792,Culture.Media.Films,1868930.0,15690.803921147166,12.0,1817.0
12924,6.0,1868930.0,快餐車 (電影),0.9688661694526672,Q60792,Culture.Media.Media*,1868930.0,15690.803921147166,12.0,1817.0
12925,6.0,1868930.0,快餐車 (電影),0.3509628047943115,Q60792,Geography.Regions.Asia.East_Asia,1868930.0,15690.803921147166,12.0,1817.0
12926,6.0,1868930.0,快餐車 (電影),0.2763098945617676,Q60792,Geography.Regions.Asia.Asia*,1868930.0,15690.803921147166,12.0,1817.0
12927,9.0,1869637.0,十二生肖 (電影),0.974052667617798,Q391143,Culture.Media.Media*,1869637.0,24195.01881572204,12.0,1758.0
12928,9.0,1869637.0,十二生肖 (電影),0.946606695652008,Q391143,Culture.Media.Films,1869637.0,24195.01881572204,12.0,1758.0
12929,9.0,1869637.0,十二生肖 (電影),0.3893042674064636,Q391143,Geography.Regions.Asia.Asia*,1869637.0,24195.01881572204,12.0,1758.0
12930,9.0,1869637.0,十二生肖 (電影),0.3548611869812012,Q391143,Geography.Regions.Asia.East_Asia,1869637.0,24195.01881572204,12.0,1758.0
12931,4.0,1873898.0,永遠的三丁目的夕陽,0.9591643214225768,Q1138510,Culture.Media.Media*,1873898.0,3275.741100259335,13.0,1693.0
12932,4.0,1873898.0,永遠的三丁目的夕陽,0.9263137578964232,Q1138510,Culture.Media.Films,1873898.0,3275.741100259335,13.0,1693.0
12933,4.0,1873898.0,永遠的三丁目的夕陽,0.4294682612419128,Q1138510,Geography.Regions.Asia.Asia*,1873898.0,3275.741100259335,13.0,1693.0
12934,4.0,1873898.0,永遠的三丁目的夕陽,0.3344935646057129,Q1138510,Geography.Regions.Asia.East_Asia,1873898.0,3275.741100259335,13.0,1693.0
12935,4.0,1873898.0,永遠的三丁目的夕陽,0.16886694729328156,Q1138510,Culture.Literature,1873898.0,3275.741100259335,13.0,1693.0
12936,12.0,1878867.0,乐视网,0.7606606483459473,Q27808154,History_and_Society.Business_and_economics,1878867.0,58115.22888319832,10.0,3517.0
12937,12.0,1878867.0,乐视网,0.4616831412315369,Q27808154,Geography.Regions.Asia.East_Asia,1878867.0,58115.22888319832,10.0,3517.0
12938,12.0,1878867.0,乐视网,0.4423575868606568,Q27808154,Geography.Regions.Asia.Asia*,1878867.0,58115.22888319832,10.0,3517.0
12939,12.0,1878867.0,乐视网,0.23371636867523196,Q27808154,Culture.Internet_culture,1878867.0,58115.22888319832,10.0,3517.0
12940,12.0,1878867.0,乐视网,0.14805719256401062,Q27808154,STEM.Technology,1878867.0,58115.22888319832,10.0,3517.0
12941,12.0,1878867.0,乐视网,0.1259327530860901,Q27808154,STEM.STEM*,1878867.0,58115.22888319832,10.0,3517.0
12942,4.0,1886296.0,超級戰艦,0.9960646033287048,Q474033,Culture.Media.Media*,1886296.0,10448.235655061213,6.0,2840.0
12943,4.0,1886296.0,超級戰艦,0.992888569831848,Q474033,Culture.Media.Films,1886296.0,10448.235655061213,6.0,2840.0
12944,4.0,1886296.0,超級戰艦,0.4301573634147644,Q474033,Culture.Media.Entertainment,1886296.0,10448.235655061213,6.0,2840.0
12945,4.0,1886296.0,超級戰艦,0.10375863313674928,Q474033,Culture.Visual_arts.Comics_and_Anime,1886296.0,10448.235655061213,6.0,2840.0
12946,4.0,1886296.0,超級戰艦,0.08411114120483397,Q474033,Geography.Regions.Americas.North_America,1886296.0,10448.235655061213,6.0,2840.0
12947,1.0,1889454.0,高功能自閉症,1.0000100135803225,Q1788847,STEM.Medicine_&_Health,1889454.0,0.0,6.0,2917.0
12948,1.0,1889454.0,高功能自閉症,0.998142421245575,Q1788847,STEM.STEM*,1889454.0,0.0,6.0,2917.0
12949,1.0,1889454.0,高功能自閉症,0.8175845146179199,Q1788847,History_and_Society.Society,1889454.0,0.0,6.0,2917.0
12950,1.0,1889454.0,高功能自閉症,0.7826725244522095,Q1788847,STEM.Biology,1889454.0,0.0,6.0,2917.0
12951,27.0,1889626.0,盲探,0.8740872144699097,Q11699344,Culture.Media.Films,1889626.0,34206.49060273753,12.0,2905.0
12952,27.0,1889626.0,盲探,0.7371681928634644,Q11699344,Culture.Media.Media*,1889626.0,34206.49060273753,12.0,2905.0
12953,27.0,1889626.0,盲探,0.4831036200523377,Q11699344,Geography.Regions.Asia.East_Asia,1889626.0,34206.49060273753,12.0,2905.0
12954,27.0,1889626.0,盲探,0.4705740084648132,Q11699344,Geography.Regions.Asia.Asia*,1889626.0,34206.49060273753,12.0,2905.0
12955,2.0,1895547.0,巴不得媽媽...,0.9859463572502136,Q5283839,Culture.Media.Media*,1895547.0,50.262947881291524,7.0,1867.0
12956,2.0,1895547.0,巴不得媽媽...,0.9777238368988036,Q5283839,Culture.Media.Television,1895547.0,50.262947881291524,7.0,1867.0
12957,2.0,1895547.0,巴不得媽媽...,0.29719679260253906,Q5283839,Geography.Regions.Asia.East_Asia,1895547.0,50.262947881291524,7.0,1867.0
12958,2.0,1895547.0,巴不得媽媽...,0.270853506565094,Q5283839,Geography.Regions.Asia.Asia*,1895547.0,50.262947881291524,7.0,1867.0
12959,3.0,1906262.0,吳嘉龍,0.9949496984481812,Q5040580,Culture.Biography.Biography*,1906262.0,184.56819659986297,12.0,2011.0
12960,3.0,1906262.0,吳嘉龍,0.2596606483459473,Q5040580,Geography.Regions.Asia.Asia*,1906262.0,184.56819659986297,12.0,2011.0
12961,3.0,1906262.0,吳嘉龍,0.17818872833251953,Q5040580,Geography.Regions.Asia.East_Asia,1906262.0,184.56819659986297,12.0,2011.0
12962,1.0,1910658.0,停前镇,1.0000100135803225,Q10881185,Geography.Regions.Asia.East_Asia,1910658.0,0.0,15.0,582.0
12963,1.0,1910658.0,停前镇,0.9996055364608764,Q10881185,Geography.Regions.Asia.Asia*,1910658.0,0.0,15.0,582.0
12964,1.0,1913340.0,柳青 (演員),1.0000100135803225,Q11110076,Culture.Biography.Biography*,1913340.0,0.0,11.0,931.0
12965,1.0,1913340.0,柳青 (演員),0.7248802781105042,Q11110076,History_and_Society.Society,1913340.0,0.0,11.0,931.0
12966,1.0,1913340.0,柳青 (演員),0.6992644667625427,Q11110076,Culture.Biography.Women,1913340.0,0.0,11.0,931.0
12967,1.0,1913340.0,柳青 (演員),0.4687954058647156,Q11110076,Geography.Regions.Asia.East_Asia,1913340.0,0.0,11.0,931.0
12968,1.0,1913340.0,柳青 (演員),0.4581643214225769,Q11110076,Geography.Regions.Asia.Asia*,1913340.0,0.0,11.0,931.0
12969,1.0,1920618.0,熟男型不型,0.99753737449646,Q519490,Culture.Media.Films,1920618.0,0.0,6.0,1416.0
12970,1.0,1920618.0,熟男型不型,0.993317186832428,Q519490,Culture.Media.Media*,1920618.0,0.0,6.0,1416.0
12971,1.0,1920618.0,熟男型不型,0.24509501457214355,Q519490,Culture.Media.Entertainment,1920618.0,0.0,6.0,1416.0
12972,1.0,1920618.0,熟男型不型,0.15036486291885376,Q519490,Geography.Regions.Americas.North_America,1920618.0,0.0,6.0,1416.0
12973,6.0,1925759.0,約翰·卡拉辛斯基,0.9992778301239014,Q313039,Culture.Biography.Biography*,1925759.0,17634.977836911894,6.0,2281.0
12974,6.0,1925759.0,約翰·卡拉辛斯基,0.16027602553367615,Q313039,Culture.Biography.Women,1925759.0,17634.977836911894,6.0,2281.0
12975,6.0,1925759.0,約翰·卡拉辛斯基,0.1520422399044037,Q313039,Culture.Media.Media*,1925759.0,17634.977836911894,6.0,2281.0
12976,6.0,1925759.0,約翰·卡拉辛斯基,0.12878464365005493,Q313039,Geography.Regions.Americas.North_America,1925759.0,17634.977836911894,6.0,2281.0
12977,1.0,1934032.0,奥利维亚·穆恩,0.9991804361343384,Q236475,Culture.Biography.Biography*,1934032.0,0.0,6.0,2768.0
12978,1.0,1934032.0,奥利维亚·穆恩,0.9219318628311156,Q236475,Culture.Biography.Women,1934032.0,0.0,6.0,2768.0
12979,1.0,1934032.0,奥利维亚·穆恩,0.3415925204753876,Q236475,Culture.Media.Media*,1934032.0,0.0,6.0,2768.0
12980,1.0,1934032.0,奥利维亚·穆恩,0.1294127255678177,Q236475,Culture.Media.Television,1934032.0,0.0,6.0,2768.0
12981,1.0,1934032.0,奥利维亚·穆恩,0.11409788036346435,Q236475,Geography.Regions.Americas.North_America,1934032.0,0.0,6.0,2768.0
12982,3.0,1934766.0,亞當·布羅迪,0.9990700483322144,Q294372,Culture.Biography.Biography*,1934766.0,5117.466706678999,1.0,1509.0
12983,3.0,1934766.0,亞當·布羅迪,0.1824355274438858,Q294372,Culture.Media.Media*,1934766.0,5117.466706678999,1.0,1509.0
12984,3.0,1934766.0,亞當·布羅迪,0.08411114120483397,Q294372,Geography.Regions.Americas.North_America,1934766.0,5117.466706678999,1.0,1509.0
12985,2.0,1935083.0,坐檯小姐,0.9481645226478576,Q10928589,Culture.Food_and_drink,1935083.0,2687.130332642193,13.0,1617.0
12986,2.0,1935083.0,坐檯小姐,0.21124218606948847,Q10928589,Geography.Regions.Asia.Asia*,1935083.0,2687.130332642193,13.0,1617.0
12987,2.0,1935083.0,坐檯小姐,0.13604079389572146,Q10928589,Geography.Regions.Asia.East_Asia,1935083.0,2687.130332642193,13.0,1617.0
12988,2.0,1935083.0,坐檯小姐,0.10088862478733064,Q10928589,History_and_Society.Politics_and_government,1935083.0,2687.130332642193,13.0,1617.0
12989,15.0,2729029.0,毒戰,0.9046605229377748,Q4249764,Culture.Media.Media*,2729029.0,2335.039246523342,12.0,2733.0
12990,15.0,2729029.0,毒戰,0.8175845146179199,Q4249764,Culture.Media.Films,2729029.0,2335.039246523342,12.0,2733.0
12991,15.0,2729029.0,毒戰,0.2596606483459473,Q4249764,Geography.Regions.Asia.East_Asia,2729029.0,2335.039246523342,12.0,2733.0
12992,15.0,2729029.0,毒戰,0.022430347442626952,Q4249764,Geography.Regions.Asia.Asia*,2729029.0,2335.039246523342,12.0,2733.0
12993,12.0,2734207.0,布莱斯·达拉斯·霍华德,0.9990402460098268,Q229775,Culture.Biography.Biography*,2734207.0,9631.649504181272,6.0,1876.0
12994,12.0,2734207.0,布莱斯·达拉斯·霍华德,0.6654205918312073,Q229775,Culture.Biography.Women,2734207.0,9631.649504181272,6.0,1876.0
12995,12.0,2734207.0,布莱斯·达拉斯·霍华德,0.13661839067935946,Q229775,Culture.Literature,2734207.0,9631.649504181272,6.0,1876.0
12996,12.0,2734207.0,布莱斯·达拉斯·霍华德,0.1067005917429924,Q229775,Culture.Media.Media*,2734207.0,9631.649504181272,6.0,1876.0
12997,12.0,2734207.0,布莱斯·达拉斯·霍华德,0.0,Q229775,Geography.Regions.Americas.North_America,2734207.0,9631.649504181272,6.0,1876.0
12998,12.0,2734207.0,布莱斯·达拉斯·霍华德,0.0,Q229775,Geography.Regions.Europe.Europe*,2734207.0,9631.649504181272,6.0,1876.0
12999,12.0,2734207.0,布莱斯·达拉斯·霍华德,0.0,Q229775,Geography.Regions.Europe.Northern_Europe,2734207.0,9631.649504181272,6.0,1876.0
13000,6.0,2739924.0,農林,1.0000100135803225,Q5356268,Culture.Literature,2739924.0,15054.74404305135,13.0,3616.0
13001,6.0,2739924.0,農林,0.9967369437217712,Q5356268,Culture.Visual_arts.Comics_and_Anime,2739924.0,15054.74404305135,13.0,3616.0
13002,6.0,2739924.0,農林,0.9947898983955384,Q5356268,Culture.Visual_arts.Visual_arts*,2739924.0,15054.74404305135,13.0,3616.0
13003,6.0,2739924.0,農林,0.5544804334640503,Q5356268,Culture.Media.Media*,2739924.0,15054.74404305135,13.0,3616.0
13004,2.0,2740702.0,峇里島的日子,0.91965252161026,Q491393,Culture.Media.Media*,2740702.0,0.0,0.0,1744.0
13005,2.0,2740702.0,峇里島的日子,0.8479777574539185,Q491393,Culture.Media.Television,2740702.0,0.0,0.0,1744.0
13006,2.0,2740702.0,峇里島的日子,0.4352950325012207,Q491393,Geography.Regions.Asia.East_Asia,2740702.0,0.0,0.0,1744.0
13007,2.0,2740702.0,峇里島的日子,0.42531375789642334,Q491393,Geography.Regions.Asia.Asia*,2740702.0,0.0,0.0,1744.0
13008,12.0,2745302.0,鷹眼 (漫畫),0.9980222582817078,Q19095,Culture.Literature,2745302.0,436.2278932839603,6.0,2422.0
13009,12.0,2745302.0,鷹眼 (漫畫),0.3140605390071869,Q19095,Culture.Visual_arts.Visual_arts*,2745302.0,436.2278932839603,6.0,2422.0
13010,12.0,2745302.0,鷹眼 (漫畫),0.275139719247818,Q19095,Culture.Visual_arts.Comics_and_Anime,2745302.0,436.2278932839603,6.0,2422.0
13011,27.0,2745468.0,黑寡妇 (娜塔莎·罗曼诺娃),0.9914325475692748,Q369197,Culture.Literature,2745468.0,3198.1803506138317,6.0,2812.0
13012,27.0,2745468.0,黑寡妇 (娜塔莎·罗曼诺娃),0.6442351341247559,Q369197,Culture.Visual_arts.Visual_arts*,2745468.0,3198.1803506138317,6.0,2812.0
13013,27.0,2745468.0,黑寡妇 (娜塔莎·罗曼诺娃),0.320831298828125,Q369197,Culture.Visual_arts.Comics_and_Anime,2745468.0,3198.1803506138317,6.0,2812.0
13014,27.0,2745468.0,黑寡妇 (娜塔莎·罗曼诺娃),0.2120788097381592,Q369197,History_and_Society.Society,2745468.0,3198.1803506138317,6.0,2812.0
13015,27.0,2745468.0,黑寡妇 (娜塔莎·罗曼诺娃),0.1520422399044037,Q369197,Culture.Biography.Biography*,2745468.0,3198.1803506138317,6.0,2812.0
13016,27.0,2745468.0,黑寡妇 (娜塔莎·罗曼诺娃),0.0,Q369197,Geography.Regions.Americas.North_America,2745468.0,3198.1803506138317,6.0,2812.0
13017,8.0,2748444.0,賭聖2：街頭賭聖,0.9219318628311156,Q16078804,Culture.Media.Media*,2748444.0,3297.486095879074,12.0,1268.0
13018,8.0,2748444.0,賭聖2：街頭賭聖,0.9019306898117064,Q16078804,Culture.Media.Films,2748444.0,3297.486095879074,12.0,1268.0
13019,8.0,2748444.0,賭聖2：街頭賭聖,0.4944004287719727,Q16078804,Geography.Regions.Asia.East_Asia,2748444.0,3297.486095879074,12.0,1268.0
13020,8.0,2748444.0,賭聖2：街頭賭聖,0.4893015494346618,Q16078804,Geography.Regions.Asia.Asia*,2748444.0,3297.486095879074,12.0,1268.0
13021,8.0,2749849.0,敦睦遠航訓練支隊,0.9985549449920654,Q15910206,Culture.Biography.Biography*,2749849.0,8197.039935005123,5.0,1081.0
13022,8.0,2749849.0,敦睦遠航訓練支隊,0.99753737449646,Q15910206,History_and_Society.Society,2749849.0,8197.039935005123,5.0,1081.0
13023,8.0,2749849.0,敦睦遠航訓練支隊,0.839743971824646,Q15910206,History_and_Society.Military_and_warfare,2749849.0,8197.039935005123,5.0,1081.0
13024,8.0,2749849.0,敦睦遠航訓練支隊,0.4893015494346618,Q15910206,Geography.Regions.Asia.East_Asia,2749849.0,8197.039935005123,5.0,1081.0
13025,8.0,2749849.0,敦睦遠航訓練支隊,0.4456066956520081,Q15910206,Geography.Regions.Asia.Asia*,2749849.0,8197.039935005123,5.0,1081.0
13026,8.0,2749849.0,敦睦遠航訓練支隊,0.4301573634147644,Q15910206,History_and_Society.Transportation,2749849.0,8197.039935005123,5.0,1081.0
13027,1.0,2752755.0,Cytus,1.0000100135803225,Q5201416,Culture.Media.Media*,2752755.0,0.0,16.0,2358.0
13028,1.0,2752755.0,Cytus,1.0000100135803225,Q5201416,Culture.Internet_culture,2752755.0,0.0,16.0,2358.0
13029,1.0,2752755.0,Cytus,1.0000100135803225,Q5201416,Culture.Media.Video_games,2752755.0,0.0,16.0,2358.0
13030,4.0,2756275.0,韦科惨案,0.839743971824646,Q258873,History_and_Society.Military_and_warfare,2756275.0,6813.508599293801,6.0,4336.0
13031,4.0,2756275.0,韦科惨案,0.3073680400848389,Q258873,Geography.Regions.Americas.North_America,2756275.0,6813.508599293801,6.0,4336.0
13032,4.0,2756275.0,韦科惨案,0.15611489117145538,Q258873,Geography.Regions.Asia.Asia*,2756275.0,6813.508599293801,6.0,4336.0
13033,4.0,2756275.0,韦科惨案,0.1520422399044037,Q258873,Culture.Philosophy_and_religion,2756275.0,6813.508599293801,6.0,4336.0
13034,4.0,2756275.0,韦科惨案,0.1294127255678177,Q258873,History_and_Society.History,2756275.0,6813.508599293801,6.0,4336.0
13035,2.0,2759837.0,坂道上的阿波羅,1.0000100135803225,Q1670019,Culture.Literature,2759837.0,690.4251413630208,13.0,1255.0
13036,2.0,2759837.0,坂道上的阿波羅,1.0000100135803225,Q1670019,Culture.Visual_arts.Comics_and_Anime,2759837.0,690.4251413630208,13.0,1255.0
13037,2.0,2759837.0,坂道上的阿波羅,1.0000100135803225,Q1670019,Culture.Visual_arts.Visual_arts*,2759837.0,690.4251413630208,13.0,1255.0
13038,6.0,2761958.0,特種部隊2：正面對決,0.9963027834892272,Q1146345,Culture.Media.Films,2761958.0,5596.205190533898,6.0,3707.0
13039,6.0,2761958.0,特種部隊2：正面對決,0.996185541152954,Q1146345,Culture.Media.Media*,2761958.0,5596.205190533898,6.0,3707.0
13040,6.0,2761958.0,特種部隊2：正面對決,0.5312193632125854,Q1146345,Culture.Media.Entertainment,2761958.0,5596.205190533898,6.0,3707.0
13041,6.0,2761958.0,特種部隊2：正面對決,0.2069040536880493,Q1146345,Culture.Literature,2761958.0,5596.205190533898,6.0,3707.0
13042,6.0,2761958.0,特種部隊2：正面對決,0.1520422399044037,Q1146345,Culture.Visual_arts.Comics_and_Anime,2761958.0,5596.205190533898,6.0,3707.0
13043,6.0,2761958.0,特種部隊2：正面對決,0.13661839067935946,Q1146345,Culture.Visual_arts.Visual_arts*,2761958.0,5596.205190533898,6.0,3707.0
13044,6.0,2761958.0,特種部隊2：正面對決,0.04574816131591797,Q1146345,Geography.Regions.Americas.North_America,2761958.0,5596.205190533898,6.0,3707.0
13045,12.0,2764862.0,卡斯托耳和波鲁克斯,0.9324633479118348,Q190103,Culture.Philosophy_and_religion,2764862.0,5230.1443283228855,16.0,6060.0
13046,12.0,2764862.0,卡斯托耳和波鲁克斯,0.8962613940238953,Q190103,Culture.Literature,2764862.0,5230.1443283228855,16.0,6060.0
13047,12.0,2764862.0,卡斯托耳和波鲁克斯,0.880807101726532,Q190103,History_and_Society.History,2764862.0,5230.1443283228855,16.0,6060.0
13048,12.0,2764862.0,卡斯托耳和波鲁克斯,0.3073680400848389,Q190103,Culture.Biography.Biography*,2764862.0,5230.1443283228855,16.0,6060.0
13049,12.0,2764862.0,卡斯托耳和波鲁克斯,0.2689514458179474,Q190103,Culture.Biography.Women,2764862.0,5230.1443283228855,16.0,6060.0
13050,12.0,2764862.0,卡斯托耳和波鲁克斯,0.15036486291885376,Q190103,Geography.Regions.Europe.Southern_Europe,2764862.0,5230.1443283228855,16.0,6060.0
13051,12.0,2764862.0,卡斯托耳和波鲁克斯,0.03021936321258545,Q190103,Geography.Regions.Europe.Europe*,2764862.0,5230.1443283228855,16.0,6060.0
13052,1.0,2765223.0,姜斯宪,0.9939124584197998,Q8975465,Culture.Biography.Biography*,2765223.0,0.0,5.0,789.0
13053,1.0,2765223.0,姜斯宪,0.4906942119598389,Q8975465,Geography.Regions.Asia.East_Asia,2765223.0,0.0,5.0,789.0
13054,1.0,2765223.0,姜斯宪,0.4745869507789612,Q8975465,Geography.Regions.Asia.Asia*,2765223.0,0.0,5.0,789.0
13055,4.0,2767892.0,狄仁杰之神都龙王,0.994098961353302,Q14326808,Culture.Media.Media*,2767892.0,4347.806387123186,12.0,2287.0
13056,4.0,2767892.0,狄仁杰之神都龙王,0.9899964332580566,Q14326808,Culture.Media.Films,2767892.0,4347.806387123186,12.0,2287.0
13057,4.0,2767892.0,狄仁杰之神都龙王,0.4773946871757507,Q14326808,Geography.Regions.Asia.East_Asia,2767892.0,4347.806387123186,12.0,2287.0
13058,4.0,2767892.0,狄仁杰之神都龙王,0.4569222798347473,Q14326808,Geography.Regions.Asia.Asia*,2767892.0,4347.806387123186,12.0,2287.0
13059,2.0,2772220.0,浮城 (電影),0.9539760947227478,Q8563842,Culture.Media.Media*,2772220.0,4109.6343596279685,1.0,1379.0
13060,2.0,2772220.0,浮城 (電影),0.8706072568893433,Q8563842,Culture.Media.Films,2772220.0,4109.6343596279685,1.0,1379.0
13061,2.0,2772220.0,浮城 (電影),0.3862146010398865,Q8563842,Geography.Regions.Asia.East_Asia,2772220.0,4109.6343596279685,1.0,1379.0
13062,2.0,2772220.0,浮城 (電影),0.29719679260253906,Q8563842,Geography.Regions.Asia.Asia*,2772220.0,4109.6343596279685,1.0,1379.0
13063,1.0,2772924.0,石天,0.9986429810523988,Q5246464,Culture.Biography.Biography*,2772924.0,0.0,7.0,2066.0
13064,1.0,2772924.0,石天,0.0,Q5246464,Geography.Regions.Asia.Asia*,2772924.0,0.0,7.0,2066.0
13065,1.0,2772924.0,石天,0.0,Q5246464,Geography.Regions.Asia.East_Asia,2772924.0,0.0,7.0,2066.0
13066,1.0,2798315.0,對日裔美國人的囚禁,0.6859594583511353,Q936604,History_and_Society.Politics_and_government,2798315.0,0.0,5.0,2373.0
13067,1.0,2798315.0,對日裔美國人的囚禁,0.585111141204834,Q936604,History_and_Society.Military_and_warfare,2798315.0,0.0,5.0,2373.0
13068,1.0,2798315.0,對日裔美國人的囚禁,0.5775054097175598,Q936604,History_and_Society.History,2798315.0,0.0,5.0,2373.0
13069,1.0,2798315.0,對日裔美國人的囚禁,0.2069040536880493,Q936604,STEM.STEM*,2798315.0,0.0,5.0,2373.0
13070,1.0,2798315.0,對日裔美國人的囚禁,0.11921291798353195,Q936604,History_and_Society.Society,2798315.0,0.0,5.0,2373.0
13071,1.0,2798315.0,對日裔美國人的囚禁,0.1067005917429924,Q936604,History_and_Society.Transportation,2798315.0,0.0,5.0,2373.0
13072,1.0,2798315.0,對日裔美國人的囚禁,0.0,Q936604,Geography.Regions.Americas.North_America,2798315.0,0.0,5.0,2373.0
13073,1.0,2798315.0,對日裔美國人的囚禁,0.0,Q936604,Geography.Regions.Asia.Asia*,2798315.0,0.0,5.0,2373.0
13074,1.0,2798315.0,對日裔美國人的囚禁,0.0,Q936604,Geography.Regions.Asia.East_Asia,2798315.0,0.0,5.0,2373.0
13075,7.0,2799844.0,十萬火急 (香港電影),0.8439050912857056,Q3238400,Culture.Media.Media*,2799844.0,2648.7302695545723,12.0,1882.0
13076,7.0,2799844.0,十萬火急 (香港電影),0.7186043858528137,Q3238400,Culture.Media.Films,2799844.0,2648.7302695545723,12.0,1882.0
13077,7.0,2799844.0,十萬火急 (香港電影),0.4471645226478577,Q3238400,Geography.Regions.Asia.Asia*,2799844.0,2648.7302695545723,12.0,1882.0
13078,7.0,2799844.0,十萬火急 (香港電影),0.4440047016143799,Q3238400,Geography.Regions.Asia.East_Asia,2799844.0,2648.7302695545723,12.0,1882.0
13079,2.0,2807949.0,幽靈 (韓國電視劇),0.9481645226478576,Q492337,Culture.Media.Media*,2807949.0,3942.0,0.0,2908.0
13080,2.0,2807949.0,幽靈 (韓國電視劇),0.8354935646057129,Q492337,Culture.Media.Television,2807949.0,3942.0,0.0,2908.0
13081,2.0,2807949.0,幽靈 (韓國電視劇),0.4515841474533081,Q492337,Geography.Regions.Asia.East_Asia,2807949.0,3942.0,0.0,2908.0
13082,2.0,2807949.0,幽靈 (韓國電視劇),0.4139109721183777,Q492337,Geography.Regions.Asia.Asia*,2807949.0,3942.0,0.0,2908.0
13083,1.0,2808663.0,愛德華·弗朗,1.0000100135803225,Q309631,Culture.Biography.Biography*,2808663.0,0.0,13.0,1361.0
13084,1.0,2808663.0,愛德華·弗朗,0.2393593490123749,Q309631,Culture.Media.Media*,2808663.0,0.0,13.0,1361.0
13085,1.0,2808663.0,愛德華·弗朗,0.1259327530860901,Q309631,Culture.Media.Television,2808663.0,0.0,13.0,1361.0
13086,1.0,2808663.0,愛德華·弗朗,0.0,Q309631,Geography.Regions.Americas.North_America,2808663.0,0.0,13.0,1361.0
13087,1.0,2808663.0,愛德華·弗朗,0.0,Q309631,Geography.Regions.Europe.Europe*,2808663.0,0.0,13.0,1361.0
13088,5.0,2810350.0,丽贝卡·罗梅恩,1.0000100135803225,Q202792,Culture.Biography.Biography*,2810350.0,0.0,6.0,1172.0
13089,5.0,2810350.0,丽贝卡·罗梅恩,0.7826725244522095,Q202792,Culture.Biography.Women,2810350.0,0.0,6.0,1172.0
13090,5.0,2810350.0,丽贝卡·罗梅恩,0.22816647589206696,Q202792,Culture.Media.Media*,2810350.0,0.0,6.0,1172.0
13091,5.0,2810350.0,丽贝卡·罗梅恩,0.18714269995689392,Q202792,Culture.Visual_arts.Visual_arts*,2810350.0,0.0,6.0,1172.0
13092,5.0,2810350.0,丽贝卡·罗梅恩,0.15742753648757934,Q202792,Geography.Regions.Americas.North_America,2810350.0,0.0,6.0,1172.0
13093,5.0,2810350.0,丽贝卡·罗梅恩,0.0,Q202792,Geography.Regions.Europe.Europe*,2810350.0,0.0,6.0,1172.0
13094,1.0,2812913.0,肯尼迪悲剧,0.7186043858528137,Q1197259,Culture.Philosophy_and_religion,2812913.0,0.0,1.0,2843.0
13095,1.0,2812913.0,肯尼迪悲剧,0.2227101624011993,Q1197259,Culture.Literature,2812913.0,0.0,1.0,2843.0
13096,1.0,2812913.0,肯尼迪悲剧,0.13297423720359802,Q1197259,STEM.STEM*,2812913.0,0.0,1.0,2843.0
13097,1.0,2812913.0,肯尼迪悲剧,0.10088862478733064,Q1197259,Culture.Biography.Biography*,2812913.0,0.0,1.0,2843.0
13098,1.0,2812913.0,肯尼迪悲剧,0.0,Q1197259,Geography.Regions.Asia.East_Asia,2812913.0,0.0,1.0,2843.0
13099,1.0,2812913.0,肯尼迪悲剧,0.0,Q1197259,Geography.Regions.Asia.Asia*,2812913.0,0.0,1.0,2843.0
13100,1.0,2812913.0,肯尼迪悲剧,0.0,Q1197259,Geography.Regions.Europe.Europe*,2812913.0,0.0,1.0,2843.0
13101,9.0,2812976.0,勝地涼,0.99567848443985,Q5966080,Culture.Biography.Biography*,2812976.0,10042.32584736176,13.0,1639.0
13102,9.0,2812976.0,勝地涼,0.16027602553367615,Q5966080,Culture.Visual_arts.Comics_and_Anime,2812976.0,10042.32584736176,13.0,1639.0
13103,9.0,2812976.0,勝地涼,0.14034625887870789,Q5966080,Culture.Literature,2812976.0,10042.32584736176,13.0,1639.0
13104,9.0,2812976.0,勝地涼,0.12253321707248688,Q5966080,Culture.Visual_arts.Visual_arts*,2812976.0,10042.32584736176,13.0,1639.0
13105,9.0,2812976.0,勝地涼,0.0,Q5966080,Geography.Regions.Asia.Asia*,2812976.0,10042.32584736176,13.0,1639.0
13106,9.0,2812976.0,勝地涼,0.0,Q5966080,Geography.Regions.Asia.East_Asia,2812976.0,10042.32584736176,13.0,1639.0
13107,1.0,2817085.0,千鈞一髮 (電影),0.9986429810523988,Q491800,Culture.Media.Films,2817085.0,0.0,4.0,2334.0
13108,1.0,2817085.0,千鈞一髮 (電影),0.9980222582817078,Q491800,Culture.Media.Media*,2817085.0,0.0,4.0,2334.0
13109,1.0,2817085.0,千鈞一髮 (電影),0.3629792034626007,Q491800,Culture.Media.Entertainment,2817085.0,0.0,4.0,2334.0
13110,1.0,2817085.0,千鈞一髮 (電影),0.0,Q491800,Geography.Regions.Americas.North_America,2817085.0,0.0,4.0,2334.0
13111,15.0,2823629.0,喬許·布洛林,0.9994742274284364,Q41396,Culture.Biography.Biography*,2823629.0,17895.606459109196,6.0,3619.0
13112,15.0,2823629.0,喬許·布洛林,0.2047950496673584,Q41396,Geography.Regions.Americas.North_America,2823629.0,17895.606459109196,6.0,3619.0
13113,15.0,2823629.0,喬許·布洛林,0.0,Q41396,Geography.Regions.Europe.Northern_Europe,2823629.0,17895.606459109196,6.0,3619.0
13114,15.0,2823629.0,喬許·布洛林,0.0,Q41396,Geography.Regions.Europe.Europe*,2823629.0,17895.606459109196,6.0,3619.0
13115,1.0,2824448.0,彭晓彤,1.0000100135803225,Q11069845,Culture.Biography.Biography*,2824448.0,0.0,4.0,1714.0
13116,1.0,2824448.0,彭晓彤,0.9433575868606568,Q11069845,History_and_Society.Society,2824448.0,0.0,4.0,1714.0
13117,1.0,2824448.0,彭晓彤,0.4895974268913269,Q11069845,Geography.Regions.Asia.East_Asia,2824448.0,0.0,4.0,1714.0
13118,1.0,2824448.0,彭晓彤,0.4780457487106323,Q11069845,Geography.Regions.Asia.Asia*,2824448.0,0.0,4.0,1714.0
13119,1.0,2824448.0,彭晓彤,0.4610267877578736,Q11069845,Culture.Biography.Women,2824448.0,0.0,4.0,1714.0
13120,1.0,2824810.0,伊莫珍·盖伊·波茨,0.9994742274284364,Q237012,Culture.Biography.Biography*,2824810.0,0.0,12.0,1848.0
13121,1.0,2824810.0,伊莫珍·盖伊·波茨,0.8596737384796143,Q237012,Culture.Biography.Women,2824810.0,0.0,12.0,1848.0
13122,1.0,2824810.0,伊莫珍·盖伊·波茨,0.1259327530860901,Q237012,Culture.Media.Television,2824810.0,0.0,12.0,1848.0
13123,1.0,2824810.0,伊莫珍·盖伊·波茨,0.0,Q237012,Geography.Regions.Europe.Europe*,2824810.0,0.0,12.0,1848.0
13124,1.0,2824810.0,伊莫珍·盖伊·波茨,0.0,Q237012,Geography.Regions.Europe.Northern_Europe,2824810.0,0.0,12.0,1848.0
13125,1.0,2824810.0,伊莫珍·盖伊·波茨,0.0,Q237012,Geography.Regions.Americas.North_America,2824810.0,0.0,12.0,1848.0
13126,4.0,2825456.0,西部英雄约拿·哈克斯,0.9963027834892272,Q596085,Culture.Media.Films,2825456.0,1184.4068195509585,6.0,654.0
13127,4.0,2825456.0,西部英雄约拿·哈克斯,0.9960646033287048,Q596085,Culture.Media.Media*,2825456.0,1184.4068195509585,6.0,654.0
13128,4.0,2825456.0,西部英雄约拿·哈克斯,0.1259327530860901,Q596085,Culture.Media.Entertainment,2825456.0,1184.4068195509585,6.0,654.0
13129,4.0,2825456.0,西部英雄约拿·哈克斯,0.0,Q596085,Geography.Regions.Americas.North_America,2825456.0,1184.4068195509585,6.0,654.0
13130,1.0,2827193.0,陳心妤,1.0000100135803225,Q15925792,Culture.Biography.Biography*,2827193.0,0.0,4.0,1285.0
13131,1.0,2827193.0,陳心妤,0.9770326614379884,Q15925792,History_and_Society.Society,2827193.0,0.0,4.0,1285.0
13132,1.0,2827193.0,陳心妤,0.6297846436500549,Q15925792,Culture.Biography.Women,2827193.0,0.0,4.0,1285.0
13133,1.0,2827193.0,陳心妤,0.4274188151359558,Q15925792,Geography.Regions.Asia.Asia*,2827193.0,0.0,4.0,1285.0
13134,1.0,2827193.0,陳心妤,0.41865252161026,Q15925792,Geography.Regions.Asia.East_Asia,2827193.0,0.0,4.0,1285.0
13135,10.0,2828433.0,林德信,0.9748311638832092,Q8997846,Culture.Biography.Biography*,2828433.0,19070.811189248616,12.0,4418.0
13136,10.0,2828433.0,林德信,0.4688006341457367,Q8997846,Culture.Media.Music,2828433.0,19070.811189248616,12.0,4418.0
13137,10.0,2828433.0,林德信,0.4139109721183777,Q8997846,Geography.Regions.Asia.Asia*,2828433.0,19070.811189248616,12.0,4418.0
13138,10.0,2828433.0,林德信,0.37980710172653204,Q8997846,Geography.Regions.Asia.East_Asia,2828433.0,19070.811189248616,12.0,4418.0
13139,10.0,2828433.0,林德信,0.3557848632335663,Q8997846,History_and_Society.Society,2828433.0,19070.811189248616,12.0,4418.0
13140,10.0,2828433.0,林德信,0.2942249774932861,Q8997846,Culture.Media.Media*,2828433.0,19070.811189248616,12.0,4418.0
13141,10.0,2828433.0,林德信,0.0,Q8997846,Geography.Regions.Asia.Southeast_Asia,2828433.0,19070.811189248616,12.0,4418.0
13142,3.0,2829014.0,乔丹娜·布鲁斯特,0.998977780342102,Q230827,Culture.Biography.Biography*,2829014.0,92.78469813933685,8.0,2611.0
13143,3.0,2829014.0,乔丹娜·布鲁斯特,0.9046605229377748,Q230827,Culture.Biography.Women,2829014.0,92.78469813933685,8.0,2611.0
13144,3.0,2829014.0,乔丹娜·布鲁斯特,0.19194278120994568,Q230827,Culture.Media.Media*,2829014.0,92.78469813933685,8.0,2611.0
13145,3.0,2829014.0,乔丹娜·布鲁斯特,0.1294127255678177,Q230827,Culture.Media.Television,2829014.0,92.78469813933685,8.0,2611.0
13146,3.0,2829014.0,乔丹娜·布鲁斯特,0.0,Q230827,Geography.Regions.Americas.North_America,2829014.0,92.78469813933685,8.0,2611.0
13147,2.0,2829095.0,王太利,0.2942249774932861,Q97352331,STEM.STEM*,2829095.0,361.09107776577775,12.0,2335.0
13148,2.0,2829095.0,王太利,0.0,Q97352331,Geography.Regions.Asia.Asia*,2829095.0,361.09107776577775,12.0,2335.0
13149,2.0,2829095.0,王太利,0.0,Q97352331,Geography.Regions.Americas.North_America,2829095.0,361.09107776577775,12.0,2335.0
13150,2.0,2829095.0,王太利,0.0,Q97352331,Geography.Regions.Europe.Europe*,2829095.0,361.09107776577775,12.0,2335.0
13151,3.0,2833056.0,卢卡·罗科·马尼奥塔,0.9990402460098268,Q970830,Culture.Biography.Biography*,2833056.0,1970.5,10.0,2995.0
13152,3.0,2833056.0,卢卡·罗科·马尼奥塔,0.8840492963790894,Q970830,Culture.Media.Films,2833056.0,1970.5,10.0,2995.0
13153,3.0,2833056.0,卢卡·罗科·马尼奥塔,0.8479777574539185,Q970830,Culture.Media.Media*,2833056.0,1970.5,10.0,2995.0
13154,3.0,2833056.0,卢卡·罗科·马尼奥塔,0.546748161315918,Q970830,History_and_Society.Society,2833056.0,1970.5,10.0,2995.0
13155,3.0,2833056.0,卢卡·罗科·马尼奥塔,0.3730872144699097,Q970830,Geography.Regions.Americas.North_America,2833056.0,1970.5,10.0,2995.0
13156,3.0,2833056.0,卢卡·罗科·马尼奥塔,0.20182321965694427,Q970830,History_and_Society.Politics_and_government,2833056.0,1970.5,10.0,2995.0
13157,3.0,2833056.0,卢卡·罗科·马尼奥塔,0.1067005917429924,Q970830,STEM.STEM*,2833056.0,1970.5,10.0,2995.0
13158,2.0,2833369.0,天兆 (电影),0.9996530413627625,Q22432,Culture.Media.Films,2833369.0,0.0,6.0,1908.0
13159,2.0,2833369.0,天兆 (电影),0.9994029402732848,Q22432,Culture.Media.Media*,2833369.0,0.0,6.0,1908.0
13160,2.0,2833369.0,天兆 (电影),0.6513648629188538,Q22432,Culture.Media.Entertainment,2833369.0,0.0,6.0,1908.0
13161,2.0,2833369.0,天兆 (电影),0.320831298828125,Q22432,Culture.Visual_arts.Comics_and_Anime,2833369.0,0.0,6.0,1908.0
13162,2.0,2833369.0,天兆 (电影),0.26285186409950256,Q22432,Culture.Literature,2833369.0,0.0,6.0,1908.0
13163,2.0,2833369.0,天兆 (电影),0.2120788097381592,Q22432,Culture.Visual_arts.Visual_arts*,2833369.0,0.0,6.0,1908.0
13164,2.0,2833369.0,天兆 (电影),0.15742753648757934,Q22432,Geography.Regions.Americas.North_America,2833369.0,0.0,6.0,1908.0
13165,7.0,2834642.0,梅蘭妮·蘿倫,0.9992778301239014,Q234581,Culture.Biography.Biography*,2834642.0,2611.984320276533,6.0,1835.0
13166,7.0,2834642.0,梅蘭妮·蘿倫,0.7981967926025391,Q234581,Culture.Biography.Women,2834642.0,2611.984320276533,6.0,1835.0
13167,7.0,2834642.0,梅蘭妮·蘿倫,0.19165198707580566,Q234581,Geography.Regions.Europe.Europe*,2834642.0,2611.984320276533,6.0,1835.0
13168,7.0,2834642.0,梅蘭妮·蘿倫,0.06886266374588013,Q234581,Geography.Regions.Europe.Western_Europe,2834642.0,2611.984320276533,6.0,1835.0
13169,7.0,2834642.0,梅蘭妮·蘿倫,0.0,Q234581,Geography.Regions.Americas.North_America,2834642.0,2611.984320276533,6.0,1835.0
13170,7.0,2834642.0,梅蘭妮·蘿倫,0.0,Q234581,Geography.Regions.Europe.Northern_Europe,2834642.0,2611.984320276533,6.0,1835.0
13171,7.0,2834642.0,梅蘭妮·蘿倫,0.0,Q234581,Geography.Regions.Asia.Asia*,2834642.0,2611.984320276533,6.0,1835.0
13172,5.0,2834965.0,最強名醫,0.9637899398803712,Q11091752,Culture.Media.Television,2834965.0,5025.951904974411,13.0,1289.0
13173,5.0,2834965.0,最強名醫,0.8267217874526978,Q11091752,Culture.Media.Media*,2834965.0,5025.951904974411,13.0,1289.0
13174,5.0,2834965.0,最強名醫,0.24809722805023196,Q11091752,Geography.Regions.Asia.Asia*,2834965.0,5025.951904974411,13.0,1289.0
13175,5.0,2834965.0,最強名醫,0.1713417043685913,Q11091752,Geography.Regions.Asia.East_Asia,2834965.0,5025.951904974411,13.0,1289.0
13176,5.0,2834965.0,最強名醫,0.0,Q11091752,Geography.Regions.Europe.Northern_Europe,2834965.0,5025.951904974411,13.0,1289.0
13177,5.0,2834965.0,最強名醫,0.0,Q11091752,Geography.Regions.Oceania,2834965.0,5025.951904974411,13.0,1289.0
13178,5.0,2834965.0,最強名醫,0.0,Q11091752,Geography.Regions.Europe.Europe*,2834965.0,5025.951904974411,13.0,1289.0
13179,3.0,2835441.0,諾曼·李杜斯,0.9992778301239014,Q503545,Culture.Biography.Biography*,2835441.0,2227.4833592738187,1.0,4662.0
13180,3.0,2835441.0,諾曼·李杜斯,0.1968362182378769,Q503545,Culture.Media.Media*,2835441.0,2227.4833592738187,1.0,4662.0
13181,3.0,2835441.0,諾曼·李杜斯,0.1824355274438858,Q503545,Culture.Media.Films,2835441.0,2227.4833592738187,1.0,4662.0
13182,3.0,2835441.0,諾曼·李杜斯,0.1067005917429924,Q503545,Culture.Visual_arts.Visual_arts*,2835441.0,2227.4833592738187,1.0,4662.0
13183,3.0,2835441.0,諾曼·李杜斯,0.10375863313674928,Q503545,Culture.Biography.Women,2835441.0,2227.4833592738187,1.0,4662.0
13184,3.0,2835441.0,諾曼·李杜斯,0.0,Q503545,Geography.Regions.Americas.North_America,2835441.0,2227.4833592738187,1.0,4662.0
13185,3.0,2835441.0,諾曼·李杜斯,0.0,Q503545,Geography.Regions.Europe.Europe*,2835441.0,2227.4833592738187,1.0,4662.0
13186,3.0,2835441.0,諾曼·李杜斯,0.0,Q503545,Geography.Regions.Europe.Northern_Europe,2835441.0,2227.4833592738187,1.0,4662.0
13187,3.0,2837105.0,李宗霖,1.0000100135803225,Q9183545,Culture.Biography.Biography*,2837105.0,3942.0,13.0,2321.0
13188,3.0,2837105.0,李宗霖,0.7931159734725952,Q9183545,History_and_Society.Society,2837105.0,3942.0,13.0,2321.0
13189,3.0,2837105.0,李宗霖,0.4114462008476257,Q9183545,Geography.Regions.Asia.East_Asia,2837105.0,3942.0,13.0,2321.0
13190,3.0,2837105.0,李宗霖,0.3981314172744751,Q9183545,Geography.Regions.Asia.Asia*,2837105.0,3942.0,13.0,2321.0
13191,2.0,2838677.0,邦蒂號叛變事件,0.6001983880996704,Q749811,Geography.Regions.Europe.Western_Europe,2838677.0,0.0,5.0,1007.0
13192,2.0,2838677.0,邦蒂號叛變事件,0.5698626637458801,Q749811,Geography.Regions.Europe.Europe*,2838677.0,0.0,5.0,1007.0
13193,2.0,2838677.0,邦蒂號叛變事件,0.546748161315918,Q749811,History_and_Society.Military_and_warfare,2838677.0,0.0,5.0,1007.0
13194,2.0,2838677.0,邦蒂號叛變事件,0.275139719247818,Q749811,Geography.Regions.Americas.North_America,2838677.0,0.0,5.0,1007.0
13195,2.0,2838677.0,邦蒂號叛變事件,0.26285186409950256,Q749811,Geography.Regions.Americas.South_America,2838677.0,0.0,5.0,1007.0
13196,2.0,2838677.0,邦蒂號叛變事件,0.26285186409950256,Q749811,History_and_Society.Politics_and_government,2838677.0,0.0,5.0,1007.0
13197,2.0,2838677.0,邦蒂號叛變事件,0.22816647589206696,Q749811,STEM.STEM*,2838677.0,0.0,5.0,1007.0
13198,2.0,2838677.0,邦蒂號叛變事件,0.12253321707248688,Q749811,Geography.Regions.Asia.Asia*,2838677.0,0.0,5.0,1007.0
13199,2.0,2838677.0,邦蒂號叛變事件,0.11597072333097458,Q749811,History_and_Society.History,2838677.0,0.0,5.0,1007.0
13200,5.0,2841337.0,渡邊直美,0.9963027834892272,Q706671,Culture.Biography.Biography*,2841337.0,44064.957821593525,13.0,2781.0
13201,5.0,2841337.0,渡邊直美,0.270853506565094,Q706671,Geography.Regions.Asia.Asia*,2841337.0,44064.957821593525,13.0,2781.0
13202,5.0,2841337.0,渡邊直美,0.21124218606948847,Q706671,Geography.Regions.Asia.East_Asia,2841337.0,44064.957821593525,13.0,2781.0
13203,5.0,2841337.0,渡邊直美,0.11921291798353195,Q706671,Culture.Media.Media*,2841337.0,44064.957821593525,13.0,2781.0
13204,3.0,2844829.0,孟宏伟,0.9883227348327636,Q9126923,Culture.Biography.Biography*,2844829.0,3919.161774993416,10.0,5505.0
13205,3.0,2844829.0,孟宏伟,0.6150978803634644,Q9126923,History_and_Society.Politics_and_government,2844829.0,3919.161774993416,10.0,5505.0
13206,3.0,2844829.0,孟宏伟,0.15036486291885376,Q9126923,Geography.Regions.Asia.East_Asia,2844829.0,3919.161774993416,10.0,5505.0
13207,3.0,2844829.0,孟宏伟,0.11409788036346435,Q9126923,Geography.Regions.Asia.Asia*,2844829.0,3919.161774993416,10.0,5505.0
13208,1.0,2847072.0,BBS鄉民的正義,0.999506652355194,Q10846517,Culture.Biography.Biography*,2847072.0,0.0,12.0,2059.0
13209,1.0,2847072.0,BBS鄉民的正義,0.9972090721130372,Q10846517,History_and_Society.Society,2847072.0,0.0,12.0,2059.0
13210,1.0,2847072.0,BBS鄉民的正義,0.94500470161438,Q10846517,Culture.Media.Films,2847072.0,0.0,12.0,2059.0
13211,1.0,2847072.0,BBS鄉民的正義,0.9324633479118348,Q10846517,Culture.Media.Media*,2847072.0,0.0,12.0,2059.0
13212,1.0,2847072.0,BBS鄉民的正義,0.4990100135803223,Q10846517,Geography.Regions.Asia.East_Asia,2847072.0,0.0,12.0,2059.0
13213,1.0,2847072.0,BBS鄉民的正義,0.4980700483322144,Q10846517,Geography.Regions.Asia.Asia*,2847072.0,0.0,12.0,2059.0
13214,1.0,2849661.0,林俊逸,1.0000100135803225,Q8987174,Culture.Biography.Biography*,2849661.0,0.0,4.0,2324.0
13215,1.0,2849661.0,林俊逸,0.9986429810523988,Q8987174,History_and_Society.Society,2849661.0,0.0,4.0,2324.0
13216,1.0,2849661.0,林俊逸,0.546748161315918,Q8987174,Culture.Media.Music,2849661.0,0.0,4.0,2324.0
13217,1.0,2849661.0,林俊逸,0.4939496984481812,Q8987174,Geography.Regions.Asia.East_Asia,2849661.0,0.0,4.0,2324.0
13218,1.0,2849661.0,林俊逸,0.4886818399429321,Q8987174,Geography.Regions.Asia.Asia*,2849661.0,0.0,4.0,2324.0
13219,1.0,2849661.0,林俊逸,0.3140605390071869,Q8987174,Culture.Media.Media*,2849661.0,0.0,4.0,2324.0
13220,11.0,2851408.0,永山絢斗,0.9992306232452391,Q872110,Culture.Biography.Biography*,2851408.0,9107.671471149752,13.0,2238.0
13221,11.0,2851408.0,永山絢斗,0.3509628047943115,Q872110,Geography.Regions.Asia.East_Asia,2851408.0,9107.671471149752,13.0,2238.0
13222,11.0,2851408.0,永山絢斗,0.32119916582107544,Q872110,Geography.Regions.Asia.Asia*,2851408.0,9107.671471149752,13.0,2238.0
13223,11.0,2851408.0,永山絢斗,0.13661839067935946,Q872110,Culture.Media.Music,2851408.0,9107.671471149752,13.0,2238.0
13224,11.0,2851408.0,永山絢斗,0.10088862478733064,Q872110,Culture.Media.Media*,2851408.0,9107.671471149752,13.0,2238.0
13225,3.0,2851474.0,林俊遇害案,0.7371681928634644,Q85874546,History_and_Society.Politics_and_government,2851474.0,1970.5,10.0,3699.0
13226,3.0,2851474.0,林俊遇害案,0.585111141204834,Q85874546,Culture.Biography.Biography*,2851474.0,1970.5,10.0,3699.0
13227,3.0,2851474.0,林俊遇害案,0.4659240117073059,Q85874546,Geography.Regions.Americas.North_America,2851474.0,1970.5,10.0,3699.0
13228,3.0,2851474.0,林俊遇害案,0.2069040536880493,Q85874546,Culture.Philosophy_and_religion,2851474.0,1970.5,10.0,3699.0
13229,3.0,2851474.0,林俊遇害案,0.1732981950044632,Q85874546,STEM.STEM*,2851474.0,1970.5,10.0,3699.0
13230,20.0,2859611.0,艾莉絲 (惡靈古堡),0.997758150100708,Q2418079,Culture.Literature,2859611.0,5429.319432988275,9.0,2979.0
13231,20.0,2859611.0,艾莉絲 (惡靈古堡),0.8903042674064636,Q2418079,Culture.Media.Media*,2859611.0,5429.319432988275,9.0,2979.0
13232,20.0,2859611.0,艾莉絲 (惡靈古堡),0.6076731681823729,Q2418079,Culture.Media.Films,2859611.0,5429.319432988275,9.0,2979.0
13233,20.0,2859611.0,艾莉絲 (惡靈古堡),0.26285186409950256,Q2418079,Culture.Internet_culture,2859611.0,5429.319432988275,9.0,2979.0
13234,20.0,2859611.0,艾莉絲 (惡靈古堡),0.22816647589206696,Q2418079,Culture.Media.Video_games,2859611.0,5429.319432988275,9.0,2979.0
13235,20.0,2859611.0,艾莉絲 (惡靈古堡),0.10375863313674928,Q2418079,Culture.Media.Television,2859611.0,5429.319432988275,9.0,2979.0
13236,3.0,2862055.0,萨勒曼·本·阿卜杜勒-阿齐兹·阿勒沙特,0.9916942119598388,Q367825,Culture.Biography.Biography*,2862055.0,1311.7440010903301,5.0,2298.0
13237,3.0,2862055.0,萨勒曼·本·阿卜杜勒-阿齐兹·阿勒沙特,0.3764868249893189,Q367825,Geography.Regions.Asia.Asia*,2862055.0,1311.7440010903301,5.0,2298.0
13238,3.0,2862055.0,萨勒曼·本·阿卜杜勒-阿齐兹·阿勒沙特,0.3509628047943115,Q367825,Geography.Regions.Asia.West_Asia,2862055.0,1311.7440010903301,5.0,2298.0
13239,3.0,2862055.0,萨勒曼·本·阿卜杜勒-阿齐兹·阿勒沙特,0.18714269995689392,Q367825,History_and_Society.Military_and_warfare,2862055.0,1311.7440010903301,5.0,2298.0
13240,3.0,2862055.0,萨勒曼·本·阿卜杜勒-阿齐兹·阿勒沙特,0.14415885508060455,Q367825,History_and_Society.Politics_and_government,2862055.0,1311.7440010903301,5.0,2298.0
13241,2.0,2866637.0,U-571 (電影),0.9935217499732972,Q576367,Culture.Media.Films,2866637.0,1856.9996224257468,6.0,2046.0
13242,2.0,2866637.0,U-571 (電影),0.9908843636512756,Q576367,Culture.Media.Media*,2866637.0,1856.9996224257468,6.0,2046.0
13243,2.0,2866637.0,U-571 (電影),0.1520422399044037,Q576367,History_and_Society.Military_and_warfare,2866637.0,1856.9996224257468,6.0,2046.0
13244,2.0,2866637.0,U-571 (電影),0.0,Q576367,Geography.Regions.Americas.North_America,2866637.0,1856.9996224257468,6.0,2046.0
13245,2.0,2866637.0,U-571 (電影),0.0,Q576367,Geography.Regions.Europe.Europe*,2866637.0,1856.9996224257468,6.0,2046.0
13246,14.0,2869420.0,天弓三型防空飛彈,0.1824355274438858,Q24841188,Culture.Visual_arts.Visual_arts*,2869420.0,828.6701922088932,5.0,8695.0
13247,14.0,2869420.0,天弓三型防空飛彈,0.1732981950044632,Q24841188,History_and_Society.Military_and_warfare,2869420.0,828.6701922088932,5.0,8695.0
13248,14.0,2869420.0,天弓三型防空飛彈,0.16452647745609286,Q24841188,STEM.STEM*,2869420.0,828.6701922088932,5.0,8695.0
13249,14.0,2869420.0,天弓三型防空飛彈,0.16452647745609286,Q24841188,Culture.Visual_arts.Architecture,2869420.0,828.6701922088932,5.0,8695.0
13250,14.0,2869420.0,天弓三型防空飛彈,0.10375863313674928,Q24841188,Culture.Food_and_drink,2869420.0,828.6701922088932,5.0,8695.0
13251,14.0,2869420.0,天弓三型防空飛彈,0.0,Q24841188,Geography.Regions.Americas.North_America,2869420.0,828.6701922088932,5.0,8695.0
13252,14.0,2869420.0,天弓三型防空飛彈,0.0,Q24841188,Geography.Regions.Asia.Asia*,2869420.0,828.6701922088932,5.0,8695.0
13253,14.0,2869420.0,天弓三型防空飛彈,0.0,Q24841188,Geography.Regions.Europe.Europe*,2869420.0,828.6701922088932,5.0,8695.0
13254,4.0,2871969.0,車手 (電影),0.9626831412315368,Q4503852,Culture.Media.Media*,2871969.0,0.0,12.0,1160.0
13255,4.0,2871969.0,車手 (電影),0.9433575868606568,Q4503852,Culture.Media.Films,2871969.0,0.0,12.0,1160.0
13256,4.0,2871969.0,車手 (電影),0.21760438585281366,Q4503852,Geography.Regions.Asia.Asia*,2871969.0,0.0,12.0,1160.0
13257,4.0,2871969.0,車手 (電影),0.21760438585281366,Q4503852,Geography.Regions.Asia.East_Asia,2871969.0,0.0,12.0,1160.0
13258,2.0,2872252.0,Retina显示屏,0.9019306898117064,Q574890,STEM.STEM*,2872252.0,0.0,17.0,2298.0
13259,2.0,2872252.0,Retina显示屏,0.8080772161483765,Q574890,STEM.Computing,2872252.0,0.0,17.0,2298.0
13260,2.0,2872252.0,Retina显示屏,0.6584275364875793,Q574890,Culture.Media.Media*,2872252.0,0.0,17.0,2298.0
13261,2.0,2872252.0,Retina显示屏,0.5775054097175598,Q574890,STEM.Technology,2872252.0,0.0,17.0,2298.0
13262,2.0,2872252.0,Retina显示屏,0.4301573634147644,Q574890,Culture.Media.Software,2872252.0,0.0,17.0,2298.0
13263,2.0,2872252.0,Retina显示屏,0.2568419873714447,Q574890,STEM.Mathematics,2872252.0,0.0,17.0,2298.0
13264,2.0,2872252.0,Retina显示屏,0.2069040536880493,Q574890,History_and_Society.Business_and_economics,2872252.0,0.0,17.0,2298.0
13265,2.0,2872252.0,Retina显示屏,0.20182321965694427,Q574890,Culture.Media.Music,2872252.0,0.0,17.0,2298.0
13266,2.0,2872252.0,Retina显示屏,0.19194278120994568,Q574890,Culture.Linguistics,2872252.0,0.0,17.0,2298.0
13267,2.0,2872252.0,Retina显示屏,0.14415885508060455,Q574890,Culture.Visual_arts.Visual_arts*,2872252.0,0.0,17.0,2298.0
13268,2.0,2872252.0,Retina显示屏,0.11280541121959685,Q574890,Culture.Sports,2872252.0,0.0,17.0,2298.0
13269,2.0,2872252.0,Retina显示屏,0.1097157895565033,Q574890,History_and_Society.Politics_and_government,2872252.0,0.0,17.0,2298.0
13270,2.0,2872252.0,Retina显示屏,0.1067005917429924,Q574890,Culture.Media.Films,2872252.0,0.0,17.0,2298.0
13271,3.0,2874041.0,木府風雲,0.8634016513824463,Q11092979,Culture.Media.Television,2874041.0,10118.573627087566,12.0,1025.0
13272,3.0,2874041.0,木府風雲,0.6859594583511353,Q11092979,Culture.Media.Media*,2874041.0,10118.573627087566,12.0,1025.0
13273,3.0,2874041.0,木府風雲,0.0,Q11092979,Geography.Regions.Asia.Asia*,2874041.0,10118.573627087566,12.0,1025.0
13274,3.0,2874041.0,木府風雲,0.0,Q11092979,Geography.Regions.Asia.East_Asia,2874041.0,10118.573627087566,12.0,1025.0
13275,3.0,2874041.0,木府風雲,0.0,Q11092979,Geography.Regions.Europe.Europe*,2874041.0,10118.573627087566,12.0,1025.0
13276,2.0,2874153.0,艾丽·拉特,0.9985088109970092,Q201994,Culture.Biography.Biography*,2874153.0,0.0,9.0,1853.0
13277,2.0,2874153.0,艾丽·拉特,0.7431780099868774,Q201994,Culture.Biography.Women,2874153.0,0.0,9.0,1853.0
13278,2.0,2874153.0,艾丽·拉特,0.1778208613395691,Q201994,Culture.Media.Media*,2874153.0,0.0,9.0,1853.0
13279,2.0,2874153.0,艾丽·拉特,0.08411114120483397,Q201994,Geography.Regions.Americas.North_America,2874153.0,0.0,9.0,1853.0
13280,2.0,2874153.0,艾丽·拉特,0.0,Q201994,Geography.Regions.Europe.Europe*,2874153.0,0.0,9.0,1853.0
13281,2.0,2874153.0,艾丽·拉特,0.0,Q201994,Geography.Regions.Asia.Asia*,2874153.0,0.0,9.0,1853.0
13282,2.0,2874153.0,艾丽·拉特,0.0,Q201994,Geography.Regions.Europe.Northern_Europe,2874153.0,0.0,9.0,1853.0
13283,3.0,2884405.0,杜燕歌,0.966924011707306,Q9212549,Culture.Biography.Biography*,2884405.0,2764.4883151129197,7.0,1286.0
13284,3.0,2884405.0,杜燕歌,0.4840529432296753,Q9212549,Geography.Regions.Asia.East_Asia,2884405.0,2764.4883151129197,7.0,1286.0
13285,3.0,2884405.0,杜燕歌,0.4294682612419128,Q9212549,Geography.Regions.Asia.Asia*,2884405.0,2764.4883151129197,7.0,1286.0
13286,3.0,2884405.0,杜燕歌,0.14805719256401062,Q9212549,Culture.Media.Media*,2884405.0,2764.4883151129197,7.0,1286.0
13287,3.0,2885309.0,許淑華 (臺北市),1.0000100135803225,Q8349100,Culture.Biography.Biography*,2885309.0,252.06168375141343,2.0,2668.0
13288,3.0,2885309.0,許淑華 (臺北市),0.8872146010398865,Q8349100,History_and_Society.Society,2885309.0,252.06168375141343,2.0,2668.0
13289,3.0,2885309.0,許淑華 (臺北市),0.6791887283325195,Q8349100,Culture.Biography.Women,2885309.0,252.06168375141343,2.0,2668.0
13290,3.0,2885309.0,許淑華 (臺北市),0.270853506565094,Q8349100,Geography.Regions.Asia.Asia*,2885309.0,252.06168375141343,2.0,2668.0
13291,3.0,2885309.0,許淑華 (臺北市),0.21760438585281366,Q8349100,Geography.Regions.Asia.East_Asia,2885309.0,252.06168375141343,2.0,2668.0
13292,7.0,2887379.0,林益世索賄案,1.0000100135803225,Q11106719,History_and_Society.Society,2887379.0,22250.053591166776,2.0,1668.0
13293,7.0,2887379.0,林益世索賄案,1.0000100135803225,Q11106719,Culture.Biography.Biography*,2887379.0,22250.053591166776,2.0,1668.0
13294,7.0,2887379.0,林益世索賄案,0.6859594583511353,Q11106719,History_and_Society.Politics_and_government,2887379.0,22250.053591166776,2.0,1668.0
13295,7.0,2887379.0,林益世索賄案,0.4990100135803223,Q11106719,Geography.Regions.Asia.Asia*,2887379.0,22250.053591166776,2.0,1668.0
13296,7.0,2887379.0,林益世索賄案,0.4990100135803223,Q11106719,Geography.Regions.Asia.East_Asia,2887379.0,22250.053591166776,2.0,1668.0
13297,2.0,2887392.0,林蒼生,0.9905974268913268,Q11106939,Culture.Biography.Biography*,2887392.0,814.0027583634825,4.0,890.0
13298,2.0,2887392.0,林蒼生,0.989681839942932,Q11106939,History_and_Society.Society,2887392.0,814.0027583634825,4.0,890.0
13299,2.0,2887392.0,林蒼生,0.8840492963790894,Q11106939,Culture.Biography.Women,2887392.0,814.0027583634825,4.0,890.0
13300,2.0,2887392.0,林蒼生,0.7773098945617676,Q11106939,History_and_Society.Business_and_economics,2887392.0,814.0027583634825,4.0,890.0
13301,2.0,2887392.0,林蒼生,0.4973615279197693,Q11106939,Geography.Regions.Asia.East_Asia,2887392.0,814.0027583634825,4.0,890.0
13302,2.0,2887392.0,林蒼生,0.4906942119598389,Q11106939,Geography.Regions.Asia.Asia*,2887392.0,814.0027583634825,4.0,890.0
13303,2.0,2887392.0,林蒼生,0.2509227991104126,Q11106939,STEM.STEM*,2887392.0,814.0027583634825,4.0,890.0
13304,2.0,2887392.0,林蒼生,0.1520422399044037,Q11106939,STEM.Technology,2887392.0,814.0027583634825,4.0,890.0
13305,2.0,2887392.0,林蒼生,0.14805719256401062,Q11106939,STEM.Earth_and_environment,2887392.0,814.0027583634825,4.0,890.0
13306,2.0,2887392.0,林蒼生,0.1067005917429924,Q11106939,Culture.Media.Media*,2887392.0,814.0027583634825,4.0,890.0
13307,2.0,2887392.0,林蒼生,0.1067005917429924,Q11106939,History_and_Society.Transportation,2887392.0,814.0027583634825,4.0,890.0
13308,2.0,2887392.0,林蒼生,0.0,Q11106939,Geography.Regions.Asia.Southeast_Asia,2887392.0,814.0027583634825,4.0,890.0
13309,2.0,2887392.0,林蒼生,0.0,Q11106939,Geography.Regions.Americas.North_America,2887392.0,814.0027583634825,4.0,890.0
13310,4.0,2889024.0,麥舜銘,0.9942797422409058,Q7486768,Culture.Biography.Biography*,2889024.0,0.0,2.0,2668.0
13311,4.0,2889024.0,麥舜銘,0.0,Q7486768,Geography.Regions.Asia.Asia*,2889024.0,0.0,2.0,2668.0
13312,4.0,2889024.0,麥舜銘,0.0,Q7486768,Geography.Regions.Asia.East_Asia,2889024.0,0.0,2.0,2668.0
13313,7.0,2906562.0,超人：鋼鐵英雄,0.9914325475692748,Q622769,Culture.Media.Media*,2906562.0,9803.228300790915,6.0,2723.0
13314,7.0,2906562.0,超人：鋼鐵英雄,0.9814634323120116,Q622769,Culture.Media.Films,2906562.0,9803.228300790915,6.0,2723.0
13315,7.0,2906562.0,超人：鋼鐵英雄,0.6076731681823729,Q622769,Culture.Visual_arts.Comics_and_Anime,2906562.0,9803.228300790915,6.0,2723.0
13316,7.0,2906562.0,超人：鋼鐵英雄,0.6001983880996704,Q622769,Culture.Literature,2906562.0,9803.228300790915,6.0,2723.0
13317,7.0,2906562.0,超人：鋼鐵英雄,0.4688006341457367,Q622769,Culture.Visual_arts.Visual_arts*,2906562.0,9803.228300790915,6.0,2723.0
13318,7.0,2906562.0,超人：鋼鐵英雄,0.2689514458179474,Q622769,Culture.Media.Entertainment,2906562.0,9803.228300790915,6.0,2723.0
13319,7.0,2906562.0,超人：鋼鐵英雄,0.04574816131591797,Q622769,Geography.Regions.Americas.North_America,2906562.0,9803.228300790915,6.0,2723.0
13320,1.0,2916638.0,妻子的資格,0.9263137578964232,Q6824708,Culture.Media.Television,2916638.0,0.0,13.0,3347.0
13321,1.0,2916638.0,妻子的資格,0.880807101726532,Q6824708,Culture.Media.Media*,2916638.0,0.0,13.0,3347.0
13322,1.0,2916638.0,妻子的資格,0.0,Q6824708,Geography.Regions.Asia.Asia*,2916638.0,0.0,13.0,3347.0
13323,1.0,2916638.0,妻子的資格,0.0,Q6824708,Geography.Regions.Asia.East_Asia,2916638.0,0.0,13.0,3347.0
13324,6.0,2922264.0,狼的孩子雨和雪,0.974052667617798,Q1371768,Culture.Media.Media*,2922264.0,18610.55986491002,13.0,3553.0
13325,6.0,2922264.0,狼的孩子雨和雪,0.9648651480674744,Q1371768,Culture.Media.Films,2922264.0,18610.55986491002,13.0,3553.0
13326,6.0,2922264.0,狼的孩子雨和雪,0.9324633479118348,Q1371768,Culture.Visual_arts.Comics_and_Anime,2922264.0,18610.55986491002,13.0,3553.0
13327,6.0,2922264.0,狼的孩子雨和雪,0.9219318628311156,Q1371768,Culture.Visual_arts.Visual_arts*,2922264.0,18610.55986491002,13.0,3553.0
13328,6.0,2922264.0,狼的孩子雨和雪,0.9173126816749572,Q1371768,Culture.Literature,2922264.0,18610.55986491002,13.0,3553.0
13329,6.0,2922264.0,狼的孩子雨和雪,0.06886266374588013,Q1371768,Geography.Regions.Asia.Asia*,2922264.0,18610.55986491002,13.0,3553.0
13330,6.0,2922264.0,狼的孩子雨和雪,0.06886266374588013,Q1371768,Geography.Regions.Asia.East_Asia,2922264.0,18610.55986491002,13.0,3553.0
13331,6.0,2922264.0,狼的孩子雨和雪,0.0,Q1371768,Geography.Regions.Americas.North_America,2922264.0,18610.55986491002,13.0,3553.0
13332,8.0,2924436.0,Show Champion,0.5544804334640503,Q488132,Culture.Media.Media*,2924436.0,1373.242653850657,0.0,3399.0
13333,8.0,2924436.0,Show Champion,0.5234303474426271,Q488132,Culture.Media.Television,2924436.0,1373.242653850657,0.0,3399.0
13334,8.0,2924436.0,Show Champion,0.4835854640007019,Q488132,Geography.Regions.Asia.East_Asia,2924436.0,1373.242653850657,0.0,3399.0
13335,8.0,2924436.0,Show Champion,0.4581643214225769,Q488132,Geography.Regions.Asia.Asia*,2924436.0,1373.242653850657,0.0,3399.0
13336,16.0,2936113.0,耶穌受難,0.8479777574539185,Q623306,Culture.Philosophy_and_religion,2936113.0,12932.129664700751,11.0,2004.0
13337,16.0,2936113.0,耶穌受難,0.4301573634147644,Q623306,Culture.Literature,2936113.0,12932.129664700751,11.0,2004.0
13338,16.0,2936113.0,耶穌受難,0.1778208613395691,Q623306,History_and_Society.History,2936113.0,12932.129664700751,11.0,2004.0
13339,7.0,2937373.0,聖週六,0.9099169969558716,Q186206,Culture.Philosophy_and_religion,2937373.0,569.7390126775788,11.0,914.0
13340,29.0,2939169.0,金鋼狼：武士之戰,0.9965265989303588,Q197491,Culture.Media.Media*,2939169.0,17078.48011780269,6.0,2156.0
13341,29.0,2939169.0,金鋼狼：武士之戰,0.9963027834892272,Q197491,Culture.Media.Films,2939169.0,17078.48011780269,6.0,2156.0
13342,29.0,2939169.0,金鋼狼：武士之戰,0.5078218579292297,Q197491,Culture.Literature,2939169.0,17078.48011780269,6.0,2156.0
13343,29.0,2939169.0,金鋼狼：武士之戰,0.4610267877578736,Q197491,Culture.Visual_arts.Comics_and_Anime,2939169.0,17078.48011780269,6.0,2156.0
13344,29.0,2939169.0,金鋼狼：武士之戰,0.3629792034626007,Q197491,Culture.Media.Entertainment,2939169.0,17078.48011780269,6.0,2156.0
13345,29.0,2939169.0,金鋼狼：武士之戰,0.3007555902004242,Q197491,Culture.Visual_arts.Visual_arts*,2939169.0,17078.48011780269,6.0,2156.0
13346,29.0,2939169.0,金鋼狼：武士之戰,0.0,Q197491,Geography.Regions.Americas.North_America,2939169.0,17078.48011780269,6.0,2156.0
13347,1.0,2942140.0,越空狂龍,0.9970290064811708,Q470891,Culture.Media.Media*,2942140.0,0.0,6.0,1043.0
13348,1.0,2942140.0,越空狂龍,0.99593985080719,Q470891,Culture.Media.Films,2942140.0,0.0,6.0,1043.0
13349,1.0,2942140.0,越空狂龍,0.6150978803634644,Q470891,Culture.Media.Entertainment,2942140.0,0.0,6.0,1043.0
13350,1.0,2942140.0,越空狂龍,0.0,Q470891,Geography.Regions.Americas.North_America,2942140.0,0.0,6.0,1043.0
13351,19.0,2942465.0,生化危机 浣熊市行动,1.0000100135803225,Q1140712,Culture.Internet_culture,2942465.0,40.58799236469674,9.0,3069.0
13352,19.0,2942465.0,生化危机 浣熊市行动,1.0000100135803225,Q1140712,Culture.Media.Media*,2942465.0,40.58799236469674,9.0,3069.0
13353,19.0,2942465.0,生化危机 浣熊市行动,1.0000100135803225,Q1140712,Culture.Media.Video_games,2942465.0,40.58799236469674,9.0,3069.0
13354,3.0,2944134.0,絕命尬車,0.9969346523284912,Q1033191,Culture.Media.Media*,2944134.0,7959.219809818001,2.0,1642.0
13355,3.0,2944134.0,絕命尬車,0.9960646033287048,Q1033191,Culture.Media.Films,2944134.0,7959.219809818001,2.0,1642.0
13356,3.0,2944134.0,絕命尬車,0.23371636867523196,Q1033191,Culture.Media.Entertainment,2944134.0,7959.219809818001,2.0,1642.0
13357,3.0,2944134.0,絕命尬車,0.0,Q1033191,Geography.Regions.Americas.North_America,2944134.0,7959.219809818001,2.0,1642.0
13358,5.0,2946084.0,猿人爭霸戰：猩凶崛起,0.99219411611557,Q11220194,Culture.Media.Media*,2946084.0,4242.808814880465,6.0,1947.0
13359,5.0,2946084.0,猿人爭霸戰：猩凶崛起,0.990301549434662,Q11220194,Culture.Media.Films,2946084.0,4242.808814880465,6.0,1947.0
13360,5.0,2946084.0,猿人爭霸戰：猩凶崛起,0.546748161315918,Q11220194,Culture.Media.Entertainment,2946084.0,4242.808814880465,6.0,1947.0
13361,5.0,2946084.0,猿人爭霸戰：猩凶崛起,0.15036486291885376,Q11220194,Geography.Regions.Americas.North_America,2946084.0,4242.808814880465,6.0,1947.0
13362,2.0,2948967.0,绿地控股集团,0.8740872144699097,Q15902946,History_and_Society.Business_and_economics,2948967.0,498.31567015743485,10.0,1217.0
13363,2.0,2948967.0,绿地控股集团,0.4696977605819702,Q15902946,Geography.Regions.Asia.East_Asia,2948967.0,498.31567015743485,10.0,1217.0
13364,2.0,2948967.0,绿地控股集团,0.4687954058647156,Q15902946,Geography.Regions.Asia.Asia*,2948967.0,498.31567015743485,10.0,1217.0
13365,2.0,2948967.0,绿地控股集团,0.33459946513175964,Q15902946,STEM.Technology,2948967.0,498.31567015743485,10.0,1217.0
13366,2.0,2948967.0,绿地控股集团,0.3007555902004242,Q15902946,STEM.STEM*,2948967.0,498.31567015743485,10.0,1217.0
13367,2.0,2948967.0,绿地控股集团,0.1824355274438858,Q15902946,History_and_Society.Transportation,2948967.0,498.31567015743485,10.0,1217.0
13368,2.0,2948967.0,绿地控股集团,0.0,Q15902946,Geography.Regions.Americas.North_America,2948967.0,498.31567015743485,10.0,1217.0
13369,16.0,2952037.0,伍迪·哈里森,0.9985549449920654,Q201279,Culture.Biography.Biography*,2952037.0,13452.732159043422,6.0,2032.0
13370,16.0,2952037.0,伍迪·哈里森,0.270853506565094,Q201279,Geography.Regions.Americas.North_America,2952037.0,13452.732159043422,6.0,2032.0
13371,16.0,2952037.0,伍迪·哈里森,0.1968362182378769,Q201279,Culture.Media.Media*,2952037.0,13452.732159043422,6.0,2032.0
13372,16.0,2952037.0,伍迪·哈里森,0.16452647745609286,Q201279,Culture.Biography.Women,2952037.0,13452.732159043422,6.0,2032.0
13373,16.0,2952037.0,伍迪·哈里森,0.14805719256401062,Q201279,Culture.Performing_arts,2952037.0,13452.732159043422,6.0,2032.0
13374,16.0,2952037.0,伍迪·哈里森,0.1259327530860901,Q201279,History_and_Society.Society,2952037.0,13452.732159043422,6.0,2032.0
13375,16.0,2952037.0,伍迪·哈里森,0.0,Q201279,Geography.Regions.Europe.Europe*,2952037.0,13452.732159043422,6.0,2032.0
13376,1.0,2957926.0,妹妹們,1.0000100135803225,Q682676,Culture.Literature,2957926.0,0.0,13.0,2221.0
13377,1.0,2957926.0,妹妹們,0.41490885615348816,Q682676,Culture.Media.Media*,2957926.0,0.0,13.0,2221.0
13378,1.0,2957926.0,妹妹們,0.41490885615348816,Q682676,Culture.Media.Books,2957926.0,0.0,13.0,2221.0
13379,1.0,2957926.0,妹妹們,0.26285186409950256,Q682676,History_and_Society.History,2957926.0,0.0,13.0,2221.0
13380,4.0,2958928.0,西耶娜·盖尔利,1.0000100135803225,Q236010,Culture.Biography.Biography*,2958928.0,3942.0,9.0,3675.0
13381,4.0,2958928.0,西耶娜·盖尔利,0.8354935646057129,Q236010,Culture.Biography.Women,2958928.0,3942.0,9.0,3675.0
13382,4.0,2958928.0,西耶娜·盖尔利,0.0,Q236010,Geography.Regions.Europe.Europe*,2958928.0,3942.0,9.0,3675.0
13383,4.0,2958928.0,西耶娜·盖尔利,0.0,Q236010,Geography.Regions.Europe.Northern_Europe,2958928.0,3942.0,9.0,3675.0
13384,4.0,2958928.0,西耶娜·盖尔利,0.0,Q236010,Geography.Regions.Americas.North_America,2958928.0,3942.0,9.0,3675.0
13385,5.0,2962101.0,比爾賈,1.0000100135803225,Q11126138,Culture.Biography.Biography*,2962101.0,13938.088692305651,12.0,2439.0
13386,5.0,2962101.0,比爾賈,0.9863731861114502,Q11126138,History_and_Society.Society,2962101.0,13938.088692305651,12.0,2439.0
13387,5.0,2962101.0,比爾賈,0.4471645226478577,Q11126138,Geography.Regions.Asia.East_Asia,2962101.0,13938.088692305651,12.0,2439.0
13388,5.0,2962101.0,比爾賈,0.3073680400848389,Q11126138,Culture.Media.Music,2962101.0,13938.088692305651,12.0,2439.0
13389,5.0,2962101.0,比爾賈,0.275139719247818,Q11126138,Culture.Media.Media*,2962101.0,13938.088692305651,12.0,2439.0
13390,5.0,2962101.0,比爾賈,0.15742753648757934,Q11126138,Geography.Regions.Asia.Asia*,2962101.0,13938.088692305651,12.0,2439.0
13391,5.0,2962101.0,比爾賈,0.12253321707248688,Q11126138,Culture.Media.Television,2962101.0,13938.088692305651,12.0,2439.0
13392,5.0,2962312.0,劉強東,0.9976868629455566,Q8991047,Culture.Biography.Biography*,2962312.0,15073.935766951558,12.0,7663.0
13393,5.0,2962312.0,劉強東,0.7310686111450195,Q8991047,History_and_Society.Business_and_economics,2962312.0,15073.935766951558,12.0,7663.0
13394,5.0,2962312.0,劉強東,0.29719679260253906,Q8991047,Geography.Regions.Asia.East_Asia,2962312.0,15073.935766951558,12.0,7663.0
13395,5.0,2962312.0,劉強東,0.2869412174224853,Q8991047,Geography.Regions.Asia.Asia*,2962312.0,15073.935766951558,12.0,7663.0
13396,2.0,2969732.0,慶長琉球之役,0.8740872144699097,Q1140134,History_and_Society.Military_and_warfare,2969732.0,0.0,13.0,769.0
13397,2.0,2969732.0,慶長琉球之役,0.4990100135803223,Q1140134,Geography.Regions.Asia.East_Asia,2969732.0,0.0,13.0,769.0
13398,2.0,2969732.0,慶長琉球之役,0.4983836879730225,Q1140134,Geography.Regions.Asia.Asia*,2969732.0,0.0,13.0,769.0
13399,8.0,2972881.0,蔣麗芸,0.9883227348327636,Q3040547,Culture.Biography.Biography*,2972881.0,500.4118345564368,3.0,2574.0
13400,8.0,2972881.0,蔣麗芸,0.4845064153671265,Q3040547,Geography.Regions.Asia.East_Asia,2972881.0,500.4118345564368,3.0,2574.0
13401,8.0,2972881.0,蔣麗芸,0.4440047016143799,Q3040547,Geography.Regions.Asia.Asia*,2972881.0,500.4118345564368,3.0,2574.0
13402,8.0,2972881.0,蔣麗芸,0.13297423720359802,Q3040547,Culture.Biography.Women,2972881.0,500.4118345564368,3.0,2574.0
13403,2.0,2974867.0,雲圖 (電影),0.9935217499732972,Q28936,Culture.Media.Media*,2974867.0,23.246810713548946,6.0,2638.0
13404,2.0,2974867.0,雲圖 (電影),0.9926641583442688,Q28936,Culture.Media.Films,2974867.0,23.246810713548946,6.0,2638.0
13405,2.0,2974867.0,雲圖 (電影),0.287777841091156,Q28936,Culture.Media.Entertainment,2974867.0,23.246810713548946,6.0,2638.0
13406,2.0,2974867.0,雲圖 (電影),0.2069040536880493,Q28936,History_and_Society.Society,2974867.0,23.246810713548946,6.0,2638.0
13407,2.0,2974867.0,雲圖 (電影),0.0,Q28936,Geography.Regions.Europe.Europe*,2974867.0,23.246810713548946,6.0,2638.0
13408,2.0,2974867.0,雲圖 (電影),0.0,Q28936,Geography.Regions.Americas.North_America,2974867.0,23.246810713548946,6.0,2638.0
13409,2.0,2974929.0,約翰·漢納,1.0000100135803225,Q298243,Culture.Biography.Biography*,2974929.0,3942.0,6.0,1033.0
13410,2.0,2974929.0,約翰·漢納,0.2069040536880493,Q298243,Culture.Media.Media*,2974929.0,3942.0,6.0,1033.0
13411,2.0,2974929.0,約翰·漢納,0.1259327530860901,Q298243,Culture.Media.Television,2974929.0,3942.0,6.0,1033.0
13412,2.0,2974929.0,約翰·漢納,0.06118653917312623,Q298243,Geography.Regions.Europe.Europe*,2974929.0,3942.0,6.0,1033.0
13413,2.0,2974929.0,約翰·漢納,0.006821857929229736,Q298243,Geography.Regions.Europe.Northern_Europe,2974929.0,3942.0,6.0,1033.0
13414,2.0,2974929.0,約翰·漢納,0.0,Q298243,Geography.Regions.Americas.North_America,2974929.0,3942.0,6.0,1033.0
13415,5.0,2979988.0,新加坡公共假期,1.0,Q2072953,Compilation.List_Disambig,2979988.0,1540.412379794088,11.0,1320.0
13416,5.0,2979988.0,新加坡公共假期,0.59267657995224,Q2072953,Culture.Philosophy_and_religion,2979988.0,1540.412379794088,11.0,1320.0
13417,5.0,2979988.0,新加坡公共假期,0.0,Q2072953,Geography.Regions.Asia.Asia*,2979988.0,1540.412379794088,11.0,1320.0
13418,5.0,2979988.0,新加坡公共假期,0.0,Q2072953,Geography.Regions.Europe.Europe*,2979988.0,1540.412379794088,11.0,1320.0
13419,5.0,2979988.0,新加坡公共假期,0.0,Q2072953,Geography.Regions.Africa.Africa*,2979988.0,1540.412379794088,11.0,1320.0
13420,5.0,2979988.0,新加坡公共假期,0.0,Q2072953,Geography.Regions.Americas.Central_America,2979988.0,1540.412379794088,11.0,1320.0
13421,4.0,2985939.0,何啟明 (工聯會),0.9855064153671264,Q10886070,Culture.Biography.Biography*,2985939.0,4352.981720199076,3.0,1647.0
13422,4.0,2985939.0,何啟明 (工聯會),0.4927201142311096,Q10886070,Geography.Regions.Asia.East_Asia,2985939.0,4352.981720199076,3.0,1647.0
13423,4.0,2985939.0,何啟明 (工聯會),0.4722507467269898,Q10886070,Geography.Regions.Asia.Asia*,2985939.0,4352.981720199076,3.0,1647.0
13424,12.0,2987105.0,FIESTAR,0.5621865391731262,Q492076,Culture.Media.Media*,2987105.0,72147.55565774035,0.0,1644.0
13425,12.0,2987105.0,FIESTAR,0.4780457487106323,Q492076,Geography.Regions.Asia.East_Asia,2987105.0,72147.55565774035,0.0,1644.0
13426,12.0,2987105.0,FIESTAR,0.4688006341457367,Q492076,Culture.Media.Music,2987105.0,72147.55565774035,0.0,1644.0
13427,12.0,2987105.0,FIESTAR,0.459371196269989,Q492076,Geography.Regions.Asia.Asia*,2987105.0,72147.55565774035,0.0,1644.0
13428,12.0,2987105.0,FIESTAR,0.3998216390609741,Q492076,Culture.Biography.Biography*,2987105.0,72147.55565774035,0.0,1644.0
13429,12.0,2987105.0,FIESTAR,0.20182321965694427,Q492076,Culture.Biography.Women,2987105.0,72147.55565774035,0.0,1644.0
13430,7.0,2993220.0,韓國政黨,0.2942249774932861,Q11441835,STEM.STEM*,2993220.0,6272.572610798897,0.0,801.0
13431,7.0,2993220.0,韓國政黨,0.0,Q11441835,Geography.Regions.Asia.Asia*,2993220.0,6272.572610798897,0.0,801.0
13432,7.0,2993220.0,韓國政黨,0.0,Q11441835,Geography.Regions.Americas.North_America,2993220.0,6272.572610798897,0.0,801.0
13433,7.0,2993220.0,韓國政黨,0.0,Q11441835,Geography.Regions.Europe.Europe*,2993220.0,6272.572610798897,0.0,801.0
13434,4.0,2994881.0,皮膚,0.994098961353302,Q1074,STEM.STEM*,2994881.0,8135.1171352042575,2.0,2643.0
13435,4.0,2994881.0,皮膚,0.8840492963790894,Q1074,STEM.Medicine_&_Health,2994881.0,8135.1171352042575,2.0,2643.0
13436,4.0,2994881.0,皮膚,0.7490972280502319,Q1074,STEM.Biology,2994881.0,8135.1171352042575,2.0,2643.0
13437,4.0,2994881.0,皮膚,0.1732981950044632,Q1074,History_and_Society.Society,2994881.0,8135.1171352042575,2.0,2643.0
13438,2.0,2996722.0,J Soul Brothers,0.6513648629188538,Q6139131,Culture.Media.Media*,2996722.0,164.00209161616252,13.0,2009.0
13439,2.0,2996722.0,J Soul Brothers,0.6297846436500549,Q6139131,Culture.Media.Music,2996722.0,164.00209161616252,13.0,2009.0
13440,2.0,2996722.0,J Soul Brothers,0.4849463572502136,Q6139131,Geography.Regions.Asia.East_Asia,2996722.0,164.00209161616252,13.0,2009.0
13441,2.0,2996722.0,J Soul Brothers,0.4063222279548645,Q6139131,Geography.Regions.Asia.Asia*,2996722.0,164.00209161616252,13.0,2009.0
13442,2.0,2996722.0,J Soul Brothers,0.2689514458179474,Q6139131,Culture.Biography.Biography*,2996722.0,164.00209161616252,13.0,2009.0
13443,27.0,2997796.0,最终幻想系列游戏列表,1.0,Q6570840,Compilation.List_Disambig,2997796.0,1022.0627766359752,14.0,2980.0
13444,27.0,2997796.0,最终幻想系列游戏列表,0.9986850023269652,Q6570840,Culture.Media.Video_games,2997796.0,1022.0627766359752,14.0,2980.0
13445,27.0,2997796.0,最终幻想系列游戏列表,0.9982553720474244,Q6570840,Culture.Internet_culture,2997796.0,1022.0627766359752,14.0,2980.0
13446,27.0,2997796.0,最终幻想系列游戏列表,0.9976133108139038,Q6570840,Culture.Media.Media*,2997796.0,1022.0627766359752,14.0,2980.0
13447,29.0,2997977.0,最終幻想IV,1.0000100135803225,Q911226,Culture.Internet_culture,2997977.0,344.228641724833,14.0,1799.0
13448,29.0,2997977.0,最終幻想IV,1.0000100135803225,Q911226,Culture.Media.Video_games,2997977.0,344.228641724833,14.0,1799.0
13449,29.0,2997977.0,最終幻想IV,0.9993638396263124,Q911226,Culture.Media.Media*,2997977.0,344.228641724833,14.0,1799.0
13450,4.0,2998738.0,孫沁岳,0.2942249774932861,Q97352314,STEM.STEM*,2998738.0,6245.969122433051,4.0,6033.0
13451,4.0,2998738.0,孫沁岳,0.0,Q97352314,Geography.Regions.Asia.Asia*,2998738.0,6245.969122433051,4.0,6033.0
13452,4.0,2998738.0,孫沁岳,0.0,Q97352314,Geography.Regions.Americas.North_America,2998738.0,6245.969122433051,4.0,6033.0
13453,4.0,2998738.0,孫沁岳,0.0,Q97352314,Geography.Regions.Europe.Europe*,2998738.0,6245.969122433051,4.0,6033.0
13454,8.0,3001974.0,區諾軒,0.9659096002578736,Q9114735,Culture.Biography.Biography*,3001974.0,1750.3129192395722,3.0,6387.0
13455,8.0,3001974.0,區諾軒,0.4981269707679749,Q9114735,Geography.Regions.Asia.East_Asia,3001974.0,1750.3129192395722,3.0,6387.0
13456,8.0,3001974.0,區諾軒,0.4916641583442688,Q9114735,Geography.Regions.Asia.Asia*,3001974.0,1750.3129192395722,3.0,6387.0
13457,4.0,3009748.0,Supernova (韓國組合),0.9124462008476256,Q486153,Culture.Biography.Biography*,3009748.0,3942.0000000000014,0.0,3507.0
13458,4.0,3009748.0,Supernova (韓國組合),0.9073222279548644,Q486153,Culture.Media.Music,3009748.0,3942.0000000000014,0.0,3507.0
13459,4.0,3009748.0,Supernova (韓國組合),0.8991314172744751,Q486153,Culture.Media.Media*,3009748.0,3942.0000000000014,0.0,3507.0
13460,4.0,3009748.0,Supernova (韓國組合),0.3344935646057129,Q486153,Geography.Regions.Asia.East_Asia,3009748.0,3942.0000000000014,0.0,3507.0
13461,4.0,3009748.0,Supernova (韓國組合),0.3165845146179199,Q486153,Geography.Regions.Asia.Asia*,3009748.0,3942.0000000000014,0.0,3507.0
13462,9.0,3013684.0,麥美娟,0.9875783920288086,Q4725987,Culture.Biography.Biography*,3013684.0,17.21502263465733,3.0,1621.0
13463,9.0,3013684.0,麥美娟,0.4911941161155701,Q4725987,Geography.Regions.Asia.East_Asia,3013684.0,17.21502263465733,3.0,1621.0
13464,9.0,3013684.0,麥美娟,0.4753205647468567,Q4725987,Geography.Regions.Asia.Asia*,3013684.0,17.21502263465733,3.0,1621.0
13465,21.0,3013748.0,郭榮鏗,0.9972950220108032,Q5258620,Culture.Biography.Biography*,3013748.0,4220.3042683811045,3.0,16107.0
13466,21.0,3013748.0,郭榮鏗,0.3257217874526977,Q5258620,Geography.Regions.Asia.East_Asia,3013748.0,4220.3042683811045,3.0,16107.0
13467,21.0,3013748.0,郭榮鏗,0.12878464365005493,Q5258620,Geography.Regions.Asia.Asia*,3013748.0,4220.3042683811045,3.0,16107.0
13468,29.0,3014866.0,邵大倫,0.99219411611557,Q9352922,Culture.Biography.Biography*,3014866.0,108865.96474696868,4.0,1526.0
13469,29.0,3014866.0,邵大倫,0.15036486291885376,Q9352922,Geography.Regions.Asia.Asia*,3014866.0,108865.96474696868,4.0,1526.0
13470,29.0,3014866.0,邵大倫,0.11921291798353195,Q9352922,History_and_Society.Society,3014866.0,108865.96474696868,4.0,1526.0
13471,29.0,3014866.0,邵大倫,0.053480433464050285,Q9352922,Geography.Regions.Asia.East_Asia,3014866.0,108865.96474696868,4.0,1526.0
13472,2.0,3022072.0,920型醫院船,0.9994907379150392,Q7860812,History_and_Society.Transportation,3022072.0,0.0,11.0,2537.0
13473,2.0,3022072.0,920型醫院船,0.9899964332580566,Q7860812,History_and_Society.Military_and_warfare,3022072.0,0.0,11.0,2537.0
13474,2.0,3022072.0,920型醫院船,0.0,Q7860812,Geography.Regions.Asia.Asia*,3022072.0,0.0,11.0,2537.0
13475,2.0,3022072.0,920型醫院船,0.0,Q7860812,Geography.Regions.Asia.East_Asia,3022072.0,0.0,11.0,2537.0
13476,3.0,3023658.0,吳懷中,0.9972950220108032,Q10918866,Culture.Biography.Biography*,3023658.0,1316.4090772771656,4.0,2999.0
13477,3.0,3023658.0,吳懷中,0.5312193632125854,Q10918866,History_and_Society.Society,3023658.0,1316.4090772771656,4.0,2999.0
13478,3.0,3023658.0,吳懷中,0.3257217874526977,Q10918866,Geography.Regions.Asia.East_Asia,3023658.0,1316.4090772771656,4.0,2999.0
13479,3.0,3023658.0,吳懷中,0.23616819286346435,Q10918866,Geography.Regions.Asia.Asia*,3023658.0,1316.4090772771656,4.0,2999.0
13480,3.0,3023658.0,吳懷中,0.10088862478733064,Q10918866,Culture.Media.Music,3023658.0,1316.4090772771656,4.0,2999.0
13481,3.0,3035074.0,太极2英雄崛起,0.9966334104537964,Q7675744,Culture.Media.Media*,3035074.0,758.0207150043594,12.0,1680.0
13482,3.0,3035074.0,太极2英雄崛起,0.9916942119598388,Q7675744,Culture.Media.Films,3035074.0,758.0207150043594,12.0,1680.0
13483,3.0,3035074.0,太极2英雄崛起,0.1824355274438858,Q7675744,Culture.Sports,3035074.0,758.0207150043594,12.0,1680.0
13484,3.0,3035074.0,太极2英雄崛起,0.022430347442626952,Q7675744,Geography.Regions.Asia.Asia*,3035074.0,758.0207150043594,12.0,1680.0
13485,3.0,3035074.0,太极2英雄崛起,0.0,Q7675744,Geography.Regions.Asia.East_Asia,3035074.0,758.0207150043594,12.0,1680.0
13486,10.0,3037948.0,國防大學理工學院,0.9993433356285096,Q10927357,Culture.Biography.Biography*,3037948.0,154.65352217151366,5.0,996.0
13487,10.0,3037948.0,國防大學理工學院,0.9980832934379578,Q10927357,History_and_Society.Society,3037948.0,154.65352217151366,5.0,996.0
13488,10.0,3037948.0,國防大學理工學院,0.5312193632125854,Q10927357,History_and_Society.Education,3037948.0,154.65352217151366,5.0,996.0
13489,10.0,3037948.0,國防大學理工學院,0.4925217499732971,Q10927357,Geography.Regions.Asia.East_Asia,3037948.0,154.65352217151366,5.0,996.0
13490,10.0,3037948.0,國防大學理工學院,0.4659240117073059,Q10927357,Geography.Regions.Asia.Asia*,3037948.0,154.65352217151366,5.0,996.0
13491,10.0,3037948.0,國防大學理工學院,0.40734341740608215,Q10927357,Culture.Media.Media*,3037948.0,154.65352217151366,5.0,996.0
13492,10.0,3037948.0,國防大學理工學院,0.14415885508060455,Q10927357,Culture.Philosophy_and_religion,3037948.0,154.65352217151366,5.0,996.0
13493,10.0,3037948.0,國防大學理工學院,0.12253321707248688,Q10927357,Culture.Visual_arts.Visual_arts*,3037948.0,154.65352217151366,5.0,996.0
13494,4.0,3038735.0,魔彈之王與戰姬,1.0000100135803225,Q492378,Culture.Visual_arts.Comics_and_Anime,3038735.0,4142.738717493519,13.0,2609.0
13495,4.0,3038735.0,魔彈之王與戰姬,1.0000100135803225,Q492378,Culture.Visual_arts.Visual_arts*,3038735.0,4142.738717493519,13.0,2609.0
13496,4.0,3038735.0,魔彈之王與戰姬,1.0000100135803225,Q492378,Culture.Literature,3038735.0,4142.738717493519,13.0,2609.0
13497,4.0,3038735.0,魔彈之王與戰姬,0.18714269995689392,Q492378,Culture.Media.Video_games,3038735.0,4142.738717493519,13.0,2609.0
13498,4.0,3038735.0,魔彈之王與戰姬,0.1778208613395691,Q492378,Culture.Internet_culture,3038735.0,4142.738717493519,13.0,2609.0
13499,2.0,3041196.0,朝鮮人民軍空軍,0.9955416321754456,Q698296,History_and_Society.Military_and_warfare,3041196.0,633.2415322427138,11.0,1083.0
13500,2.0,3041196.0,朝鮮人民軍空軍,0.9820237755775452,Q698296,Geography.Regions.Asia.East_Asia,3041196.0,633.2415322427138,11.0,1083.0
13501,2.0,3041196.0,朝鮮人民軍空軍,0.9763205647468568,Q698296,Geography.Regions.Asia.Asia*,3041196.0,633.2415322427138,11.0,1083.0
13502,2.0,3041196.0,朝鮮人民軍空軍,0.320831298828125,Q698296,STEM.STEM*,3041196.0,633.2415322427138,11.0,1083.0
13503,2.0,3041196.0,朝鮮人民軍空軍,0.2509227991104126,Q698296,History_and_Society.Transportation,3041196.0,633.2415322427138,11.0,1083.0
13504,2.0,3041196.0,朝鮮人民軍空軍,0.21734751760959625,Q698296,STEM.Engineering,3041196.0,633.2415322427138,11.0,1083.0
13505,1.0,3041340.0,假面飯店,0.8519628047943115,Q10888744,Culture.Literature,3041340.0,0.0,13.0,2949.0
13506,1.0,3041340.0,假面飯店,0.7773098945617676,Q10888744,Culture.Media.Media*,3041340.0,0.0,13.0,2949.0
13507,1.0,3041340.0,假面飯店,0.5234303474426271,Q10888744,Culture.Visual_arts.Visual_arts*,3041340.0,0.0,13.0,2949.0
13508,1.0,3041340.0,假面飯店,0.275139719247818,Q10888744,Culture.Visual_arts.Comics_and_Anime,3041340.0,0.0,13.0,2949.0
13509,1.0,3041340.0,假面飯店,0.18714269995689392,Q10888744,Culture.Media.Films,3041340.0,0.0,13.0,2949.0
13510,1.0,3041340.0,假面飯店,0.0,Q10888744,Geography.Regions.Asia.East_Asia,3041340.0,0.0,13.0,2949.0
13511,1.0,3041340.0,假面飯店,0.0,Q10888744,Geography.Regions.Asia.Asia*,3041340.0,0.0,13.0,2949.0
13512,4.0,3042323.0,李唯楓,0.9967369437217712,Q9197465,Culture.Biography.Biography*,3042323.0,4493.002053777337,4.0,1851.0
13513,4.0,3042323.0,李唯楓,0.4114462008476257,Q9197465,Geography.Regions.Asia.East_Asia,3042323.0,4493.002053777337,4.0,1851.0
13514,4.0,3042323.0,李唯楓,0.4063222279548645,Q9197465,Geography.Regions.Asia.Asia*,3042323.0,4493.002053777337,4.0,1851.0
13515,4.0,3042323.0,李唯楓,0.24509501457214355,Q9197465,History_and_Society.Society,3042323.0,4493.002053777337,4.0,1851.0
13516,4.0,3042323.0,李唯楓,0.19194278120994568,Q9197465,Culture.Media.Music,3042323.0,4493.002053777337,4.0,1851.0
13517,4.0,3042323.0,李唯楓,0.1824355274438858,Q9197465,Culture.Media.Media*,3042323.0,4493.002053777337,4.0,1851.0
13518,2.0,3050670.0,莊凱勛,1.0000100135803225,Q9332903,Culture.Biography.Biography*,3050670.0,3942.0000000000014,13.0,3139.0
13519,2.0,3050670.0,莊凱勛,0.9626831412315368,Q9332903,History_and_Society.Society,3050670.0,3942.0000000000014,13.0,3139.0
13520,2.0,3050670.0,莊凱勛,0.3548611869812012,Q9332903,Geography.Regions.Asia.Asia*,3050670.0,3942.0000000000014,13.0,3139.0
13521,2.0,3050670.0,莊凱勛,0.3257217874526977,Q9332903,Geography.Regions.Asia.East_Asia,3050670.0,3942.0000000000014,13.0,3139.0
13522,8.0,3059942.0,內政部警政署刑事警察局,0.9796776771545409,Q10891306,Culture.Biography.Biography*,3059942.0,22261.0493744007,4.0,1497.0
13523,8.0,3059942.0,內政部警政署刑事警察局,0.960371196269989,Q10891306,History_and_Society.Society,3059942.0,22261.0493744007,4.0,1497.0
13524,8.0,3059942.0,內政部警政署刑事警察局,0.546748161315918,Q10891306,History_and_Society.Politics_and_government,3059942.0,22261.0493744007,4.0,1497.0
13525,8.0,3059942.0,內政部警政署刑事警察局,0.4114462008476257,Q10891306,Geography.Regions.Asia.Asia*,3059942.0,22261.0493744007,4.0,1497.0
13526,8.0,3059942.0,內政部警政署刑事警察局,0.3624016513824463,Q10891306,Geography.Regions.Asia.East_Asia,3059942.0,22261.0493744007,4.0,1497.0
13527,8.0,3059942.0,內政部警政署刑事警察局,0.3007555902004242,Q10891306,History_and_Society.Business_and_economics,3059942.0,22261.0493744007,4.0,1497.0
13528,8.0,3059942.0,內政部警政署刑事警察局,0.2069040536880493,Q10891306,History_and_Society.Military_and_warfare,3059942.0,22261.0493744007,4.0,1497.0
13529,8.0,3059942.0,內政部警政署刑事警察局,0.11597072333097458,Q10891306,STEM.Engineering,3059942.0,22261.0493744007,4.0,1497.0
13530,8.0,3059942.0,內政部警政署刑事警察局,0.1097157895565033,Q10891306,STEM.STEM*,3059942.0,22261.0493744007,4.0,1497.0
13531,3.0,3067533.0,白艺潾,0.9173126816749572,Q9021940,Culture.Biography.Biography*,3067533.0,271.64512273263847,0.0,2334.0
13532,3.0,3067533.0,白艺潾,0.5775054097175598,Q9021940,Culture.Media.Music,3067533.0,271.64512273263847,0.0,2334.0
13533,3.0,3067533.0,白艺潾,0.4921981394290924,Q9021940,Culture.Media.Media*,3067533.0,271.64512273263847,0.0,2334.0
13534,3.0,3067533.0,白艺潾,0.4810237755775452,Q9021940,Geography.Regions.Asia.Asia*,3067533.0,271.64512273263847,0.0,2334.0
13535,3.0,3067533.0,白艺潾,0.4760326614379883,Q9021940,Geography.Regions.Asia.East_Asia,3067533.0,271.64512273263847,0.0,2334.0
13536,3.0,3067533.0,白艺潾,0.1259327530860901,Q9021940,Culture.Biography.Women,3067533.0,271.64512273263847,0.0,2334.0
13537,6.0,3083691.0,徐自強案,0.2942249774932861,Q11070906,STEM.STEM*,3083691.0,1350.482022036414,2.0,3098.0
13538,6.0,3083691.0,徐自強案,0.0,Q11070906,Geography.Regions.Asia.Asia*,3083691.0,1350.482022036414,2.0,3098.0
13539,6.0,3083691.0,徐自強案,0.0,Q11070906,Geography.Regions.Americas.North_America,3083691.0,1350.482022036414,2.0,3098.0
13540,6.0,3083691.0,徐自強案,0.0,Q11070906,Geography.Regions.Europe.Europe*,3083691.0,1350.482022036414,2.0,3098.0
13541,2.0,3097481.0,金立群,0.9879562258720398,Q6201891,Culture.Biography.Biography*,3097481.0,3942.0,2.0,1432.0
13542,2.0,3097481.0,金立群,0.04574816131591797,Q6201891,Geography.Regions.Asia.Asia*,3097481.0,3942.0,2.0,1432.0
13543,2.0,3097481.0,金立群,0.0,Q6201891,Geography.Regions.Asia.East_Asia,3097481.0,3942.0,2.0,1432.0
13544,5.0,3124821.0,大谷翔平,0.9992306232452391,Q4391858,Culture.Biography.Biography*,3124821.0,221.28863510590497,13.0,2507.0
13545,5.0,3124821.0,大谷翔平,0.9706977605819702,Q4391858,Culture.Sports,3124821.0,221.28863510590497,13.0,2507.0
13546,5.0,3124821.0,大谷翔平,0.0,Q4391858,Geography.Regions.Asia.Asia*,3124821.0,221.28863510590497,13.0,2507.0
13547,5.0,3124821.0,大谷翔平,0.0,Q4391858,Geography.Regions.Asia.East_Asia,3124821.0,221.28863510590497,13.0,2507.0
13548,2.0,3125421.0,林肯遇刺案,0.8558611869812012,Q1025404,Geography.Regions.Americas.North_America,3125421.0,142.0961350112276,5.0,1585.0
13549,2.0,3125421.0,林肯遇刺案,0.26285186409950256,Q1025404,History_and_Society.Politics_and_government,3125421.0,142.0961350112276,5.0,1585.0
13550,2.0,3125421.0,林肯遇刺案,0.11280541121959685,Q1025404,History_and_Society.Military_and_warfare,3125421.0,142.0961350112276,5.0,1585.0
13551,3.0,3126599.0,結婚不結婚,0.9724247455596924,Q3194819,Culture.Media.Television,3126599.0,3942.0,13.0,783.0
13552,3.0,3126599.0,結婚不結婚,0.9099169969558716,Q3194819,Culture.Media.Media*,3126599.0,3942.0,13.0,783.0
13553,3.0,3126599.0,結婚不結婚,0.25392501258850103,Q3194819,Geography.Regions.Asia.Asia*,3126599.0,3942.0,13.0,783.0
13554,3.0,3126599.0,結婚不結婚,0.25392501258850103,Q3194819,Geography.Regions.Asia.East_Asia,3126599.0,3942.0,13.0,783.0
13555,1.0,3129005.0,怪獸能量飲料,0.7248802781105042,Q544293,Culture.Food_and_drink,3129005.0,0.0,10.0,1611.0
13556,1.0,3129005.0,怪獸能量飲料,0.7122421860694885,Q544293,History_and_Society.Business_and_economics,3129005.0,0.0,10.0,1611.0
13557,1.0,3129005.0,怪獸能量飲料,0.0,Q544293,Geography.Regions.Americas.North_America,3129005.0,0.0,10.0,1611.0
13558,9.0,3129011.0,GTO (2012年电视剧),0.989681839942932,Q902256,Culture.Media.Television,3129011.0,24874.476650527682,13.0,2362.0
13559,9.0,3129011.0,GTO (2012年电视剧),0.9496793746948242,Q902256,Culture.Media.Media*,3129011.0,24874.476650527682,13.0,2362.0
13560,9.0,3129011.0,GTO (2012年电视剧),0.1713417043685913,Q902256,Geography.Regions.Asia.East_Asia,3129011.0,24874.476650527682,13.0,2362.0
13561,9.0,3129011.0,GTO (2012年电视剧),0.07650540971755981,Q902256,Geography.Regions.Asia.Asia*,3129011.0,24874.476650527682,13.0,2362.0
13562,2.0,3129048.0,麦肯基·弗依,0.9992306232452391,Q94913,Culture.Biography.Biography*,3129048.0,1658.32147868247,8.0,1868.0
13563,2.0,3129048.0,麦肯基·弗依,0.546748161315918,Q94913,Culture.Biography.Women,3129048.0,1658.32147868247,8.0,1868.0
13564,2.0,3129048.0,麦肯基·弗依,0.0,Q94913,Geography.Regions.Americas.North_America,3129048.0,1658.32147868247,8.0,1868.0
13565,2.0,3129048.0,麦肯基·弗依,0.0,Q94913,Geography.Regions.Europe.Europe*,3129048.0,1658.32147868247,8.0,1868.0
13566,1.0,3129798.0,姜信日,0.946606695652008,Q6824331,Culture.Biography.Biography*,3129798.0,0.0,0.0,1960.0
13567,1.0,3129798.0,姜信日,0.3429050912857056,Q6824331,Geography.Regions.Asia.Asia*,3129798.0,0.0,0.0,1960.0
13568,1.0,3129798.0,姜信日,0.30218379402160644,Q6824331,Geography.Regions.Asia.East_Asia,3129798.0,0.0,0.0,1960.0
13569,1.0,3129798.0,姜信日,0.11280541121959685,Q6824331,Culture.Media.Media*,3129798.0,0.0,0.0,1960.0
13570,1.0,3131100.0,沈海蓉,0.9991540908813475,Q9036327,Culture.Biography.Biography*,3131100.0,0.0,4.0,1402.0
13571,1.0,3131100.0,沈海蓉,0.9381340146064758,Q9036327,History_and_Society.Society,3131100.0,0.0,4.0,1402.0
13572,1.0,3131100.0,沈海蓉,0.6926519870758057,Q9036327,Culture.Biography.Women,3131100.0,0.0,4.0,1402.0
13573,1.0,3131100.0,沈海蓉,0.4883575310707092,Q9036327,Geography.Regions.Asia.East_Asia,3131100.0,0.0,4.0,1402.0
13574,1.0,3131100.0,沈海蓉,0.4738311638832092,Q9036327,Geography.Regions.Asia.Asia*,3131100.0,0.0,4.0,1402.0
13575,1.0,3131100.0,沈海蓉,0.11597072333097458,Q9036327,Culture.Media.Media*,3131100.0,0.0,4.0,1402.0
13576,3.0,3132977.0,被解救的姜戈,0.991162657737732,Q571032,Culture.Media.Films,3132977.0,1359.8144862253455,6.0,2286.0
13577,3.0,3132977.0,被解救的姜戈,0.9825675487518309,Q571032,Culture.Media.Media*,3132977.0,1359.8144862253455,6.0,2286.0
13578,3.0,3132977.0,被解救的姜戈,0.053480433464050285,Q571032,Geography.Regions.Americas.North_America,3132977.0,1359.8144862253455,6.0,2286.0
13579,2.0,3136783.0,羅斯福號航空母艦 (CV-42),0.998876452445984,Q2092687,History_and_Society.Military_and_warfare,3136783.0,447.3243136604392,5.0,2134.0
13580,2.0,3136783.0,羅斯福號航空母艦 (CV-42),0.9984121918678284,Q2092687,History_and_Society.Transportation,3136783.0,447.3243136604392,5.0,2134.0
13581,2.0,3136783.0,羅斯福號航空母艦 (CV-42),0.0,Q2092687,Geography.Regions.Americas.North_America,3136783.0,447.3243136604392,5.0,2134.0
13582,5.0,3137469.0,李遐怡,0.9863731861114502,Q24945,Culture.Biography.Biography*,3137469.0,141.5639597801817,0.0,2599.0
13583,5.0,3137469.0,李遐怡,0.839743971824646,Q24945,Culture.Biography.Women,3137469.0,141.5639597801817,0.0,2599.0
13584,5.0,3137469.0,李遐怡,0.8031837940216064,Q24945,Culture.Media.Music,3137469.0,141.5639597801817,0.0,2599.0
13585,5.0,3137469.0,李遐怡,0.7371681928634644,Q24945,Culture.Media.Media*,3137469.0,141.5639597801817,0.0,2599.0
13586,5.0,3137469.0,李遐怡,0.4114462008476257,Q24945,Geography.Regions.Asia.Asia*,3137469.0,141.5639597801817,0.0,2599.0
13587,5.0,3137469.0,李遐怡,0.37980710172653204,Q24945,Geography.Regions.Asia.East_Asia,3137469.0,141.5639597801817,0.0,2599.0
13588,6.0,3142639.0,楊潤雄,0.9951046109199524,Q9299188,Culture.Biography.Biography*,3142639.0,3682.9337599885853,3.0,3043.0
13589,6.0,3142639.0,楊潤雄,0.0,Q9299188,Geography.Regions.Asia.East_Asia,3142639.0,3682.9337599885853,3.0,3043.0
13590,2.0,3154386.0,章立凡,0.9820237755775452,Q9094998,Culture.Biography.Biography*,3154386.0,2297.008874286499,3.0,2384.0
13591,2.0,3154386.0,章立凡,0.4294682612419128,Q9094998,Geography.Regions.Asia.East_Asia,3154386.0,2297.008874286499,3.0,2384.0
13592,2.0,3154386.0,章立凡,0.4139109721183777,Q9094998,Geography.Regions.Asia.Asia*,3154386.0,2297.008874286499,3.0,2384.0
13593,5.0,3159960.0,一九四二,0.9946250915527344,Q213215,Culture.Media.Films,3159960.0,332.9218190377514,12.0,2712.0
13594,5.0,3159960.0,一九四二,0.9939124584197998,Q213215,Culture.Media.Media*,3159960.0,332.9218190377514,12.0,2712.0
13595,5.0,3159960.0,一九四二,0.03021936321258545,Q213215,Geography.Regions.Asia.Asia*,3159960.0,332.9218190377514,12.0,2712.0
13596,5.0,3159960.0,一九四二,0.0,Q213215,Geography.Regions.Asia.East_Asia,3159960.0,332.9218190377514,12.0,2712.0
13597,12.0,3161098.0,中国科学院武汉病毒研究所,0.8962613940238953,Q30292611,Geography.Regions.Asia.East_Asia,3161098.0,8914.144950676651,3.0,2346.0
13598,12.0,3161098.0,中国科学院武汉病毒研究所,0.8634016513824463,Q30292611,Geography.Regions.Asia.Asia*,3161098.0,8914.144950676651,3.0,2346.0
13599,12.0,3161098.0,中国科学院武汉病毒研究所,0.2689514458179474,Q30292611,STEM.STEM*,3161098.0,8914.144950676651,3.0,2346.0
13600,4.0,3168580.0,神鎗狙擊,0.98678719997406,Q1195949,Culture.Media.Media*,3168580.0,5747.997651586704,7.0,3170.0
13601,4.0,3168580.0,神鎗狙擊,0.9820237755775452,Q1195949,Culture.Media.Television,3168580.0,5747.997651586704,7.0,3170.0
13602,4.0,3168580.0,神鎗狙擊,0.22388027811050412,Q1195949,Geography.Regions.Asia.East_Asia,3168580.0,5747.997651586704,7.0,3170.0
13603,4.0,3168580.0,神鎗狙擊,0.18495945835113525,Q1195949,Geography.Regions.Asia.Asia*,3168580.0,5747.997651586704,7.0,3170.0
13604,3.0,3173676.0,毒蛇嚇機,0.9958112239837646,Q822660,Culture.Media.Media*,3173676.0,11072.80853176532,8.0,3867.0
13605,3.0,3173676.0,毒蛇嚇機,0.9947898983955384,Q822660,Culture.Media.Films,3173676.0,11072.80853176532,8.0,3867.0
13606,3.0,3173676.0,毒蛇嚇機,0.13297423720359802,Q822660,Culture.Media.Entertainment,3173676.0,11072.80853176532,8.0,3867.0
13607,3.0,3173676.0,毒蛇嚇機,0.06118653917312623,Q822660,Geography.Regions.Americas.North_America,3173676.0,11072.80853176532,8.0,3867.0
13608,1.0,3175118.0,最近，妹妹的樣子有點怪？,1.0000100135803225,Q60151,Culture.Literature,3175118.0,0.0,13.0,2829.0
13609,1.0,3175118.0,最近，妹妹的樣子有點怪？,0.9995221495628356,Q60151,Culture.Visual_arts.Comics_and_Anime,3175118.0,0.0,13.0,2829.0
13610,1.0,3175118.0,最近，妹妹的樣子有點怪？,0.999506652355194,Q60151,Culture.Visual_arts.Visual_arts*,3175118.0,0.0,13.0,2829.0
13611,1.0,3175118.0,最近，妹妹的樣子有點怪？,0.287777841091156,Q60151,Culture.Media.Media*,3175118.0,0.0,13.0,2829.0
13612,3.0,3177340.0,臥底 (電影),0.9967369437217712,Q81224,Culture.Media.Films,3177340.0,3860.2899167485816,6.0,2062.0
13613,3.0,3177340.0,臥底 (電影),0.9967369437217712,Q81224,Culture.Media.Media*,3177340.0,3860.2899167485816,6.0,2062.0
13614,3.0,3177340.0,臥底 (電影),0.06886266374588013,Q81224,Geography.Regions.Americas.North_America,3177340.0,3860.2899167485816,6.0,2062.0
13615,11.0,3177638.0,羅智強,1.0000100135803225,Q8279716,Culture.Biography.Biography*,3177638.0,43628.79223705168,2.0,3786.0
13616,11.0,3177638.0,羅智強,0.9946250915527344,Q8279716,History_and_Society.Society,3177638.0,43628.79223705168,2.0,3786.0
13617,11.0,3177638.0,羅智強,0.4857871999740601,Q8279716,Geography.Regions.Asia.East_Asia,3177638.0,43628.79223705168,2.0,3786.0
13618,11.0,3177638.0,羅智強,0.4798859825134277,Q8279716,Geography.Regions.Asia.Asia*,3177638.0,43628.79223705168,2.0,3786.0
13619,5.0,3185332.0,羔羊之歌,1.0000100135803225,Q195759,Culture.Visual_arts.Visual_arts*,3185332.0,8529.070332087982,13.0,1579.0
13620,5.0,3185332.0,羔羊之歌,1.0000100135803225,Q195759,Culture.Visual_arts.Comics_and_Anime,3185332.0,8529.070332087982,13.0,1579.0
13621,5.0,3185332.0,羔羊之歌,1.0000100135803225,Q195759,Culture.Literature,3185332.0,8529.070332087982,13.0,1579.0
13622,3.0,3197781.0,大橋彩香,0.9905974268913268,Q9125022,Culture.Visual_arts.Comics_and_Anime,3197781.0,3942.0,13.0,1620.0
13623,3.0,3197781.0,大橋彩香,0.98678719997406,Q9125022,Culture.Visual_arts.Visual_arts*,3197781.0,3942.0,13.0,1620.0
13624,3.0,3197781.0,大橋彩香,0.9859463572502136,Q9125022,Culture.Literature,3197781.0,3942.0,13.0,1620.0
13625,3.0,3197781.0,大橋彩香,0.966924011707306,Q9125022,Culture.Biography.Biography*,3197781.0,3942.0,13.0,1620.0
13626,3.0,3197781.0,大橋彩香,0.16452647745609286,Q9125022,Culture.Media.Media*,3197781.0,3942.0,13.0,1620.0
13627,3.0,3197781.0,大橋彩香,0.08411114120483397,Q9125022,Geography.Regions.Asia.East_Asia,3197781.0,3942.0,13.0,1620.0
13628,3.0,3197781.0,大橋彩香,0.006821857929229736,Q9125022,Geography.Regions.Asia.Asia*,3197781.0,3942.0,13.0,1620.0
13629,3.0,3200575.0,黃富康隨機殺人事件,0.2942249774932861,Q11176231,STEM.STEM*,3200575.0,121.22571041490892,2.0,2107.0
13630,3.0,3200575.0,黃富康隨機殺人事件,0.0,Q11176231,Geography.Regions.Asia.Asia*,3200575.0,121.22571041490892,2.0,2107.0
13631,3.0,3200575.0,黃富康隨機殺人事件,0.0,Q11176231,Geography.Regions.Americas.North_America,3200575.0,121.22571041490892,2.0,2107.0
13632,3.0,3200575.0,黃富康隨機殺人事件,0.0,Q11176231,Geography.Regions.Europe.Europe*,3200575.0,121.22571041490892,2.0,2107.0
13633,11.0,3200576.0,曾文欽隨機殺人事件,0.2942249774932861,Q11091529,STEM.STEM*,3200576.0,26329.767807630466,2.0,2860.0
13634,11.0,3200576.0,曾文欽隨機殺人事件,0.0,Q11091529,Geography.Regions.Asia.Asia*,3200576.0,26329.767807630466,2.0,2860.0
13635,11.0,3200576.0,曾文欽隨機殺人事件,0.0,Q11091529,Geography.Regions.Americas.North_America,3200576.0,26329.767807630466,2.0,2860.0
13636,11.0,3200576.0,曾文欽隨機殺人事件,0.0,Q11091529,Geography.Regions.Europe.Europe*,3200576.0,26329.767807630466,2.0,2860.0
13637,1.0,3202207.0,重庆模式,0.2120788097381592,Q5104681,History_and_Society.Military_and_warfare,3202207.0,0.0,2.0,1083.0
13638,1.0,3202207.0,重庆模式,0.1778208613395691,Q5104681,Culture.Visual_arts.Visual_arts*,3202207.0,0.0,2.0,1083.0
13639,1.0,3202207.0,重庆模式,0.1520422399044037,Q5104681,History_and_Society.Business_and_economics,3202207.0,0.0,2.0,1083.0
13640,1.0,3202207.0,重庆模式,0.14415885508060455,Q5104681,Culture.Visual_arts.Architecture,3202207.0,0.0,2.0,1083.0
13641,1.0,3202207.0,重庆模式,0.11921291798353195,Q5104681,STEM.STEM*,3202207.0,0.0,2.0,1083.0
13642,1.0,3202207.0,重庆模式,0.10375863313674928,Q5104681,Culture.Media.Media*,3202207.0,0.0,2.0,1083.0
13643,1.0,3202207.0,重庆模式,0.0,Q5104681,Geography.Regions.Europe.Europe*,3202207.0,0.0,2.0,1083.0
13644,1.0,3202207.0,重庆模式,0.0,Q5104681,Geography.Regions.Asia.Asia*,3202207.0,0.0,2.0,1083.0
13645,1.0,3202207.0,重庆模式,0.0,Q5104681,Geography.Regions.Americas.North_America,3202207.0,0.0,2.0,1083.0
13646,1.0,3202207.0,重庆模式,0.0,Q5104681,Geography.Regions.Europe.Northern_Europe,3202207.0,0.0,2.0,1083.0
13647,13.0,3203657.0,风暴 (2013年电影),0.974052667617798,Q8563321,Culture.Media.Media*,3203657.0,4258.2772086991745,12.0,2171.0
13648,13.0,3203657.0,风暴 (2013年电影),0.9706977605819702,Q8563321,Culture.Media.Films,3203657.0,4258.2772086991745,12.0,2171.0
13649,13.0,3203657.0,风暴 (2013年电影),0.4314633479118347,Q8563321,Geography.Regions.Asia.East_Asia,3203657.0,4258.2772086991745,12.0,2171.0
13650,13.0,3203657.0,风暴 (2013年电影),0.3952613940238953,Q8563321,Geography.Regions.Asia.Asia*,3203657.0,4258.2772086991745,12.0,2171.0
13651,1.0,3208326.0,阿德琳妮·帕里奇,1.0000100135803225,Q262278,Culture.Biography.Biography*,3208326.0,0.0,6.0,1399.0
13652,1.0,3208326.0,阿德琳妮·帕里奇,0.967909336090088,Q262278,Culture.Biography.Women,3208326.0,0.0,6.0,1399.0
13653,1.0,3208326.0,阿德琳妮·帕里奇,0.2816725244522095,Q262278,Geography.Regions.Americas.North_America,3208326.0,0.0,6.0,1399.0
13654,1.0,3208326.0,阿德琳妮·帕里奇,0.10088862478733064,Q262278,Culture.Media.Media*,3208326.0,0.0,6.0,1399.0
13655,2.0,3212774.0,安東尼·麥考利夫,0.99745911359787,Q573609,Culture.Biography.Biography*,3212774.0,1556.5952876999092,10.0,930.0
13656,2.0,3212774.0,安東尼·麥考利夫,0.9875783920288086,Q573609,History_and_Society.Military_and_warfare,3212774.0,1556.5952876999092,10.0,930.0
13657,2.0,3212774.0,安東尼·麥考利夫,0.38304929637908935,Q573609,Geography.Regions.Americas.North_America,3212774.0,1556.5952876999092,10.0,930.0
13658,4.0,3220889.0,王鴻偉,0.9219318628311156,Q9316842,Culture.Biography.Biography*,3220889.0,121.71017275672777,2.0,1538.0
13659,4.0,3220889.0,王鴻偉,0.4569222798347473,Q9316842,Geography.Regions.Asia.East_Asia,3220889.0,121.71017275672777,2.0,1538.0
13660,4.0,3220889.0,王鴻偉,0.3557848632335663,Q9316842,Culture.Philosophy_and_religion,3220889.0,121.71017275672777,2.0,1538.0
13661,4.0,3220889.0,王鴻偉,0.16442059183120727,Q9316842,Geography.Regions.Asia.Asia*,3220889.0,121.71017275672777,2.0,1538.0
13662,4.0,3220889.0,王鴻偉,0.14034625887870789,Q9316842,History_and_Society.Politics_and_government,3220889.0,121.71017275672777,2.0,1538.0
13663,4.0,3220889.0,王鴻偉,0.12253321707248688,Q9316842,History_and_Society.Society,3220889.0,121.71017275672777,2.0,1538.0
13664,1.0,3222012.0,宋米秦,0.9954004287719728,Q9128917,Culture.Biography.Biography*,3222012.0,0.0,4.0,2447.0
13665,1.0,3222012.0,宋米秦,0.546748161315918,Q9128917,Culture.Biography.Women,3222012.0,0.0,4.0,2447.0
13666,1.0,3222012.0,宋米秦,0.4849463572502136,Q9128917,Geography.Regions.Asia.East_Asia,3222012.0,0.0,4.0,2447.0
13667,1.0,3222012.0,宋米秦,0.4714247455596924,Q9128917,Geography.Regions.Asia.Asia*,3222012.0,0.0,4.0,2447.0
13668,1.0,3222012.0,宋米秦,0.3557848632335663,Q9128917,Culture.Media.Music,3222012.0,0.0,4.0,2447.0
13669,1.0,3222012.0,宋米秦,0.320831298828125,Q9128917,Culture.Media.Media*,3222012.0,0.0,4.0,2447.0
13670,3.0,3222933.0,林欣怡,1.0000100135803225,Q10347576,Culture.Biography.Biography*,3222933.0,356.86901542822517,2.0,11522.0
13671,3.0,3222933.0,林欣怡,1.0000100135803225,Q10347576,History_and_Society.Society,3222933.0,356.86901542822517,2.0,11522.0
13672,3.0,3222933.0,林欣怡,0.6859594583511353,Q10347576,Culture.Biography.Women,3222933.0,356.86901542822517,2.0,11522.0
13673,3.0,3222933.0,林欣怡,0.4977651705741882,Q10347576,Geography.Regions.Asia.East_Asia,3222933.0,356.86901542822517,2.0,11522.0
13674,3.0,3222933.0,林欣怡,0.4957369437217712,Q10347576,Geography.Regions.Asia.Asia*,3222933.0,356.86901542822517,2.0,11522.0
13675,6.0,3223114.0,派翠克·威爾森,0.9996300339698792,Q351290,Culture.Biography.Biography*,3223114.0,4678.385181940318,6.0,2386.0
13676,6.0,3223114.0,派翠克·威爾森,0.5312193632125854,Q351290,Culture.Performing_arts,3223114.0,4678.385181940318,6.0,2386.0
13677,6.0,3223114.0,派翠克·威爾森,0.5000100135803223,Q351290,Culture.Media.Music,3223114.0,4678.385181940318,6.0,2386.0
13678,6.0,3223114.0,派翠克·威爾森,0.40734341740608215,Q351290,Culture.Media.Media*,3223114.0,4678.385181940318,6.0,2386.0
13679,6.0,3223114.0,派翠克·威爾森,0.08411114120483397,Q351290,Geography.Regions.Americas.North_America,3223114.0,4678.385181940318,6.0,2386.0
13680,17.0,3228885.0,杰西卡·查斯坦,0.9989450573921204,Q229313,Culture.Biography.Biography*,3228885.0,26336.373313189702,6.0,3386.0
13681,17.0,3228885.0,杰西卡·查斯坦,0.9808859825134276,Q229313,Culture.Biography.Women,3228885.0,26336.373313189702,6.0,3386.0
13682,17.0,3228885.0,杰西卡·查斯坦,0.4688006341457367,Q229313,Culture.Media.Media*,3228885.0,26336.373313189702,6.0,3386.0
13683,17.0,3228885.0,杰西卡·查斯坦,0.3073680400848389,Q229313,History_and_Society.Society,3228885.0,26336.373313189702,6.0,3386.0
13684,17.0,3228885.0,杰西卡·查斯坦,0.19826446676254272,Q229313,Geography.Regions.Americas.North_America,3228885.0,26336.373313189702,6.0,3386.0
13685,17.0,3228885.0,杰西卡·查斯坦,0.14415885508060455,Q229313,Culture.Media.Television,3228885.0,26336.373313189702,6.0,3386.0
13686,7.0,3231929.0,新頭殼,0.9859463572502136,Q11084535,Culture.Biography.Biography*,3231929.0,41399.77435958787,2.0,3623.0
13687,7.0,3231929.0,新頭殼,0.9263137578964232,Q11084535,History_and_Society.Society,3231929.0,41399.77435958787,2.0,3623.0
13688,7.0,3231929.0,新頭殼,0.8991314172744751,Q11084535,History_and_Society.Business_and_economics,3231929.0,41399.77435958787,2.0,3623.0
13689,7.0,3231929.0,新頭殼,0.492317186832428,Q11084535,Geography.Regions.Asia.East_Asia,3231929.0,41399.77435958787,2.0,3623.0
13690,7.0,3231929.0,新頭殼,0.4865783920288086,Q11084535,Geography.Regions.Asia.Asia*,3231929.0,41399.77435958787,2.0,3623.0
13691,7.0,3231929.0,新頭殼,0.1732981950044632,Q11084535,STEM.STEM*,3231929.0,41399.77435958787,2.0,3623.0
13692,2.0,3243509.0,中港矛盾,0.16027602553367615,Q10875827,History_and_Society.Politics_and_government,3243509.0,0.0,3.0,2581.0
13693,2.0,3243509.0,中港矛盾,0.14415885508060455,Q10875827,STEM.STEM*,3243509.0,0.0,3.0,2581.0
13694,2.0,3243509.0,中港矛盾,0.11280541121959685,Q10875827,Culture.Media.Media*,3243509.0,0.0,3.0,2581.0
13695,2.0,3243509.0,中港矛盾,0.10088862478733064,Q10875827,Culture.Media.Television,3243509.0,0.0,3.0,2581.0
13696,2.0,3243509.0,中港矛盾,0.0,Q10875827,Geography.Regions.Europe.Europe*,3243509.0,0.0,3.0,2581.0
13697,2.0,3243509.0,中港矛盾,0.0,Q10875827,Geography.Regions.Asia.Asia*,3243509.0,0.0,3.0,2581.0
13698,2.0,3243509.0,中港矛盾,0.0,Q10875827,Geography.Regions.Americas.North_America,3243509.0,0.0,3.0,2581.0
13699,5.0,3246648.0,臺北市公共自行車租賃系統,1.0000100135803225,Q15637306,Culture.Biography.Biography*,3246648.0,426.2158750933265,3.0,1486.0
13700,5.0,3246648.0,臺北市公共自行車租賃系統,1.0000100135803225,Q15637306,History_and_Society.Society,3246648.0,426.2158750933265,3.0,1486.0
13701,5.0,3246648.0,臺北市公共自行車租賃系統,0.9916942119598388,Q15637306,Culture.Sports,3246648.0,426.2158750933265,3.0,1486.0
13702,5.0,3246648.0,臺北市公共自行車租賃系統,0.6370407938957214,Q15637306,STEM.Engineering,3246648.0,426.2158750933265,3.0,1486.0
13703,5.0,3246648.0,臺北市公共自行車租賃系統,0.546748161315918,Q15637306,STEM.STEM*,3246648.0,426.2158750933265,3.0,1486.0
13704,5.0,3246648.0,臺北市公共自行車租賃系統,0.4990100135803223,Q15637306,Geography.Regions.Asia.East_Asia,3246648.0,426.2158750933265,3.0,1486.0
13705,5.0,3246648.0,臺北市公共自行車租賃系統,0.4990100135803223,Q15637306,Geography.Regions.Asia.Asia*,3246648.0,426.2158750933265,3.0,1486.0
13706,5.0,3246648.0,臺北市公共自行車租賃系統,0.3073680400848389,Q15637306,History_and_Society.Transportation,3246648.0,426.2158750933265,3.0,1486.0
13707,5.0,3246648.0,臺北市公共自行車租賃系統,0.1067005917429924,Q15637306,History_and_Society.Business_and_economics,3246648.0,426.2158750933265,3.0,1486.0
13708,27.0,3255566.0,最终幻想II,1.0000100135803225,Q921957,Culture.Media.Video_games,3255566.0,125.43785722850365,14.0,1555.0
13709,27.0,3255566.0,最终幻想II,1.0000100135803225,Q921957,Culture.Internet_culture,3255566.0,125.43785722850365,14.0,1555.0
13710,27.0,3255566.0,最终幻想II,0.998876452445984,Q921957,Culture.Media.Media*,3255566.0,125.43785722850365,14.0,1555.0
13711,1.0,3259221.0,幻想生活,0.9984121918678284,Q2945348,Culture.Media.Video_games,3259221.0,0.0,13.0,1657.0
13712,1.0,3259221.0,幻想生活,0.9981998205184937,Q2945348,Culture.Internet_culture,3259221.0,0.0,13.0,1657.0
13713,1.0,3259221.0,幻想生活,0.991162657737732,Q2945348,Culture.Media.Media*,3259221.0,0.0,13.0,1657.0
13714,2.0,3259581.0,劍俠情緣網路版參,1.0000100135803225,Q10899117,Culture.Internet_culture,3259581.0,0.0,16.0,17019.0
13715,2.0,3259581.0,劍俠情緣網路版參,1.0000100135803225,Q10899117,Culture.Media.Video_games,3259581.0,0.0,16.0,17019.0
13716,2.0,3259581.0,劍俠情緣網路版參,0.998876452445984,Q10899117,Culture.Media.Media*,3259581.0,0.0,16.0,17019.0
13717,2.0,3262214.0,志氣,1.0000100135803225,Q15904811,Culture.Biography.Biography*,3262214.0,3942.0,12.0,1619.0
13718,2.0,3262214.0,志氣,0.9969346523284912,Q15904811,History_and_Society.Society,3262214.0,3942.0,12.0,1619.0
13719,2.0,3262214.0,志氣,0.9637899398803712,Q15904811,Culture.Media.Media*,3262214.0,3942.0,12.0,1619.0
13720,2.0,3262214.0,志氣,0.946606695652008,Q15904811,Culture.Media.Films,3262214.0,3942.0,12.0,1619.0
13721,2.0,3262214.0,志氣,0.9304682612419128,Q15904811,Culture.Sports,3262214.0,3942.0,12.0,1619.0
13722,2.0,3262214.0,志氣,0.4990100135803223,Q15904811,Geography.Regions.Asia.Asia*,3262214.0,3942.0,12.0,1619.0
13723,2.0,3262214.0,志氣,0.4990100135803223,Q15904811,Geography.Regions.Asia.East_Asia,3262214.0,3942.0,12.0,1619.0
13724,5.0,3292138.0,吉姆·卡維佐,1.0000100135803225,Q200841,Culture.Biography.Biography*,3292138.0,6934.710829143071,11.0,1488.0
13725,5.0,3292138.0,吉姆·卡維佐,0.21124218606948847,Q200841,Geography.Regions.Americas.North_America,3292138.0,6934.710829143071,11.0,1488.0
13726,1.0,3296402.0,火線赤子情,0.9952548146247864,Q497262,Culture.Media.Films,3296402.0,0.0,9.0,1067.0
13727,1.0,3296402.0,火線赤子情,0.993317186832428,Q497262,Culture.Media.Media*,3296402.0,0.0,9.0,1067.0
13728,1.0,3296402.0,火線赤子情,0.006821857929229736,Q497262,Geography.Regions.Americas.North_America,3296402.0,0.0,9.0,1067.0
13729,3.0,3299300.0,吳沚默,0.9919480085372924,Q9119797,Culture.Biography.Biography*,3299300.0,4212.355741057142,3.0,2535.0
13730,3.0,3299300.0,吳沚默,0.3257217874526977,Q9119797,Geography.Regions.Asia.East_Asia,3299300.0,4212.355741057142,3.0,2535.0
13731,3.0,3299300.0,吳沚默,0.3070772161483765,Q9119797,Geography.Regions.Asia.Asia*,3299300.0,4212.355741057142,3.0,2535.0
13732,1.0,3301135.0,都枝寒,0.9796776771545409,Q3658256,Culture.Biography.Biography*,3301135.0,0.0,0.0,1310.0
13733,1.0,3301135.0,都枝寒,0.0,Q3658256,Geography.Regions.Asia.Asia*,3301135.0,0.0,0.0,1310.0
13734,1.0,3301135.0,都枝寒,0.0,Q3658256,Geography.Regions.Asia.East_Asia,3301135.0,0.0,0.0,1310.0
13735,1.0,3317767.0,摩天樓 (2012年電影),0.9939124584197998,Q719453,Culture.Media.Films,3317767.0,0.0,6.0,2102.0
13736,1.0,3317767.0,摩天樓 (2012年電影),0.9905974268913268,Q719453,Culture.Media.Media*,3317767.0,0.0,6.0,2102.0
13737,1.0,3317767.0,摩天樓 (2012年電影),0.4669093360900879,Q719453,Geography.Regions.Asia.East_Asia,3317767.0,0.0,6.0,2102.0
13738,1.0,3317767.0,摩天樓 (2012年電影),0.459371196269989,Q719453,Geography.Regions.Asia.Asia*,3317767.0,0.0,6.0,2102.0
13739,6.0,3320888.0,紀家盈,0.9958112239837646,Q15908468,Culture.Biography.Biography*,3320888.0,19446.257595207142,13.0,2413.0
13740,6.0,3320888.0,紀家盈,0.7826725244522095,Q15908468,Culture.Biography.Women,3320888.0,19446.257595207142,13.0,2413.0
13741,6.0,3320888.0,紀家盈,0.3140605390071869,Q15908468,Culture.Media.Media*,3320888.0,19446.257595207142,13.0,2413.0
13742,6.0,3320888.0,紀家盈,0.2596606483459473,Q15908468,Geography.Regions.Asia.East_Asia,3320888.0,19446.257595207142,13.0,2413.0
13743,6.0,3320888.0,紀家盈,0.25392501258850103,Q15908468,Geography.Regions.Asia.Asia*,3320888.0,19446.257595207142,13.0,2413.0
13744,6.0,3320888.0,紀家盈,0.2509227991104126,Q15908468,Culture.Media.Music,3320888.0,19446.257595207142,13.0,2413.0
13745,6.0,3320888.0,紀家盈,0.1259327530860901,Q15908468,History_and_Society.Society,3320888.0,19446.257595207142,13.0,2413.0
13746,7.0,3324202.0,蔡小虎,0.9939124584197998,Q9050079,Culture.Biography.Biography*,3324202.0,5146.91000825007,4.0,2345.0
13747,7.0,3324202.0,蔡小虎,0.19826446676254272,Q9050079,Geography.Regions.Asia.Asia*,3324202.0,5146.91000825007,4.0,2345.0
13748,7.0,3324202.0,蔡小虎,0.14805719256401062,Q9050079,Culture.Media.Music,3324202.0,5146.91000825007,4.0,2345.0
13749,7.0,3324202.0,蔡小虎,0.14415885508060455,Q9050079,History_and_Society.Society,3324202.0,5146.91000825007,4.0,2345.0
13750,7.0,3324202.0,蔡小虎,0.0,Q9050079,Geography.Regions.Asia.East_Asia,3324202.0,5146.91000825007,4.0,2345.0
13751,2.0,3324298.0,劉依純,0.9914325475692748,Q9112304,Culture.Biography.Biography*,3324298.0,475.2655514753096,7.0,2625.0
13752,2.0,3324298.0,劉依純,0.1778208613395691,Q9112304,Culture.Biography.Women,3324298.0,475.2655514753096,7.0,2625.0
13753,2.0,3324298.0,劉依純,0.0991983880996704,Q9112304,Geography.Regions.Asia.Asia*,3324298.0,475.2655514753096,7.0,2625.0
13754,2.0,3324298.0,劉依純,0.0,Q9112304,Geography.Regions.Asia.East_Asia,3324298.0,475.2655514753096,7.0,2625.0
13755,2.0,3326470.0,林千鈺,1.0000100135803225,Q11105575,History_and_Society.Society,3326470.0,0.0,4.0,11840.0
13756,2.0,3326470.0,林千鈺,1.0000100135803225,Q11105575,Culture.Biography.Biography*,3326470.0,0.0,4.0,11840.0
13757,2.0,3326470.0,林千鈺,0.8439050912857056,Q11105575,Culture.Biography.Women,3326470.0,0.0,4.0,11840.0
13758,2.0,3326470.0,林千鈺,0.4990100135803223,Q11105575,Geography.Regions.Asia.East_Asia,3326470.0,0.0,4.0,11840.0
13759,2.0,3326470.0,林千鈺,0.4974612464904785,Q11105575,Geography.Regions.Asia.Asia*,3326470.0,0.0,4.0,11840.0
13760,2.0,3326470.0,林千鈺,0.16027602553367615,Q11105575,Culture.Media.Music,3326470.0,0.0,4.0,11840.0
13761,6.0,3328615.0,玩命關頭6,0.9899964332580566,Q5516100,Culture.Media.Media*,3328615.0,35289.321478959886,8.0,3970.0
13762,6.0,3328615.0,玩命關頭6,0.989681839942932,Q5516100,Culture.Media.Films,3328615.0,35289.321478959886,8.0,3970.0
13763,6.0,3328615.0,玩命關頭6,0.0,Q5516100,Geography.Regions.Americas.North_America,3328615.0,35289.321478959886,8.0,3970.0
13764,3.0,3330205.0,程予希,1.0000100135803225,Q15715461,Culture.Biography.Biography*,3330205.0,6287.440423245598,4.0,2920.0
13765,3.0,3330205.0,程予希,0.7773098945617676,Q15715461,History_and_Society.Society,3330205.0,6287.440423245598,4.0,2920.0
13766,3.0,3330205.0,程予希,0.6297846436500549,Q15715461,Culture.Biography.Women,3330205.0,6287.440423245598,4.0,2920.0
13767,3.0,3330205.0,程予希,0.3981314172744751,Q15715461,Geography.Regions.Asia.Asia*,3330205.0,6287.440423245598,4.0,2920.0
13768,3.0,3330205.0,程予希,0.37980710172653204,Q15715461,Geography.Regions.Asia.East_Asia,3330205.0,6287.440423245598,4.0,2920.0
13769,3.0,3330205.0,程予希,0.16027602553367615,Q15715461,Culture.Media.Media*,3330205.0,6287.440423245598,4.0,2920.0
13770,3.0,3330205.0,程予希,0.12253321707248688,Q15715461,Culture.Media.Music,3330205.0,6287.440423245598,4.0,2920.0
13771,1.0,3333472.0,SH-60海鷹直升機,0.9883227348327636,Q831667,STEM.STEM*,3333472.0,0.0,5.0,2145.0
13772,1.0,3333472.0,SH-60海鷹直升機,0.9863731861114502,Q831667,History_and_Society.Transportation,3333472.0,0.0,5.0,2145.0
13773,1.0,3333472.0,SH-60海鷹直升機,0.9836069941520692,Q831667,STEM.Engineering,3333472.0,0.0,5.0,2145.0
13774,1.0,3333472.0,SH-60海鷹直升機,0.7431780099868774,Q831667,History_and_Society.Military_and_warfare,3333472.0,0.0,5.0,2145.0
13775,2.0,3333585.0,鄭家星,0.9919480085372924,Q8932730,Culture.Biography.Biography*,3333585.0,0.0,12.0,518.0
13776,2.0,3333585.0,鄭家星,0.3660457601547241,Q8932730,Geography.Regions.Asia.Asia*,3333585.0,0.0,12.0,518.0
13777,2.0,3333585.0,鄭家星,0.3276783227920532,Q8932730,Culture.Media.Music,3333585.0,0.0,12.0,518.0
13778,2.0,3333585.0,鄭家星,0.287777841091156,Q8932730,Culture.Media.Media*,3333585.0,0.0,12.0,518.0
13779,2.0,3333585.0,鄭家星,0.24217800998687744,Q8932730,Geography.Regions.Asia.East_Asia,3333585.0,0.0,12.0,518.0
13780,25.0,3334585.0,最終幻想系列中的召喚獸,0.2942249774932861,Q11091780,STEM.STEM*,3334585.0,36.28924384444928,14.0,1425.0
13781,25.0,3334585.0,最終幻想系列中的召喚獸,0.0,Q11091780,Geography.Regions.Asia.Asia*,3334585.0,36.28924384444928,14.0,1425.0
13782,25.0,3334585.0,最終幻想系列中的召喚獸,0.0,Q11091780,Geography.Regions.Americas.North_America,3334585.0,36.28924384444928,14.0,1425.0
13783,25.0,3334585.0,最終幻想系列中的召喚獸,0.0,Q11091780,Geography.Regions.Europe.Europe*,3334585.0,36.28924384444928,14.0,1425.0
13784,3.0,3334905.0,波西傑克森：妖魔之海,0.9899964332580566,Q2984104,Culture.Media.Media*,3334905.0,20564.207436241788,16.0,1519.0
13785,3.0,3334905.0,波西傑克森：妖魔之海,0.9790457487106324,Q2984104,Culture.Media.Films,3334905.0,20564.207436241788,16.0,1519.0
13786,3.0,3334905.0,波西傑克森：妖魔之海,0.3073680400848389,Q2984104,Culture.Literature,3334905.0,20564.207436241788,16.0,1519.0
13787,3.0,3334905.0,波西傑克森：妖魔之海,0.23006861114501956,Q2984104,Geography.Regions.Americas.North_America,3334905.0,20564.207436241788,16.0,1519.0
13788,3.0,3334905.0,波西傑克森：妖魔之海,0.22816647589206696,Q2984104,Culture.Visual_arts.Comics_and_Anime,3334905.0,20564.207436241788,16.0,1519.0
13789,3.0,3334905.0,波西傑克森：妖魔之海,0.1824355274438858,Q2984104,Culture.Media.Entertainment,3334905.0,20564.207436241788,16.0,1519.0
13790,3.0,3334905.0,波西傑克森：妖魔之海,0.16027602553367615,Q2984104,Culture.Visual_arts.Visual_arts*,3334905.0,20564.207436241788,16.0,1519.0
13791,1.0,3335190.0,劉漢雲,0.8596737384796143,Q10900098,Culture.Biography.Biography*,3335190.0,0.0,2.0,1411.0
13792,1.0,3335190.0,劉漢雲,0.21124218606948847,Q10900098,Geography.Regions.Asia.Asia*,3335190.0,0.0,2.0,1411.0
13793,1.0,3335190.0,劉漢雲,0.12146936559677125,Q10900098,Geography.Regions.Asia.East_Asia,3335190.0,0.0,2.0,1411.0
13794,3.0,3339373.0,阿嬤的夢中情人,0.9748311638832092,Q15900920,Culture.Biography.Biography*,3339373.0,5985.4329971196885,4.0,1390.0
13795,3.0,3339373.0,阿嬤的夢中情人,0.9706977605819702,Q15900920,Culture.Media.Films,3339373.0,5985.4329971196885,4.0,1390.0
13796,3.0,3339373.0,阿嬤的夢中情人,0.9591643214225768,Q15900920,Culture.Media.Media*,3339373.0,5985.4329971196885,4.0,1390.0
13797,3.0,3339373.0,阿嬤的夢中情人,0.7826725244522095,Q15900920,History_and_Society.Society,3339373.0,5985.4329971196885,4.0,1390.0
13798,3.0,3339373.0,阿嬤的夢中情人,0.4950646033287048,Q15900920,Geography.Regions.Asia.Asia*,3339373.0,5985.4329971196885,4.0,1390.0
13799,3.0,3339373.0,阿嬤的夢中情人,0.4932797422409058,Q15900920,Geography.Regions.Asia.East_Asia,3339373.0,5985.4329971196885,4.0,1390.0
13800,2.0,3342177.0,素珠,1.0000100135803225,Q15914357,Culture.Biography.Biography*,3342177.0,703.6095208518561,4.0,1932.0
13801,2.0,3342177.0,素珠,0.8354935646057129,Q15914357,History_and_Society.Society,3342177.0,703.6095208518561,4.0,1932.0
13802,2.0,3342177.0,素珠,0.6513648629188538,Q15914357,Culture.Biography.Women,3342177.0,703.6095208518561,4.0,1932.0
13803,2.0,3342177.0,素珠,0.4638651480674744,Q15914357,Geography.Regions.Asia.East_Asia,3342177.0,703.6095208518561,4.0,1932.0
13804,2.0,3342177.0,素珠,0.43713401460647583,Q15914357,Geography.Regions.Asia.Asia*,3342177.0,703.6095208518561,4.0,1932.0
13805,26.0,3348038.0,西遊記之大鬧天宮,0.9626831412315368,Q7752052,Culture.Media.Media*,3348038.0,85330.42482369576,12.0,12965.0
13806,26.0,3348038.0,西遊記之大鬧天宮,0.9284188151359558,Q7752052,Culture.Media.Films,3348038.0,85330.42482369576,12.0,12965.0
13807,26.0,3348038.0,西遊記之大鬧天宮,0.492317186832428,Q7752052,Geography.Regions.Asia.East_Asia,3348038.0,85330.42482369576,12.0,12965.0
13808,26.0,3348038.0,西遊記之大鬧天宮,0.4904325475692749,Q7752052,Geography.Regions.Asia.Asia*,3348038.0,85330.42482369576,12.0,12965.0
13809,2.0,3349219.0,代爾亞辛村大屠殺,0.6723417043685913,Q1126268,Geography.Regions.Asia.Asia*,3349219.0,0.0,11.0,1025.0
13810,2.0,3349219.0,代爾亞辛村大屠殺,0.5775054097175598,Q1126268,Culture.Philosophy_and_religion,3349219.0,0.0,11.0,1025.0
13811,2.0,3349219.0,代爾亞辛村大屠殺,0.5234303474426271,Q1126268,History_and_Society.Military_and_warfare,3349219.0,0.0,11.0,1025.0
13812,2.0,3349219.0,代爾亞辛村大屠殺,0.4455395638942719,Q1126268,Geography.Regions.Europe.Europe*,3349219.0,0.0,11.0,1025.0
13813,2.0,3349219.0,代爾亞辛村大屠殺,0.3775506913661957,Q1126268,History_and_Society.History,3349219.0,0.0,11.0,1025.0
13814,2.0,3349219.0,代爾亞辛村大屠殺,0.348655104637146,Q1126268,Geography.Regions.Asia.West_Asia,3349219.0,0.0,11.0,1025.0
13815,2.0,3349219.0,代爾亞辛村大屠殺,0.2393593490123749,Q1126268,History_and_Society.Politics_and_government,3349219.0,0.0,11.0,1025.0
13816,2.0,3349219.0,代爾亞辛村大屠殺,0.1968362182378769,Q1126268,Geography.Regions.Europe.Eastern_Europe,3349219.0,0.0,11.0,1025.0
13817,2.0,3349219.0,代爾亞辛村大屠殺,0.1732981950044632,Q1126268,Geography.Regions.Europe.Western_Europe,3349219.0,0.0,11.0,1025.0
13818,2.0,3349219.0,代爾亞辛村大屠殺,0.13297423720359802,Q1126268,History_and_Society.Society,3349219.0,0.0,11.0,1025.0
13819,2.0,3349219.0,代爾亞辛村大屠殺,0.12253321707248688,Q1126268,Geography.Regions.Africa.Africa*,3349219.0,0.0,11.0,1025.0
13820,2.0,3349219.0,代爾亞辛村大屠殺,0.1067005917429924,Q1126268,Geography.Regions.Europe.Southern_Europe,3349219.0,0.0,11.0,1025.0
13821,3.0,3353346.0,塞缪尔·多伊,0.9970290064811708,Q294618,Culture.Biography.Biography*,3353346.0,0.0,10.0,857.0
13822,3.0,3353346.0,塞缪尔·多伊,0.3998216390609741,Q294618,History_and_Society.Military_and_warfare,3353346.0,0.0,10.0,857.0
13823,3.0,3353346.0,塞缪尔·多伊,0.33459946513175964,Q294618,History_and_Society.Politics_and_government,3353346.0,0.0,10.0,857.0
13824,3.0,3353346.0,塞缪尔·多伊,0.16027602553367615,Q294618,History_and_Society.History,3353346.0,0.0,10.0,857.0
13825,3.0,3353346.0,塞缪尔·多伊,0.13297423720359802,Q294618,History_and_Society.Society,3353346.0,0.0,10.0,857.0
13826,3.0,3353346.0,塞缪尔·多伊,0.12146936559677125,Q294618,Geography.Regions.Africa.Africa*,3353346.0,0.0,10.0,857.0
13827,3.0,3353346.0,塞缪尔·多伊,0.0,Q294618,Geography.Regions.Americas.North_America,3353346.0,0.0,10.0,857.0
13828,3.0,3353346.0,塞缪尔·多伊,0.0,Q294618,Geography.Regions.Europe.Europe*,3353346.0,0.0,10.0,857.0
13829,2.0,3354364.0,美利堅級兩棲突擊艦,0.8872146010398865,Q463072,History_and_Society.Transportation,3354364.0,0.0,5.0,2931.0
13830,2.0,3354364.0,美利堅級兩棲突擊艦,0.8311530351638794,Q463072,History_and_Society.Military_and_warfare,3354364.0,0.0,5.0,2931.0
13831,2.0,3358016.0,侠探杰克,0.9983093142509459,Q590252,Culture.Media.Films,3358016.0,243.3161018408529,11.0,4145.0
13832,2.0,3358016.0,侠探杰克,0.9967369437217712,Q590252,Culture.Media.Media*,3358016.0,243.3161018408529,11.0,4145.0
13833,2.0,3358016.0,侠探杰克,0.16442059183120727,Q590252,Geography.Regions.Americas.North_America,3358016.0,243.3161018408529,11.0,4145.0
13834,6.0,3369155.0,許常德,1.0000100135803225,Q15914148,Culture.Biography.Biography*,3369155.0,16206.545016848953,4.0,2730.0
13835,6.0,3369155.0,許常德,0.9949496984481812,Q15914148,History_and_Society.Society,3369155.0,16206.545016848953,4.0,2730.0
13836,6.0,3369155.0,許常德,0.4929124584197998,Q15914148,Geography.Regions.Asia.East_Asia,3369155.0,16206.545016848953,4.0,2730.0
13837,6.0,3369155.0,許常德,0.4753205647468567,Q15914148,Geography.Regions.Asia.Asia*,3369155.0,16206.545016848953,4.0,2730.0
13838,6.0,3369155.0,許常德,0.1968362182378769,Q15914148,Culture.Media.Music,3369155.0,16206.545016848953,4.0,2730.0
13839,3.0,3374732.0,特雷布林卡灭绝营,0.8706072568893433,Q152010,Geography.Regions.Europe.Europe*,3374732.0,3835.629513233721,10.0,2118.0
13840,3.0,3374732.0,特雷布林卡灭绝营,0.538993239402771,Q152010,History_and_Society.Military_and_warfare,3374732.0,3835.629513233721,10.0,2118.0
13841,3.0,3374732.0,特雷布林卡灭绝营,0.5312193632125854,Q152010,Geography.Regions.Europe.Eastern_Europe,3374732.0,3835.629513233721,10.0,2118.0
13842,3.0,3374732.0,特雷布林卡灭绝营,0.5000100135803223,Q152010,History_and_Society.Society,3374732.0,3835.629513233721,10.0,2118.0
13843,3.0,3374732.0,特雷布林卡灭绝营,0.4843900501728058,Q152010,Culture.Philosophy_and_religion,3374732.0,3835.629513233721,10.0,2118.0
13844,3.0,3374732.0,特雷布林卡灭绝营,0.4688006341457367,Q152010,History_and_Society.Politics_and_government,3374732.0,3835.629513233721,10.0,2118.0
13845,3.0,3374732.0,特雷布林卡灭绝营,0.33459946513175964,Q152010,History_and_Society.History,3374732.0,3835.629513233721,10.0,2118.0
13846,2.0,3375631.0,李小林,0.9919480085372924,Q8249017,Culture.Biography.Biography*,3375631.0,0.0,7.0,1113.0
13847,2.0,3375631.0,李小林,0.4225146472454071,Q8249017,Culture.Biography.Women,3375631.0,0.0,7.0,1113.0
13848,2.0,3375631.0,李小林,0.1968362182378769,Q8249017,History_and_Society.Politics_and_government,3375631.0,0.0,7.0,1113.0
13849,2.0,3375631.0,李小林,0.17818872833251953,Q8249017,Geography.Regions.Asia.Asia*,3375631.0,0.0,7.0,1113.0
13850,2.0,3375631.0,李小林,0.12878464365005493,Q8249017,Geography.Regions.Asia.East_Asia,3375631.0,0.0,7.0,1113.0
13851,2.0,3376801.0,凜冽時雨,0.7606606483459473,Q1436454,Culture.Biography.Biography*,3376801.0,0.0,13.0,2219.0
13852,2.0,3376801.0,凜冽時雨,0.5312193632125854,Q1436454,Culture.Media.Music,3376801.0,0.0,13.0,2219.0
13853,2.0,3376801.0,凜冽時雨,0.4921981394290924,Q1436454,Culture.Media.Media*,3376801.0,0.0,13.0,2219.0
13854,2.0,3376801.0,凜冽時雨,0.13661839067935946,Q1436454,Culture.Visual_arts.Comics_and_Anime,3376801.0,0.0,13.0,2219.0
13855,2.0,3376801.0,凜冽時雨,0.11597072333097458,Q1436454,Culture.Visual_arts.Visual_arts*,3376801.0,0.0,13.0,2219.0
13856,2.0,3376801.0,凜冽時雨,0.0991983880996704,Q1436454,Geography.Regions.Asia.Asia*,3376801.0,0.0,13.0,2219.0
13857,2.0,3376801.0,凜冽時雨,0.08411114120483397,Q1436454,Geography.Regions.Asia.East_Asia,3376801.0,0.0,13.0,2219.0
13858,7.0,3380334.0,窃听风云3,0.9637899398803712,Q15903116,Culture.Media.Media*,3380334.0,257.5983344577319,12.0,1883.0
13859,7.0,3380334.0,窃听风云3,0.9539760947227478,Q15903116,Culture.Media.Films,3380334.0,257.5983344577319,12.0,1883.0
13860,7.0,3380334.0,窃听风云3,0.4334051480293274,Q15903116,Geography.Regions.Asia.Asia*,3380334.0,257.5983344577319,12.0,1883.0
13861,7.0,3380334.0,窃听风云3,0.4114462008476257,Q15903116,Geography.Regions.Asia.East_Asia,3380334.0,257.5983344577319,12.0,1883.0
13862,3.0,3385626.0,哈西迪猶太教,0.9770326614379884,Q171201,Culture.Philosophy_and_religion,3385626.0,1274.6143755510575,11.0,3200.0
13863,3.0,3385626.0,哈西迪猶太教,0.3276783227920532,Q171201,History_and_Society.Society,3385626.0,1274.6143755510575,11.0,3200.0
13864,3.0,3385626.0,哈西迪猶太教,0.287777841091156,Q171201,History_and_Society.History,3385626.0,1274.6143755510575,11.0,3200.0
13865,3.0,3385626.0,哈西迪猶太教,0.15611489117145538,Q171201,History_and_Society.Politics_and_government,3385626.0,1274.6143755510575,11.0,3200.0
13866,3.0,3385626.0,哈西迪猶太教,0.10088862478733064,Q171201,History_and_Society.Business_and_economics,3385626.0,1274.6143755510575,11.0,3200.0
13867,3.0,3385626.0,哈西迪猶太教,0.0,Q171201,Geography.Regions.Asia.Asia*,3385626.0,1274.6143755510575,11.0,3200.0
13868,3.0,3385626.0,哈西迪猶太教,0.0,Q171201,Geography.Regions.Asia.West_Asia,3385626.0,1274.6143755510575,11.0,3200.0
13869,3.0,3385626.0,哈西迪猶太教,0.0,Q171201,Geography.Regions.Europe.Europe*,3385626.0,1274.6143755510575,11.0,3200.0
13870,29.0,3386442.0,最终幻想系列作品列表,1.0,Q2607560,Compilation.List_Disambig,3386442.0,9732.459044013887,14.0,3717.0
13871,29.0,3386442.0,最终幻想系列作品列表,0.9986850023269652,Q2607560,Culture.Media.Video_games,3386442.0,9732.459044013887,14.0,3717.0
13872,29.0,3386442.0,最终幻想系列作品列表,0.9982553720474244,Q2607560,Culture.Internet_culture,3386442.0,9732.459044013887,14.0,3717.0
13873,29.0,3386442.0,最终幻想系列作品列表,0.9976133108139038,Q2607560,Culture.Media.Media*,3386442.0,9732.459044013887,14.0,3717.0
13874,1.0,3388579.0,千玗嬉,0.967909336090088,Q9114825,Culture.Biography.Biography*,3388579.0,0.0,0.0,2872.0
13875,1.0,3388579.0,千玗嬉,0.4765896201133728,Q9114825,Culture.Biography.Women,3388579.0,0.0,0.0,2872.0
13876,1.0,3388579.0,千玗嬉,0.3344935646057129,Q9114825,Geography.Regions.Asia.East_Asia,3388579.0,0.0,0.0,2872.0
13877,1.0,3388579.0,千玗嬉,0.2763098945617676,Q9114825,Geography.Regions.Asia.Asia*,3388579.0,0.0,0.0,2872.0
13878,5.0,3396907.0,賴素如,1.0000100135803225,Q9025235,Culture.Biography.Biography*,3396907.0,2111.686931181757,2.0,1069.0
13879,5.0,3396907.0,賴素如,0.9990402460098268,Q9025235,History_and_Society.Society,3396907.0,2111.686931181757,2.0,1069.0
13880,5.0,3396907.0,賴素如,0.6224693655967712,Q9025235,Culture.Biography.Women,3396907.0,2111.686931181757,2.0,1069.0
13881,5.0,3396907.0,賴素如,0.4929124584197998,Q9025235,Geography.Regions.Asia.East_Asia,3396907.0,2111.686931181757,2.0,1069.0
13882,5.0,3396907.0,賴素如,0.4753205647468567,Q9025235,Geography.Regions.Asia.Asia*,3396907.0,2111.686931181757,2.0,1069.0
13883,8.0,3398283.0,小海女,0.9814634323120116,Q4687939,Culture.Media.Television,3398283.0,5070.96838211448,13.0,2903.0
13884,8.0,3398283.0,小海女,0.8991314172744751,Q4687939,Culture.Media.Media*,3398283.0,5070.96838211448,13.0,2903.0
13885,8.0,3398283.0,小海女,0.3509628047943115,Q4687939,Geography.Regions.Asia.Asia*,3398283.0,5070.96838211448,13.0,2903.0
13886,8.0,3398283.0,小海女,0.3344935646057129,Q4687939,Geography.Regions.Asia.East_Asia,3398283.0,5070.96838211448,13.0,2903.0
13887,3.0,3401276.0,宋枝恩,0.9916942119598388,Q498199,Culture.Biography.Biography*,3401276.0,996.3067732893898,0.0,2770.0
13888,3.0,3401276.0,宋枝恩,0.6513648629188538,Q498199,Culture.Biography.Women,3401276.0,996.3067732893898,0.0,2770.0
13889,3.0,3401276.0,宋枝恩,0.4486793746948242,Q498199,Geography.Regions.Asia.East_Asia,3401276.0,996.3067732893898,0.0,2770.0
13890,3.0,3401276.0,宋枝恩,0.4294682612419128,Q498199,Geography.Regions.Asia.Asia*,3401276.0,996.3067732893898,0.0,2770.0
13891,3.0,3401276.0,宋枝恩,0.3923468291759491,Q498199,Culture.Media.Media*,3401276.0,996.3067732893898,0.0,2770.0
13892,3.0,3401276.0,宋枝恩,0.2568419873714447,Q498199,Culture.Media.Music,3401276.0,996.3067732893898,0.0,2770.0
13893,9.0,3402836.0,中华菊头蝠,0.9996300339698792,Q1767536,STEM.Biology,3402836.0,1024.7954912257162,3.0,2422.0
13894,9.0,3402836.0,中华菊头蝠,0.9993638396263124,Q1767536,STEM.STEM*,3402836.0,1024.7954912257162,3.0,2422.0
13895,9.0,3402836.0,中华菊头蝠,0.0,Q1767536,Geography.Regions.Africa.Africa*,3402836.0,1024.7954912257162,3.0,2422.0
13896,1.0,3402876.0,Google玩笑和复活节彩蛋列表,1.0,Q598989,Compilation.List_Disambig,3402876.0,0.0,5.0,968.0
13897,1.0,3402876.0,Google玩笑和复活节彩蛋列表,0.3073680400848389,Q598989,STEM.STEM*,3402876.0,0.0,5.0,968.0
13898,1.0,3402876.0,Google玩笑和复活节彩蛋列表,0.2393593490123749,Q598989,Culture.Media.Media*,3402876.0,0.0,5.0,968.0
13899,1.0,3402876.0,Google玩笑和复活节彩蛋列表,0.2227101624011993,Q598989,History_and_Society.Society,3402876.0,0.0,5.0,968.0
13900,1.0,3402876.0,Google玩笑和复活节彩蛋列表,0.14034625887870789,Q598989,STEM.Biology,3402876.0,0.0,5.0,968.0
13901,1.0,3402876.0,Google玩笑和复活节彩蛋列表,0.0,Q598989,Geography.Regions.Americas.North_America,3402876.0,0.0,5.0,968.0
13902,1.0,3402876.0,Google玩笑和复活节彩蛋列表,0.0,Q598989,Geography.Regions.Europe.Europe*,3402876.0,0.0,5.0,968.0
13903,10.0,3403899.0,Gummy (歌手),0.98678719997406,Q446878,Culture.Biography.Biography*,3403899.0,24589.071893733653,0.0,3172.0
13904,10.0,3403899.0,Gummy (歌手),0.546748161315918,Q446878,Culture.Media.Music,3403899.0,24589.071893733653,0.0,3172.0
13905,10.0,3403899.0,Gummy (歌手),0.5234303474426271,Q446878,Culture.Biography.Women,3403899.0,24589.071893733653,0.0,3172.0
13906,10.0,3403899.0,Gummy (歌手),0.4610267877578736,Q446878,Culture.Media.Media*,3403899.0,24589.071893733653,0.0,3172.0
13907,10.0,3403899.0,Gummy (歌手),0.2653036584854126,Q446878,Geography.Regions.Asia.East_Asia,3403899.0,24589.071893733653,0.0,3172.0
13908,10.0,3403899.0,Gummy (歌手),0.22388027811050412,Q446878,Geography.Regions.Asia.Asia*,3403899.0,24589.071893733653,0.0,3172.0
13909,5.0,3409824.0,陈薇,0.9748311638832092,Q16907963,Culture.Biography.Biography*,3409824.0,3472.2720734516065,3.0,3304.0
13910,5.0,3409824.0,陈薇,0.6076731681823729,Q16907963,Culture.Biography.Women,3409824.0,3472.2720734516065,3.0,3304.0
13911,5.0,3409824.0,陈薇,0.0,Q16907963,Geography.Regions.Asia.East_Asia,3409824.0,3472.2720734516065,3.0,3304.0
13912,5.0,3409824.0,陈薇,0.0,Q16907963,Geography.Regions.Asia.Asia*,3409824.0,3472.2720734516065,3.0,3304.0
13913,1.0,3410724.0,言論自由日 (臺灣),0.0,Q15897231,Geography.Regions.Americas.North_America,3410724.0,0.0,2.0,4394.0
13914,2.0,3412125.0,蕾妮·罗素,1.0000100135803225,Q229612,Culture.Biography.Biography*,3412125.0,2926.655045909024,12.0,1362.0
13915,2.0,3412125.0,蕾妮·罗素,0.6654205918312073,Q229612,Culture.Biography.Women,3412125.0,2926.655045909024,12.0,1362.0
13916,2.0,3412125.0,蕾妮·罗素,0.24809722805023196,Q229612,Geography.Regions.Americas.North_America,3412125.0,2926.655045909024,12.0,1362.0
13917,2.0,3412125.0,蕾妮·罗素,0.0,Q229612,Geography.Regions.Europe.Europe*,3412125.0,2926.655045909024,12.0,1362.0
13918,2.0,3412125.0,蕾妮·罗素,0.0,Q229612,Geography.Regions.Europe.Northern_Europe,3412125.0,2926.655045909024,12.0,1362.0
13919,3.0,3414063.0,大林宣彦,0.9986850023269652,Q3342565,Culture.Biography.Biography*,3414063.0,684.6056292021016,13.0,3109.0
13920,3.0,3414063.0,大林宣彦,0.1713417043685913,Q3342565,Geography.Regions.Asia.Asia*,3414063.0,684.6056292021016,13.0,3109.0
13921,3.0,3414063.0,大林宣彦,0.16027602553367615,Q3342565,Culture.Literature,3414063.0,684.6056292021016,13.0,3109.0
13922,3.0,3414063.0,大林宣彦,0.12253321707248688,Q3342565,Culture.Media.Media*,3414063.0,684.6056292021016,13.0,3109.0
13923,3.0,3414063.0,大林宣彦,0.0,Q3342565,Geography.Regions.Asia.East_Asia,3414063.0,684.6056292021016,13.0,3109.0
13924,1.0,3417639.0,金一南,0.9796776771545409,Q16907632,Culture.Biography.Biography*,3417639.0,0.0,7.0,2246.0
13925,1.0,3417639.0,金一南,0.06886266374588013,Q16907632,Geography.Regions.Asia.Asia*,3417639.0,0.0,7.0,2246.0
13926,1.0,3417639.0,金一南,0.0,Q16907632,Geography.Regions.Asia.East_Asia,3417639.0,0.0,7.0,2246.0
13927,3.0,3429229.0,黃仲裕,0.9706977605819702,Q15920515,Culture.Biography.Biography*,3429229.0,1236.0316131926809,4.0,1894.0
13928,3.0,3429229.0,黃仲裕,0.0,Q15920515,Geography.Regions.Asia.Asia*,3429229.0,1236.0316131926809,4.0,1894.0
13929,3.0,3429229.0,黃仲裕,0.0,Q15920515,Geography.Regions.Asia.East_Asia,3429229.0,1236.0316131926809,4.0,1894.0
13930,3.0,3431015.0,Management SOOP,0.7248802781105042,Q15946075,History_and_Society.Business_and_economics,3431015.0,1031.328852641889,0.0,2851.0
13931,3.0,3431015.0,Management SOOP,0.5698626637458801,Q15946075,Culture.Media.Media*,3431015.0,1031.328852641889,0.0,2851.0
13932,3.0,3431015.0,Management SOOP,0.4886818399429321,Q15946075,Geography.Regions.Asia.East_Asia,3431015.0,1031.328852641889,0.0,2851.0
13933,3.0,3431015.0,Management SOOP,0.4669093360900879,Q15946075,Geography.Regions.Asia.Asia*,3431015.0,1031.328852641889,0.0,2851.0
13934,3.0,3431015.0,Management SOOP,0.2568419873714447,Q15946075,Culture.Media.Television,3431015.0,1031.328852641889,0.0,2851.0
13935,3.0,3431015.0,Management SOOP,0.23371636867523196,Q15946075,Culture.Media.Music,3431015.0,1031.328852641889,0.0,2851.0
13936,3.0,3431015.0,Management SOOP,0.14034625887870789,Q15946075,Culture.Visual_arts.Visual_arts*,3431015.0,1031.328852641889,0.0,2851.0
13937,3.0,3431015.0,Management SOOP,0.1294127255678177,Q15946075,Culture.Visual_arts.Fashion,3431015.0,1031.328852641889,0.0,2851.0
13938,9.0,3434021.0,輝晟,0.9931061863899232,Q489505,Culture.Biography.Biography*,3434021.0,3686.6655841559027,0.0,2530.0
13939,9.0,3434021.0,輝晟,0.9149109721183776,Q489505,Culture.Media.Music,3434021.0,3686.6655841559027,0.0,2530.0
13940,9.0,3434021.0,輝晟,0.8439050912857056,Q489505,Culture.Media.Media*,3434021.0,3686.6655841559027,0.0,2530.0
13941,9.0,3434021.0,輝晟,0.3893042674064636,Q489505,Geography.Regions.Asia.East_Asia,3434021.0,3686.6655841559027,0.0,2530.0
13942,9.0,3434021.0,輝晟,0.3862146010398865,Q489505,Geography.Regions.Asia.Asia*,3434021.0,3686.6655841559027,0.0,2530.0
13943,1.0,3436095.0,埃及艳后 (电影),0.9850529432296752,Q4430,Culture.Media.Films,3436095.0,0.0,6.0,3063.0
13944,1.0,3436095.0,埃及艳后 (电影),0.9659096002578736,Q4430,Culture.Media.Media*,3436095.0,0.0,6.0,3063.0
13945,1.0,3436095.0,埃及艳后 (电影),0.0,Q4430,Geography.Regions.Americas.North_America,3436095.0,0.0,6.0,3063.0
13946,2.0,3437247.0,正能量 (流行语),0.35867373847961426,Q13163961,Geography.Regions.Asia.East_Asia,3437247.0,968.3081365653974,12.0,0.0
13947,2.0,3437247.0,正能量 (流行语),0.3509628047943115,Q13163961,Geography.Regions.Asia.Asia*,3437247.0,968.3081365653974,12.0,0.0
13948,2.0,3437247.0,正能量 (流行语),0.3073680400848389,Q13163961,Culture.Media.Media*,3437247.0,968.3081365653974,12.0,0.0
13949,2.0,3437247.0,正能量 (流行语),0.2568419873714447,Q13163961,History_and_Society.Military_and_warfare,3437247.0,968.3081365653974,12.0,0.0
13950,2.0,3437247.0,正能量 (流行语),0.16027602553367615,Q13163961,Culture.Literature,3437247.0,968.3081365653974,12.0,0.0
13951,2.0,3437247.0,正能量 (流行语),0.14805719256401062,Q13163961,Culture.Media.Books,3437247.0,968.3081365653974,12.0,0.0
13952,2.0,3437247.0,正能量 (流行语),0.14415885508060455,Q13163961,History_and_Society.Politics_and_government,3437247.0,968.3081365653974,12.0,0.0
13953,9.0,3445117.0,王宗堯,0.992888569831848,Q11573022,Culture.Biography.Biography*,3445117.0,45837.67692466624,3.0,2784.0
13954,9.0,3445117.0,王宗堯,0.4605437984466553,Q11573022,Geography.Regions.Asia.East_Asia,3445117.0,45837.67692466624,3.0,2784.0
13955,9.0,3445117.0,王宗堯,0.38304929637908935,Q11573022,Geography.Regions.Asia.Asia*,3445117.0,45837.67692466624,3.0,2784.0
13956,9.0,3445117.0,王宗堯,0.3073680400848389,Q11573022,Culture.Media.Music,3445117.0,45837.67692466624,3.0,2784.0
13957,9.0,3445117.0,王宗堯,0.2814156115055084,Q11573022,Culture.Media.Media*,3445117.0,45837.67692466624,3.0,2784.0
13958,1.0,3446636.0,蝴蝶君 (电影),0.9989450573921204,Q1513195,Culture.Media.Films,3446636.0,0.0,3.0,2349.0
13959,1.0,3446636.0,蝴蝶君 (电影),0.9973783493041992,Q1513195,Culture.Media.Media*,3446636.0,0.0,3.0,2349.0
13960,1.0,3446636.0,蝴蝶君 (电影),0.2509227991104126,Q1513195,History_and_Society.Society,3446636.0,0.0,3.0,2349.0
13961,1.0,3446636.0,蝴蝶君 (电影),0.0,Q1513195,Geography.Regions.Americas.North_America,3446636.0,0.0,3.0,2349.0
13962,4.0,3447251.0,波爾薩利諾,0.2942249774932861,Q15905249,STEM.STEM*,3447251.0,2776.475309089852,14.0,2785.0
13963,4.0,3447251.0,波爾薩利諾,0.0,Q15905249,Geography.Regions.Asia.Asia*,3447251.0,2776.475309089852,14.0,2785.0
13964,4.0,3447251.0,波爾薩利諾,0.0,Q15905249,Geography.Regions.Americas.North_America,3447251.0,2776.475309089852,14.0,2785.0
13965,4.0,3447251.0,波爾薩利諾,0.0,Q15905249,Geography.Regions.Europe.Europe*,3447251.0,2776.475309089852,14.0,2785.0
13966,2.0,3448477.0,守望的天空,0.8519628047943115,Q15917804,Culture.Media.Television,3448477.0,7376.796693843119,7.0,6512.0
13967,2.0,3448477.0,守望的天空,0.7773098945617676,Q15917804,Culture.Media.Media*,3448477.0,7376.796693843119,7.0,6512.0
13968,2.0,3448477.0,守望的天空,0.0,Q15917804,Geography.Regions.Asia.Asia*,3448477.0,7376.796693843119,7.0,6512.0
13969,5.0,3448981.0,陳隨意,0.9706977605819702,Q15938096,Culture.Biography.Biography*,3448981.0,1351.7962621126821,4.0,2563.0
13970,5.0,3448981.0,陳隨意,0.3140605390071869,Q15938096,Culture.Media.Music,3448981.0,1351.7962621126821,4.0,2563.0
13971,5.0,3448981.0,陳隨意,0.11597072333097458,Q15938096,Culture.Media.Media*,3448981.0,1351.7962621126821,4.0,2563.0
13972,5.0,3448981.0,陳隨意,0.03021936321258545,Q15938096,Geography.Regions.Asia.Asia*,3448981.0,1351.7962621126821,4.0,2563.0
13973,5.0,3448981.0,陳隨意,0.0,Q15938096,Geography.Regions.Asia.East_Asia,3448981.0,1351.7962621126821,4.0,2563.0
13974,5.0,3448981.0,陳隨意,0.0,Q15938096,Geography.Regions.Asia.Southeast_Asia,3448981.0,1351.7962621126821,4.0,2563.0
13975,12.0,3452501.0,染谷将太,0.9965265989303588,Q875644,Culture.Biography.Biography*,3452501.0,6654.6645504678245,13.0,4204.0
13976,12.0,3452501.0,染谷将太,0.459371196269989,Q875644,Geography.Regions.Asia.East_Asia,3452501.0,6654.6645504678245,13.0,4204.0
13977,12.0,3452501.0,染谷将太,0.4440047016143799,Q875644,Geography.Regions.Asia.Asia*,3452501.0,6654.6645504678245,13.0,4204.0
13978,1.0,3453048.0,苏世民,0.9985549449920654,Q552465,Culture.Biography.Biography*,3453048.0,0.0,10.0,2632.0
13979,1.0,3453048.0,苏世民,0.9820237755775452,Q552465,History_and_Society.Business_and_economics,3453048.0,0.0,10.0,2632.0
13980,1.0,3453048.0,苏世民,0.4139109721183777,Q552465,Geography.Regions.Americas.North_America,3453048.0,0.0,10.0,2632.0
13981,2.0,3455996.0,楊昇達,0.9855064153671264,Q15934772,Culture.Biography.Biography*,3455996.0,317.48764838068837,4.0,2430.0
13982,2.0,3455996.0,楊昇達,0.22388027811050412,Q15934772,Geography.Regions.Asia.Asia*,3455996.0,317.48764838068837,4.0,2430.0
13983,2.0,3455996.0,楊昇達,0.07650540971755981,Q15934772,Geography.Regions.Asia.East_Asia,3455996.0,317.48764838068837,4.0,2430.0
13984,2.0,3456450.0,七不讲,0.2942249774932861,Q15904631,STEM.STEM*,3456450.0,3755.1309218843103,2.0,1739.0
13985,2.0,3456450.0,七不讲,0.0,Q15904631,Geography.Regions.Asia.Asia*,3456450.0,3755.1309218843103,2.0,1739.0
13986,2.0,3456450.0,七不讲,0.0,Q15904631,Geography.Regions.Americas.North_America,3456450.0,3755.1309218843103,2.0,1739.0
13987,2.0,3456450.0,七不讲,0.0,Q15904631,Geography.Regions.Europe.Europe*,3456450.0,3755.1309218843103,2.0,1739.0
13988,3.0,3460470.0,絕世好賓,0.9381340146064758,Q5308062,Culture.Media.Media*,3460470.0,783.1981675030495,12.0,647.0
13989,3.0,3460470.0,絕世好賓,0.9324633479118348,Q5308062,Culture.Media.Films,3460470.0,783.1981675030495,12.0,647.0
13990,3.0,3460470.0,絕世好賓,0.4705740084648132,Q5308062,Geography.Regions.Asia.East_Asia,3460470.0,783.1981675030495,12.0,647.0
13991,3.0,3460470.0,絕世好賓,0.459371196269989,Q5308062,Geography.Regions.Asia.Asia*,3460470.0,783.1981675030495,12.0,647.0
13992,1.0,3462253.0,絕命連線,0.9946250915527344,Q3019722,Culture.Media.Films,3462253.0,0.0,6.0,3706.0
13993,1.0,3462253.0,絕命連線,0.9886782765388488,Q3019722,Culture.Media.Media*,3462253.0,0.0,6.0,3706.0
13994,1.0,3462253.0,絕命連線,0.35867373847961426,Q3019722,Geography.Regions.Americas.North_America,3462253.0,0.0,6.0,3706.0
13995,2.0,3463993.0,聖雅各之路,0.9783946871757508,Q41150,Geography.Regions.Europe.Europe*,3463993.0,0.0,1.0,2813.0
13996,1.0,3467577.0,Windows 8.1,0.9984612464904784,Q3569290,STEM.STEM*,3467577.0,0.0,8.0,2018.0
13997,1.0,3467577.0,Windows 8.1,0.9836069941520692,Q3569290,Culture.Media.Software,3467577.0,0.0,8.0,2018.0
13998,1.0,3467577.0,Windows 8.1,0.9820237755775452,Q3569290,STEM.Technology,3467577.0,0.0,8.0,2018.0
13999,1.0,3467577.0,Windows 8.1,0.9648651480674744,Q3569290,STEM.Computing,3467577.0,0.0,8.0,2018.0
14000,1.0,3467577.0,Windows 8.1,0.9481645226478576,Q3569290,Culture.Media.Media*,3467577.0,0.0,8.0,2018.0
14001,13.0,3474838.0,東涌東站,0.9947898983955384,Q15304770,Geography.Regions.Asia.Asia*,3474838.0,5871.061884710947,10.0,2972.0
14002,13.0,3474838.0,東涌東站,0.994098961353302,Q15304770,Geography.Regions.Asia.East_Asia,3474838.0,5871.061884710947,10.0,2972.0
14003,13.0,3474838.0,東涌東站,0.9748311638832092,Q15304770,History_and_Society.Transportation,3474838.0,5871.061884710947,10.0,2972.0
14004,13.0,3474838.0,東涌東站,0.6791887283325195,Q15304770,History_and_Society.Business_and_economics,3474838.0,5871.061884710947,10.0,2972.0
14005,1.0,3484556.0,黃馨祥,0.998803436756134,Q7147677,Culture.Biography.Biography*,3484556.0,0.0,3.0,1492.0
14006,1.0,3484556.0,黃馨祥,0.4688006341457367,Q7147677,STEM.STEM*,3484556.0,0.0,3.0,1492.0
14007,1.0,3484556.0,黃馨祥,0.1097157895565033,Q7147677,History_and_Society.Business_and_economics,3484556.0,0.0,3.0,1492.0
14008,1.0,3484556.0,黃馨祥,0.0,Q7147677,Geography.Regions.Africa.Africa*,3484556.0,0.0,3.0,1492.0
14009,1.0,3484556.0,黃馨祥,0.0,Q7147677,Geography.Regions.Americas.North_America,3484556.0,0.0,3.0,1492.0
14010,1.0,3484556.0,黃馨祥,0.0,Q7147677,Geography.Regions.Africa.Southern_Africa,3484556.0,0.0,3.0,1492.0
14011,4.0,3488778.0,安迪 (藝人),1.0000100135803225,Q15904346,Culture.Biography.Biography*,3488778.0,5975.855554977575,4.0,2372.0
14012,4.0,3488778.0,安迪 (藝人),0.989681839942932,Q15904346,History_and_Society.Society,3488778.0,5975.855554977575,4.0,2372.0
14013,4.0,3488778.0,安迪 (藝人),0.4957369437217712,Q15904346,Geography.Regions.Asia.East_Asia,3488778.0,5975.855554977575,4.0,2372.0
14014,4.0,3488778.0,安迪 (藝人),0.4932797422409058,Q15904346,Geography.Regions.Asia.Asia*,3488778.0,5975.855554977575,4.0,2372.0
14015,4.0,3488778.0,安迪 (藝人),0.1067005917429924,Q15904346,Culture.Media.Media*,3488778.0,5975.855554977575,4.0,2372.0
14016,4.0,3488935.0,高岗饶漱石事件,0.4990100135803223,Q15951085,Geography.Regions.Asia.East_Asia,3488935.0,1970.5,1.0,3733.0
14017,4.0,3488935.0,高岗饶漱石事件,0.49675815010070795,Q15951085,Geography.Regions.Asia.Asia*,3488935.0,1970.5,1.0,3733.0
14018,11.0,3493406.0,海航集团,0.6297846436500549,Q1565713,History_and_Society.Business_and_economics,3493406.0,15702.479600323735,10.0,2999.0
14019,11.0,3493406.0,海航集团,0.4486793746948242,Q1565713,Geography.Regions.Asia.Asia*,3493406.0,15702.479600323735,10.0,2999.0
14020,11.0,3493406.0,海航集团,0.4456066956520081,Q1565713,Geography.Regions.Asia.East_Asia,3493406.0,15702.479600323735,10.0,2999.0
14021,11.0,3493406.0,海航集团,0.10375863313674928,Q1565713,STEM.STEM*,3493406.0,15702.479600323735,10.0,2999.0
14022,5.0,3494829.0,Fantagio,0.8439050912857056,Q13424955,Culture.Media.Media*,3494829.0,211.17613296246608,0.0,2856.0
14023,5.0,3494829.0,Fantagio,0.8080772161483765,Q13424955,Culture.Media.Music,3494829.0,211.17613296246608,0.0,2856.0
14024,5.0,3494829.0,Fantagio,0.6150978803634644,Q13424955,History_and_Society.Business_and_economics,3494829.0,211.17613296246608,0.0,2856.0
14025,5.0,3494829.0,Fantagio,0.4314633479118347,Q13424955,Geography.Regions.Asia.East_Asia,3494829.0,211.17613296246608,0.0,2856.0
14026,5.0,3494829.0,Fantagio,0.3660457601547241,Q13424955,Geography.Regions.Asia.Asia*,3494829.0,211.17613296246608,0.0,2856.0
14027,2.0,3495234.0,YouBike微笑單車,1.0000100135803225,Q20687952,History_and_Society.Society,3495234.0,5063.03134494075,10.0,2543.0
14028,2.0,3495234.0,YouBike微笑單車,1.0000100135803225,Q20687952,Culture.Biography.Biography*,3495234.0,5063.03134494075,10.0,2543.0
14029,2.0,3495234.0,YouBike微笑單車,0.5621865391731262,Q20687952,Culture.Sports,3495234.0,5063.03134494075,10.0,2543.0
14030,2.0,3495234.0,YouBike微笑單車,0.4990100135803223,Q20687952,Geography.Regions.Asia.Asia*,3495234.0,5063.03134494075,10.0,2543.0
14031,2.0,3495234.0,YouBike微笑單車,0.4990100135803223,Q20687952,Geography.Regions.Asia.East_Asia,3495234.0,5063.03134494075,10.0,2543.0
14032,2.0,3495234.0,YouBike微笑單車,0.2942249774932861,Q20687952,History_and_Society.Business_and_economics,3495234.0,5063.03134494075,10.0,2543.0
14033,2.0,3495234.0,YouBike微笑單車,0.18714269995689392,Q20687952,STEM.STEM*,3495234.0,5063.03134494075,10.0,2543.0
14034,2.0,3495234.0,YouBike微笑單車,0.1520422399044037,Q20687952,STEM.Engineering,3495234.0,5063.03134494075,10.0,2543.0
14035,2.0,3495234.0,YouBike微笑單車,0.14034625887870789,Q20687952,History_and_Society.Transportation,3495234.0,5063.03134494075,10.0,2543.0
14036,7.0,3496245.0,英雄本色III夕陽之歌,0.9697954058647156,Q751064,Culture.Media.Media*,3496245.0,7599.966731447022,12.0,2780.0
14037,7.0,3496245.0,英雄本色III夕陽之歌,0.9344051480293274,Q751064,Culture.Media.Films,3496245.0,7599.966731447022,12.0,2780.0
14038,7.0,3496245.0,英雄本色III夕陽之歌,0.4687954058647156,Q751064,Geography.Regions.Asia.Asia*,3496245.0,7599.966731447022,12.0,2780.0
14039,7.0,3496245.0,英雄本色III夕陽之歌,0.4163126816749573,Q751064,Geography.Regions.Asia.East_Asia,3496245.0,7599.966731447022,12.0,2780.0
14040,12.0,3496668.0,中華民國海軍艦艇列表,1.0,Q15062492,Compilation.List_Disambig,3496668.0,10436.074633618991,5.0,2799.0
14041,12.0,3496668.0,中華民國海軍艦艇列表,0.9931061863899232,Q15062492,History_and_Society.Transportation,3496668.0,10436.074633618991,5.0,2799.0
14042,12.0,3496668.0,中華民國海軍艦艇列表,0.9886782765388488,Q15062492,History_and_Society.Society,3496668.0,10436.074633618991,5.0,2799.0
14043,12.0,3496668.0,中華民國海軍艦艇列表,0.9706977605819702,Q15062492,Culture.Biography.Biography*,3496668.0,10436.074633618991,5.0,2799.0
14044,12.0,3496668.0,中華民國海軍艦艇列表,0.8596737384796143,Q15062492,History_and_Society.Military_and_warfare,3496668.0,10436.074633618991,5.0,2799.0
14045,12.0,3496668.0,中華民國海軍艦艇列表,0.4529760947227478,Q15062492,Geography.Regions.Asia.East_Asia,3496668.0,10436.074633618991,5.0,2799.0
14046,12.0,3496668.0,中華民國海軍艦艇列表,0.3469777574539185,Q15062492,Geography.Regions.Asia.Asia*,3496668.0,10436.074633618991,5.0,2799.0
14047,3.0,3499159.0,金光奎,0.9919480085372924,Q13439232,Culture.Biography.Biography*,3499159.0,3942.0,0.0,1927.0
14048,3.0,3499159.0,金光奎,0.06886266374588013,Q13439232,Geography.Regions.Asia.Asia*,3499159.0,3942.0,0.0,1927.0
14049,3.0,3499159.0,金光奎,0.0,Q13439232,Geography.Regions.Asia.East_Asia,3499159.0,3942.0,0.0,1927.0
14050,8.0,3506032.0,陸軍航空特戰指揮部,0.9814634323120116,Q15916989,History_and_Society.Military_and_warfare,3506032.0,10280.954942165345,5.0,2948.0
14051,8.0,3506032.0,陸軍航空特戰指揮部,0.0,Q15916989,Geography.Regions.Europe.Europe*,3506032.0,10280.954942165345,5.0,2948.0
14052,8.0,3506032.0,陸軍航空特戰指揮部,0.0,Q15916989,Geography.Regions.Asia.Asia*,3506032.0,10280.954942165345,5.0,2948.0
14053,8.0,3506032.0,陸軍航空特戰指揮部,0.0,Q15916989,Geography.Regions.Americas.North_America,3506032.0,10280.954942165345,5.0,2948.0
14054,8.0,3506032.0,陸軍航空特戰指揮部,0.0,Q15916989,Geography.Regions.Europe.Northern_Europe,3506032.0,10280.954942165345,5.0,2948.0
14055,8.0,3506032.0,陸軍航空特戰指揮部,0.0,Q15916989,Geography.Regions.Asia.South_Asia,3506032.0,10280.954942165345,5.0,2948.0
14056,8.0,3506032.0,陸軍航空特戰指揮部,0.0,Q15916989,Geography.Regions.Europe.Southern_Europe,3506032.0,10280.954942165345,5.0,2948.0
14057,3.0,3507126.0,羅瑩雪,1.0000100135803225,Q14866531,Culture.Biography.Biography*,3507126.0,2382.66893639196,2.0,1678.0
14058,3.0,3507126.0,羅瑩雪,0.9996055364608764,Q14866531,History_and_Society.Society,3507126.0,2382.66893639196,2.0,1678.0
14059,3.0,3507126.0,羅瑩雪,0.91965252161026,Q14866531,Culture.Biography.Women,3507126.0,2382.66893639196,2.0,1678.0
14060,3.0,3507126.0,羅瑩雪,0.4977651705741882,Q14866531,Geography.Regions.Asia.East_Asia,3507126.0,2382.66893639196,2.0,1678.0
14061,3.0,3507126.0,羅瑩雪,0.4951855411529541,Q14866531,Geography.Regions.Asia.Asia*,3507126.0,2382.66893639196,2.0,1678.0
14062,2.0,3511180.0,欧盟委员会主席,0.9825675487518309,Q8882,History_and_Society.Politics_and_government,3511180.0,3942.0,1.0,1351.0
14063,4.0,3514123.0,徐浩 (歌手),0.9955416321754456,Q15909392,Culture.Biography.Biography*,3514123.0,767.614882789462,12.0,3835.0
14064,4.0,3514123.0,徐浩 (歌手),0.348655104637146,Q15909392,Culture.Media.Media*,3514123.0,767.614882789462,12.0,3835.0
14065,4.0,3514123.0,徐浩 (歌手),0.21734751760959625,Q15909392,Culture.Media.Music,3514123.0,767.614882789462,12.0,3835.0
14066,4.0,3514123.0,徐浩 (歌手),0.0,Q15909392,Geography.Regions.Americas.North_America,3514123.0,767.614882789462,12.0,3835.0
14067,3.0,3518262.0,李干杰,0.9947898983955384,Q16076530,Culture.Biography.Biography*,3518262.0,3775.54144068079,2.0,3065.0
14068,3.0,3518262.0,李干杰,0.0,Q16076530,Geography.Regions.Asia.Asia*,3518262.0,3775.54144068079,2.0,3065.0
14069,3.0,3518262.0,李干杰,0.0,Q16076530,Geography.Regions.Asia.East_Asia,3518262.0,3775.54144068079,2.0,3065.0
14070,1.0,3524367.0,胡桃夾子,0.966924011707306,Q14880,Culture.Food_and_drink,3524367.0,0.0,13.0,1980.0
14071,1.0,3524367.0,胡桃夾子,0.0,Q14880,Geography.Regions.Asia.Asia*,3524367.0,0.0,13.0,1980.0
14072,5.0,3530593.0,爱情悠悠药草香,0.9304682612419128,Q15903700,Culture.Media.Television,3530593.0,5018.716125696546,4.0,1898.0
14073,5.0,3530593.0,爱情悠悠药草香,0.812877357006073,Q15903700,Culture.Media.Media*,3530593.0,5018.716125696546,4.0,1898.0
14074,5.0,3530593.0,爱情悠悠药草香,0.0,Q15903700,Geography.Regions.Asia.Asia*,3530593.0,5018.716125696546,4.0,1898.0
14075,5.0,3530593.0,爱情悠悠药草香,0.0,Q15903700,Geography.Regions.Asia.East_Asia,3530593.0,5018.716125696546,4.0,1898.0
14076,15.0,3530993.0,太平輪 (電影),0.952584147453308,Q15401947,Culture.Media.Media*,3530993.0,32199.780371813453,12.0,3426.0
14077,15.0,3530993.0,太平輪 (電影),0.9344051480293274,Q15401947,Culture.Media.Films,3530993.0,32199.780371813453,12.0,3426.0
14078,15.0,3530993.0,太平輪 (電影),0.4820951094627381,Q15401947,Geography.Regions.Asia.East_Asia,3530993.0,32199.780371813453,12.0,3426.0
14079,15.0,3530993.0,太平輪 (電影),0.4798859825134277,Q15401947,Geography.Regions.Asia.Asia*,3530993.0,32199.780371813453,12.0,3426.0
14080,15.0,3530993.0,太平輪 (電影),0.26285186409950256,Q15401947,Culture.Biography.Biography*,3530993.0,32199.780371813453,12.0,3426.0
14081,15.0,3530993.0,太平輪 (電影),0.1520422399044037,Q15401947,History_and_Society.Society,3530993.0,32199.780371813453,12.0,3426.0
14082,1.0,3531182.0,Here (公司),0.7490972280502319,Q129911,STEM.STEM*,3531182.0,0.0,14.0,673.0
14083,1.0,3531182.0,Here (公司),0.7122421860694885,Q129911,History_and_Society.Business_and_economics,3531182.0,0.0,14.0,673.0
14084,1.0,3531182.0,Here (公司),0.3007555902004242,Q129911,STEM.Engineering,3531182.0,0.0,14.0,673.0
14085,1.0,3531182.0,Here (公司),0.2393593490123749,Q129911,History_and_Society.Transportation,3531182.0,0.0,14.0,673.0
14086,1.0,3531182.0,Here (公司),0.11280541121959685,Q129911,STEM.Technology,3531182.0,0.0,14.0,673.0
14087,1.0,3531182.0,Here (公司),0.0,Q129911,Geography.Regions.Europe.Europe*,3531182.0,0.0,14.0,673.0
14088,1.0,3531182.0,Here (公司),0.0,Q129911,Geography.Regions.Europe.Western_Europe,3531182.0,0.0,14.0,673.0
14089,2.0,3532138.0,葛仲珊,0.9969346523284912,Q15914430,Culture.Biography.Biography*,3532138.0,3560.754085538829,7.0,1950.0
14090,2.0,3532138.0,葛仲珊,0.4301573634147644,Q15914430,Culture.Biography.Women,3532138.0,3560.754085538829,7.0,1950.0
14091,2.0,3532138.0,葛仲珊,0.3629792034626007,Q15914430,Culture.Media.Media*,3532138.0,3560.754085538829,7.0,1950.0
14092,2.0,3532138.0,葛仲珊,0.348655104637146,Q15914430,Culture.Media.Music,3532138.0,3560.754085538829,7.0,1950.0
14093,2.0,3532138.0,葛仲珊,0.0,Q15914430,Geography.Regions.Americas.North_America,3532138.0,3560.754085538829,7.0,1950.0
14094,6.0,3533339.0,內村光良,0.9919480085372924,Q7705350,Culture.Biography.Biography*,3533339.0,0.0,13.0,1535.0
14095,6.0,3533339.0,內村光良,0.2869412174224853,Q7705350,Geography.Regions.Asia.East_Asia,3533339.0,0.0,13.0,1535.0
14096,6.0,3533339.0,內村光良,0.07650540971755981,Q7705350,Geography.Regions.Asia.Asia*,3533339.0,0.0,13.0,1535.0
14097,1.0,3536488.0,惊天危机,0.9939124584197998,Q2350772,Culture.Media.Films,3536488.0,0.0,6.0,1879.0
14098,1.0,3536488.0,惊天危机,0.9919480085372924,Q2350772,Culture.Media.Media*,3536488.0,0.0,6.0,1879.0
14099,1.0,3536488.0,惊天危机,0.25392501258850103,Q2350772,Geography.Regions.Americas.North_America,3536488.0,0.0,6.0,1879.0
14100,1.0,3536488.0,惊天危机,0.11921291798353195,Q2350772,Culture.Media.Entertainment,3536488.0,0.0,6.0,1879.0
14101,2.0,3540321.0,查理·杭南,1.0000100135803225,Q356294,Culture.Biography.Biography*,3540321.0,3942.0,6.0,2127.0
14102,2.0,3540321.0,查理·杭南,0.14034625887870789,Q356294,Culture.Media.Media*,3540321.0,3942.0,6.0,2127.0
14103,2.0,3540321.0,查理·杭南,0.12253321707248688,Q356294,Culture.Media.Television,3540321.0,3942.0,6.0,2127.0
14104,2.0,3540321.0,查理·杭南,0.0,Q356294,Geography.Regions.Europe.Europe*,3540321.0,3942.0,6.0,2127.0
14105,2.0,3540321.0,查理·杭南,0.0,Q356294,Geography.Regions.Europe.Northern_Europe,3540321.0,3942.0,6.0,2127.0
14106,2.0,3540321.0,查理·杭南,0.0,Q356294,Geography.Regions.Americas.North_America,3540321.0,3942.0,6.0,2127.0
14107,1.0,3541010.0,蔡學良事件,0.2942249774932861,Q15918741,STEM.STEM*,3541010.0,0.0,2.0,2608.0
14108,1.0,3541010.0,蔡學良事件,0.0,Q15918741,Geography.Regions.Asia.Asia*,3541010.0,0.0,2.0,2608.0
14109,1.0,3541010.0,蔡學良事件,0.0,Q15918741,Geography.Regions.Americas.North_America,3541010.0,0.0,2.0,2608.0
14110,1.0,3541010.0,蔡學良事件,0.0,Q15918741,Geography.Regions.Europe.Europe*,3541010.0,0.0,2.0,2608.0
14111,2.0,3553891.0,物理符號表,1.0,Q573846,Compilation.List_Disambig,3553891.0,0.0,10.0,2743.0
14112,2.0,3553891.0,物理符號表,0.2227101624011993,Q573846,STEM.STEM*,3553891.0,0.0,10.0,2743.0
14113,2.0,3553891.0,物理符號表,0.1259327530860901,Q573846,Culture.Media.Media*,3553891.0,0.0,10.0,2743.0
14114,2.0,3553891.0,物理符號表,0.10088862478733064,Q573846,Culture.Sports,3553891.0,0.0,10.0,2743.0
14115,2.0,3553891.0,物理符號表,0.0,Q573846,Geography.Regions.Americas.North_America,3553891.0,0.0,10.0,2743.0
14116,2.0,3553891.0,物理符號表,0.0,Q573846,Geography.Regions.Europe.Europe*,3553891.0,0.0,10.0,2743.0
14117,2.0,3553891.0,物理符號表,0.0,Q573846,Geography.Regions.Asia.Asia*,3553891.0,0.0,10.0,2743.0
14118,3.0,3556756.0,假面騎士鎧武,0.8080772161483765,Q14258203,Culture.Media.Media*,3556756.0,10703.108320050767,13.0,2679.0
14119,3.0,3556756.0,假面騎士鎧武,0.59267657995224,Q14258203,Culture.Media.Television,3556756.0,10703.108320050767,13.0,2679.0
14120,3.0,3556756.0,假面騎士鎧武,0.006821857929229736,Q14258203,Geography.Regions.Asia.Asia*,3556756.0,10703.108320050767,13.0,2679.0
14121,3.0,3556756.0,假面騎士鎧武,0.0,Q14258203,Geography.Regions.Asia.East_Asia,3556756.0,10703.108320050767,13.0,2679.0
14122,4.0,3556919.0,火力全開大胃王,0.9972950220108032,Q11387994,Culture.Media.Television,3556919.0,19694.0,13.0,5237.0
14123,4.0,3556919.0,火力全開大胃王,0.9763205647468568,Q11387994,Culture.Media.Media*,3556919.0,19694.0,13.0,5237.0
14124,4.0,3556919.0,火力全開大胃王,0.3469777574539185,Q11387994,Geography.Regions.Asia.Asia*,3556919.0,19694.0,13.0,5237.0
14125,4.0,3556919.0,火力全開大胃王,0.30218379402160644,Q11387994,Geography.Regions.Asia.East_Asia,3556919.0,19694.0,13.0,5237.0
14126,4.0,3556919.0,火力全開大胃王,0.0,Q11387994,Geography.Regions.Americas.North_America,3556919.0,19694.0,13.0,5237.0
14127,7.0,3557586.0,招魂 (电影),0.9949496984481812,Q5540479,Culture.Media.Films,3557586.0,3945.8439132567573,6.0,2980.0
14128,7.0,3557586.0,招魂 (电影),0.9908843636512756,Q5540479,Culture.Media.Media*,3557586.0,3945.8439132567573,6.0,2980.0
14129,7.0,3557586.0,招魂 (电影),0.3429050912857056,Q5540479,Geography.Regions.Americas.North_America,3557586.0,3945.8439132567573,6.0,2980.0
14130,3.0,3558240.0,明日边缘,0.9916942119598388,Q1187607,Culture.Media.Media*,3558240.0,2524.4405273274383,12.0,4091.0
14131,3.0,3558240.0,明日边缘,0.990301549434662,Q1187607,Culture.Media.Films,3558240.0,2524.4405273274383,12.0,4091.0
14132,3.0,3558240.0,明日边缘,0.5544804334640503,Q1187607,Culture.Media.Entertainment,3558240.0,2524.4405273274383,12.0,4091.0
14133,3.0,3558240.0,明日边缘,0.1968362182378769,Q1187607,Culture.Literature,3558240.0,2524.4405273274383,12.0,4091.0
14134,3.0,3558240.0,明日边缘,0.14805719256401062,Q1187607,Culture.Visual_arts.Comics_and_Anime,3558240.0,2524.4405273274383,12.0,4091.0
14135,3.0,3558240.0,明日边缘,0.1294127255678177,Q1187607,Culture.Visual_arts.Visual_arts*,3558240.0,2524.4405273274383,12.0,4091.0
14136,3.0,3558240.0,明日边缘,0.0,Q1187607,Geography.Regions.Americas.North_America,3558240.0,2524.4405273274383,12.0,4091.0
14137,3.0,3558240.0,明日边缘,0.0,Q1187607,Geography.Regions.Europe.Europe*,3558240.0,2524.4405273274383,12.0,4091.0
14138,3.0,3558240.0,明日边缘,0.0,Q1187607,Geography.Regions.Europe.Northern_Europe,3558240.0,2524.4405273274383,12.0,4091.0
14139,5.0,3565962.0,姜成鎬,0.9990402460098268,Q317563,Culture.Biography.Biography*,3565962.0,5218.613672526002,8.0,2731.0
14140,5.0,3565962.0,姜成鎬,0.0,Q317563,Geography.Regions.Americas.North_America,3565962.0,5218.613672526002,8.0,2731.0
14141,5.0,3565962.0,姜成鎬,0.0,Q317563,Geography.Regions.Asia.Asia*,3565962.0,5218.613672526002,8.0,2731.0
14142,10.0,3568639.0,綾野剛,0.991162657737732,Q3543927,Culture.Biography.Biography*,3568639.0,13034.277514680625,13.0,2972.0
14143,10.0,3568639.0,綾野剛,0.2763098945617676,Q3543927,Geography.Regions.Asia.Asia*,3568639.0,13034.277514680625,13.0,2972.0
14144,10.0,3568639.0,綾野剛,0.19165198707580566,Q3543927,Geography.Regions.Asia.East_Asia,3568639.0,13034.277514680625,13.0,2972.0
14145,3.0,3573071.0,萨曼莎·鲍尔,0.9990094900131226,Q454970,Culture.Biography.Biography*,3573071.0,591.5924484377017,5.0,505.0
14146,3.0,3573071.0,萨曼莎·鲍尔,0.8311530351638794,Q454970,Culture.Biography.Women,3573071.0,591.5924484377017,5.0,505.0
14147,3.0,3573071.0,萨曼莎·鲍尔,0.5156299471855164,Q454970,History_and_Society.Society,3573071.0,591.5924484377017,5.0,505.0
14148,3.0,3573071.0,萨曼莎·鲍尔,0.33459946513175964,Q454970,History_and_Society.Politics_and_government,3573071.0,591.5924484377017,5.0,505.0
14149,3.0,3573071.0,萨曼莎·鲍尔,0.21760438585281366,Q454970,Geography.Regions.Americas.North_America,3573071.0,591.5924484377017,5.0,505.0
14150,3.0,3573071.0,萨曼莎·鲍尔,0.2069040536880493,Q454970,History_and_Society.History,3573071.0,591.5924484377017,5.0,505.0
14151,3.0,3573071.0,萨曼莎·鲍尔,0.1097157895565033,Q454970,Culture.Media.Media*,3573071.0,591.5924484377017,5.0,505.0
14152,3.0,3573071.0,萨曼莎·鲍尔,0.0,Q454970,Geography.Regions.Europe.Europe*,3573071.0,591.5924484377017,5.0,505.0
14153,16.0,3580191.0,二階堂富美,0.9836069941520692,Q11371873,Culture.Biography.Biography*,3580191.0,31881.12189036311,13.0,3824.0
14154,16.0,3580191.0,二階堂富美,0.4532718360424042,Q11371873,Culture.Biography.Women,3580191.0,31881.12189036311,13.0,3824.0
14155,16.0,3580191.0,二階堂富美,0.12146936559677125,Q11371873,Geography.Regions.Asia.Asia*,3580191.0,31881.12189036311,13.0,3824.0
14156,16.0,3580191.0,二階堂富美,0.09167657995224,Q11371873,Geography.Regions.Asia.East_Asia,3580191.0,31881.12189036311,13.0,3824.0
14157,7.0,3580571.0,松岡茉優,0.9972950220108032,Q11530062,Culture.Biography.Biography*,3580571.0,2991.8831005405987,13.0,3005.0
14158,7.0,3580571.0,松岡茉優,0.5234303474426271,Q11530062,Culture.Biography.Women,3580571.0,2991.8831005405987,13.0,3005.0
14159,7.0,3580571.0,松岡茉優,0.3952613940238953,Q11530062,Geography.Regions.Asia.East_Asia,3580571.0,2991.8831005405987,13.0,3005.0
14160,7.0,3580571.0,松岡茉優,0.3624016513824463,Q11530062,Geography.Regions.Asia.Asia*,3580571.0,2991.8831005405987,13.0,3005.0
14161,4.0,3581693.0,森川葵,0.9926641583442688,Q11240765,Culture.Biography.Biography*,3581693.0,1963.678335444552,13.0,3796.0
14162,4.0,3581693.0,森川葵,0.19165198707580566,Q11240765,Geography.Regions.Asia.Asia*,3581693.0,1963.678335444552,13.0,3796.0
14163,4.0,3581693.0,森川葵,0.13604079389572146,Q11240765,Geography.Regions.Asia.East_Asia,3581693.0,1963.678335444552,13.0,3796.0
14164,7.0,3588486.0,動畫工房,1.0000100135803225,Q3033729,Culture.Literature,3588486.0,13581.40972481547,13.0,2803.0
14165,7.0,3588486.0,動畫工房,1.0000100135803225,Q3033729,Culture.Visual_arts.Visual_arts*,3588486.0,13581.40972481547,13.0,2803.0
14166,7.0,3588486.0,動畫工房,1.0000100135803225,Q3033729,Culture.Visual_arts.Comics_and_Anime,3588486.0,13581.40972481547,13.0,2803.0
14167,7.0,3588486.0,動畫工房,0.0,Q3033729,Geography.Regions.Asia.East_Asia,3588486.0,13581.40972481547,13.0,2803.0
14168,7.0,3588486.0,動畫工房,0.0,Q3033729,Geography.Regions.Asia.Asia*,3588486.0,13581.40972481547,13.0,2803.0
14169,3.0,3589126.0,效忠宣誓,0.16027602553367615,Q875611,Culture.Media.Media*,3589126.0,0.0,5.0,1265.0
14170,3.0,3589126.0,效忠宣誓,0.1294127255678177,Q875611,History_and_Society.History,3589126.0,0.0,5.0,1265.0
14171,3.0,3589126.0,效忠宣誓,0.11921291798353195,Q875611,History_and_Society.Politics_and_government,3589126.0,0.0,5.0,1265.0
14172,3.0,3589126.0,效忠宣誓,0.0,Q875611,Geography.Regions.Americas.North_America,3589126.0,0.0,5.0,1265.0
14173,3.0,3589126.0,效忠宣誓,0.0,Q875611,Geography.Regions.Asia.Asia*,3589126.0,0.0,5.0,1265.0
14174,2.0,3593332.0,蔡閨,1.0000100135803225,Q15921257,Culture.Biography.Biography*,3593332.0,0.0,4.0,2500.0
14175,2.0,3593332.0,蔡閨,0.9304682612419128,Q15921257,History_and_Society.Society,3593332.0,0.0,4.0,2500.0
14176,2.0,3593332.0,蔡閨,0.4301573634147644,Q15921257,Culture.Biography.Women,3593332.0,0.0,4.0,2500.0
14177,2.0,3593332.0,蔡閨,0.3344935646057129,Q15921257,Geography.Regions.Asia.Asia*,3593332.0,0.0,4.0,2500.0
14178,2.0,3593332.0,蔡閨,0.2869412174224853,Q15921257,Geography.Regions.Asia.East_Asia,3593332.0,0.0,4.0,2500.0
14179,2.0,3593332.0,蔡閨,0.2509227991104126,Q15921257,Culture.Media.Media*,3593332.0,0.0,4.0,2500.0
14180,2.0,3593332.0,蔡閨,0.21734751760959625,Q15921257,Culture.Media.Television,3593332.0,0.0,4.0,2500.0
14181,2.0,3593506.0,白田信幸,0.9841036200523376,Q11580092,Culture.Biography.Biography*,3593506.0,0.0,13.0,514.0
14182,2.0,3593506.0,白田信幸,0.2568419873714447,Q11580092,Culture.Sports,3593506.0,0.0,13.0,514.0
14183,2.0,3593506.0,白田信幸,0.0,Q11580092,Geography.Regions.Asia.Asia*,3593506.0,0.0,13.0,514.0
14184,2.0,3593506.0,白田信幸,0.0,Q11580092,Geography.Regions.Asia.East_Asia,3593506.0,0.0,13.0,514.0
14185,1.0,3594751.0,林子瑄,1.0000100135803225,Q15929566,Culture.Biography.Biography*,3594751.0,0.0,4.0,3282.0
14186,1.0,3594751.0,林子瑄,0.9871888160705566,Q15929566,History_and_Society.Society,3594751.0,0.0,4.0,3282.0
14187,1.0,3594751.0,林子瑄,0.7122421860694885,Q15929566,Culture.Biography.Women,3594751.0,0.0,4.0,3282.0
14188,1.0,3594751.0,林子瑄,0.4918885698318482,Q15929566,Geography.Regions.Asia.East_Asia,3594751.0,0.0,4.0,3282.0
14189,1.0,3594751.0,林子瑄,0.4849463572502136,Q15929566,Geography.Regions.Asia.Asia*,3594751.0,0.0,4.0,3282.0
14190,1.0,3594751.0,林子瑄,0.1294127255678177,Q15929566,Culture.Media.Media*,3594751.0,0.0,4.0,3282.0
14191,2.0,3596076.0,點金勝手,0.9706977605819702,Q15730315,Culture.Media.Television,3596076.0,51.9798552754435,12.0,2350.0
14192,2.0,3596076.0,點金勝手,0.9304682612419128,Q15730315,Culture.Media.Media*,3596076.0,51.9798552754435,12.0,2350.0
14193,2.0,3596076.0,點金勝手,0.4423575868606568,Q15730315,Geography.Regions.Asia.East_Asia,3596076.0,51.9798552754435,12.0,2350.0
14194,2.0,3596076.0,點金勝手,0.43892334604263306,Q15730315,Geography.Regions.Asia.Asia*,3596076.0,51.9798552754435,12.0,2350.0
14195,1.0,3596423.0,飯豐萬理江,0.9883227348327636,Q11666682,Culture.Biography.Biography*,3596423.0,0.0,6.0,2297.0
14196,1.0,3596423.0,飯豐萬理江,0.6859594583511353,Q11666682,Culture.Biography.Women,3596423.0,0.0,6.0,2297.0
14197,1.0,3596423.0,飯豐萬理江,0.24809722805023196,Q11666682,Geography.Regions.Asia.Asia*,3596423.0,0.0,6.0,2297.0
14198,1.0,3596423.0,飯豐萬理江,0.2047950496673584,Q11666682,Geography.Regions.Asia.East_Asia,3596423.0,0.0,6.0,2297.0
14199,2.0,3597013.0,全民目击,0.9637899398803712,Q14674670,Culture.Media.Media*,3597013.0,0.0,12.0,1138.0
14200,2.0,3597013.0,全民目击,0.9362950325012208,Q14674670,Culture.Media.Films,3597013.0,0.0,12.0,1138.0
14201,2.0,3597013.0,全民目击,0.4581643214225769,Q14674670,Geography.Regions.Asia.Asia*,3597013.0,0.0,12.0,1138.0
14202,2.0,3597013.0,全民目击,0.42531375789642334,Q14674670,Geography.Regions.Asia.East_Asia,3597013.0,0.0,12.0,1138.0
14203,1.0,3599785.0,紅衣小女孩,0.2942249774932861,Q24841055,STEM.STEM*,3599785.0,0.0,2.0,2299.0
14204,1.0,3599785.0,紅衣小女孩,0.0,Q24841055,Geography.Regions.Asia.Asia*,3599785.0,0.0,2.0,2299.0
14205,1.0,3599785.0,紅衣小女孩,0.0,Q24841055,Geography.Regions.Americas.North_America,3599785.0,0.0,2.0,2299.0
14206,1.0,3599785.0,紅衣小女孩,0.0,Q24841055,Geography.Regions.Europe.Europe*,3599785.0,0.0,2.0,2299.0
14207,1.0,3606178.0,王應傑,0.9994397163391112,Q15942771,Culture.Biography.Biography*,3606178.0,0.0,3.0,1206.0
14208,1.0,3606178.0,王應傑,0.91965252161026,Q15942771,Culture.Biography.Women,3606178.0,0.0,3.0,1206.0
14209,1.0,3606178.0,王應傑,0.4959346523284912,Q15942771,Geography.Regions.Asia.East_Asia,3606178.0,0.0,3.0,1206.0
14210,1.0,3606178.0,王應傑,0.4853731861114502,Q15942771,Geography.Regions.Asia.Asia*,3606178.0,0.0,3.0,1206.0
14211,1.0,3606178.0,王應傑,0.4301573634147644,Q15942771,History_and_Society.Society,3606178.0,0.0,3.0,1206.0
14212,4.0,3607078.0,馬丁·路德·金恩遇刺案,0.9990402460098268,Q757963,History_and_Society.Society,3607078.0,2239.2014000180498,5.0,1131.0
14213,4.0,3607078.0,馬丁·路德·金恩遇刺案,0.99593985080719,Q757963,Culture.Biography.Biography*,3607078.0,2239.2014000180498,5.0,1131.0
14214,4.0,3607078.0,馬丁·路德·金恩遇刺案,0.6224693655967712,Q757963,Geography.Regions.Americas.North_America,3607078.0,2239.2014000180498,5.0,1131.0
14215,4.0,3607078.0,馬丁·路德·金恩遇刺案,0.23371636867523196,Q757963,History_and_Society.Politics_and_government,3607078.0,2239.2014000180498,5.0,1131.0
14216,4.0,3607078.0,馬丁·路德·金恩遇刺案,0.19194278120994568,Q757963,History_and_Society.History,3607078.0,2239.2014000180498,5.0,1131.0
14217,4.0,3607078.0,馬丁·路德·金恩遇刺案,0.14805719256401062,Q757963,Geography.Regions.Europe.Europe*,3607078.0,2239.2014000180498,5.0,1131.0
14218,4.0,3607078.0,馬丁·路德·金恩遇刺案,0.10088862478733064,Q757963,Geography.Regions.Asia.Asia*,3607078.0,2239.2014000180498,5.0,1131.0
14219,2.0,3608386.0,約翰·藍波,0.8596737384796143,Q951317,Culture.Literature,3608386.0,0.0,6.0,1874.0
14220,2.0,3608386.0,約翰·藍波,0.5000100135803223,Q951317,Culture.Media.Films,3608386.0,0.0,6.0,1874.0
14221,2.0,3608386.0,約翰·藍波,0.4532718360424042,Q951317,Culture.Media.Media*,3608386.0,0.0,6.0,1874.0
14222,2.0,3608386.0,約翰·藍波,0.2942249774932861,Q951317,History_and_Society.Military_and_warfare,3608386.0,0.0,6.0,1874.0
14223,2.0,3608803.0,CR催淚性毒氣,0.9825675487518309,Q417922,STEM.STEM*,3608803.0,0.0,3.0,698.0
14224,2.0,3608803.0,CR催淚性毒氣,0.6297846436500549,Q417922,STEM.Chemistry,3608803.0,0.0,3.0,698.0
14225,2.0,3608803.0,CR催淚性毒氣,0.4610267877578736,Q417922,STEM.Medicine_&_Health,3608803.0,0.0,3.0,698.0
14226,1.0,3609332.0,譚志剛,0.9919480085372924,Q15905864,Culture.Biography.Biography*,3609332.0,0.0,4.0,2558.0
14227,1.0,3609332.0,譚志剛,0.037993239402771,Q15905864,Geography.Regions.Asia.Asia*,3609332.0,0.0,4.0,2558.0
14228,1.0,3609332.0,譚志剛,0.0,Q15905864,Geography.Regions.Asia.East_Asia,3609332.0,0.0,4.0,2558.0
14229,5.0,3610536.0,不勞而禍,0.99567848443985,Q766427,Culture.Media.Films,3610536.0,6249.044990356451,6.0,1356.0
14230,5.0,3610536.0,不勞而禍,0.993317186832428,Q766427,Culture.Media.Media*,3610536.0,6249.044990356451,6.0,1356.0
14231,5.0,3610536.0,不勞而禍,0.1713417043685913,Q766427,Geography.Regions.Americas.North_America,3610536.0,6249.044990356451,6.0,1356.0
14232,7.0,3616135.0,鋼鐵墳墓,0.9965265989303588,Q196685,Culture.Media.Films,3616135.0,11847.897766876822,6.0,3393.0
14233,7.0,3616135.0,鋼鐵墳墓,0.9942797422409058,Q196685,Culture.Media.Media*,3616135.0,11847.897766876822,6.0,3393.0
14234,7.0,3616135.0,鋼鐵墳墓,0.2869412174224853,Q196685,Geography.Regions.Americas.North_America,3616135.0,11847.897766876822,6.0,3393.0
14235,7.0,3616135.0,鋼鐵墳墓,0.10088862478733064,Q196685,Culture.Media.Entertainment,3616135.0,11847.897766876822,6.0,3393.0
14236,1.0,3616847.0,机械战警 (2014年电影),0.9952548146247864,Q864518,Culture.Media.Media*,3616847.0,0.0,10.0,1371.0
14237,1.0,3616847.0,机械战警 (2014年电影),0.9951046109199524,Q864518,Culture.Media.Films,3616847.0,0.0,10.0,1371.0
14238,1.0,3616847.0,机械战警 (2014年电影),0.320831298828125,Q864518,Culture.Media.Entertainment,3616847.0,0.0,10.0,1371.0
14239,1.0,3616847.0,机械战警 (2014年电影),0.19826446676254272,Q864518,Geography.Regions.Americas.North_America,3616847.0,0.0,10.0,1371.0
14240,1.0,3616847.0,机械战警 (2014年电影),0.14415885508060455,Q864518,Culture.Visual_arts.Visual_arts*,3616847.0,0.0,10.0,1371.0
14241,1.0,3616847.0,机械战警 (2014年电影),0.13661839067935946,Q864518,Culture.Literature,3616847.0,0.0,10.0,1371.0
14242,1.0,3616847.0,机械战警 (2014年电影),0.1259327530860901,Q864518,Culture.Visual_arts.Comics_and_Anime,3616847.0,0.0,10.0,1371.0
14243,3.0,3623064.0,奎里努斯,0.8933194279670715,Q320333,History_and_Society.History,3623064.0,0.0,16.0,7057.0
14244,3.0,3623064.0,奎里努斯,0.8872146010398865,Q320333,Culture.Philosophy_and_religion,3623064.0,0.0,16.0,7057.0
14245,3.0,3623064.0,奎里努斯,0.7606606483459473,Q320333,Culture.Literature,3623064.0,0.0,16.0,7057.0
14246,3.0,3623064.0,奎里努斯,0.14415885508060455,Q320333,Culture.Biography.Biography*,3623064.0,0.0,16.0,7057.0
14247,31.0,3628525.0,最终命令 -最终幻想VII-,0.9966334104537964,Q591676,Culture.Visual_arts.Comics_and_Anime,3628525.0,27208.692510158224,14.0,3150.0
14248,31.0,3628525.0,最终命令 -最终幻想VII-,0.9965265989303588,Q591676,Culture.Visual_arts.Visual_arts*,3628525.0,27208.692510158224,14.0,3150.0
14249,31.0,3628525.0,最终命令 -最终幻想VII-,0.9926641583442688,Q591676,Culture.Literature,3628525.0,27208.692510158224,14.0,3150.0
14250,31.0,3628525.0,最终命令 -最终幻想VII-,0.9697954058647156,Q591676,Culture.Media.Media*,3628525.0,27208.692510158224,14.0,3150.0
14251,31.0,3628525.0,最终命令 -最终幻想VII-,0.7606606483459473,Q591676,Culture.Media.Films,3628525.0,27208.692510158224,14.0,3150.0
14252,31.0,3628525.0,最终命令 -最终幻想VII-,0.3775506913661957,Q591676,Culture.Internet_culture,3628525.0,27208.692510158224,14.0,3150.0
14253,31.0,3628525.0,最终命令 -最终幻想VII-,0.320831298828125,Q591676,Culture.Media.Video_games,3628525.0,27208.692510158224,14.0,3150.0
14254,31.0,3628525.0,最终命令 -最终幻想VII-,0.2393593490123749,Q591676,Culture.Media.Entertainment,3628525.0,27208.692510158224,14.0,3150.0
14255,31.0,3628525.0,最终命令 -最终幻想VII-,0.0,Q591676,Geography.Regions.Asia.East_Asia,3628525.0,27208.692510158224,14.0,3150.0
14256,31.0,3628525.0,最终命令 -最终幻想VII-,0.0,Q591676,Geography.Regions.Asia.Asia*,3628525.0,27208.692510158224,14.0,3150.0
14257,22.0,3628654.0,危机之前 -最终幻想VII-,1.0000100135803225,Q2291213,Culture.Internet_culture,3628654.0,1.9193950220903238,14.0,2305.0
14258,22.0,3628654.0,危机之前 -最终幻想VII-,1.0000100135803225,Q2291213,Culture.Media.Media*,3628654.0,1.9193950220903238,14.0,2305.0
14259,22.0,3628654.0,危机之前 -最终幻想VII-,1.0000100135803225,Q2291213,Culture.Media.Video_games,3628654.0,1.9193950220903238,14.0,2305.0
14260,3.0,3630372.0,徐巧芯,1.0000100135803225,Q15914861,Culture.Biography.Biography*,3630372.0,146.6147286873721,2.0,3612.0
14261,3.0,3630372.0,徐巧芯,0.9942797422409058,Q15914861,History_and_Society.Society,3630372.0,146.6147286873721,2.0,3612.0
14262,3.0,3630372.0,徐巧芯,0.8354935646057129,Q15914861,Culture.Biography.Women,3630372.0,146.6147286873721,2.0,3612.0
14263,3.0,3630372.0,徐巧芯,0.4876782765388489,Q15914861,Geography.Regions.Asia.East_Asia,3630372.0,146.6147286873721,2.0,3612.0
14264,3.0,3630372.0,徐巧芯,0.4730526676177978,Q15914861,Geography.Regions.Asia.Asia*,3630372.0,146.6147286873721,2.0,3612.0
14265,1.0,3632138.0,鄰居同居,0.9951046109199524,Q9026236,Culture.Visual_arts.Comics_and_Anime,3632138.0,0.0,13.0,3058.0
14266,1.0,3632138.0,鄰居同居,0.9916942119598388,Q9026236,Culture.Visual_arts.Visual_arts*,3632138.0,0.0,13.0,3058.0
14267,1.0,3632138.0,鄰居同居,0.9755869507789612,Q9026236,Culture.Literature,3632138.0,0.0,13.0,3058.0
14268,1.0,3632138.0,鄰居同居,0.21734751760959625,Q9026236,Culture.Media.Films,3632138.0,0.0,13.0,3058.0
14269,1.0,3632138.0,鄰居同居,0.21734751760959625,Q9026236,Culture.Media.Media*,3632138.0,0.0,13.0,3058.0
14270,1.0,3632138.0,鄰居同居,0.0,Q9026236,Geography.Regions.Asia.East_Asia,3632138.0,0.0,13.0,3058.0
14271,1.0,3632138.0,鄰居同居,0.0,Q9026236,Geography.Regions.Asia.Asia*,3632138.0,0.0,13.0,3058.0
14272,7.0,3634963.0,陳以信,1.0000100135803225,Q16907985,History_and_Society.Society,3634963.0,7.350811136556453,2.0,2680.0
14273,7.0,3634963.0,陳以信,1.0000100135803225,Q16907985,Culture.Biography.Biography*,3634963.0,7.350811136556453,2.0,2680.0
14274,7.0,3634963.0,陳以信,0.4949398508071899,Q16907985,Geography.Regions.Asia.East_Asia,3634963.0,7.350811136556453,2.0,2680.0
14275,7.0,3634963.0,陳以信,0.4889964332580566,Q16907985,Geography.Regions.Asia.Asia*,3634963.0,7.350811136556453,2.0,2680.0
14276,5.0,3636248.0,林耀聲,0.99219411611557,Q15901859,Culture.Biography.Biography*,3636248.0,3079.420092041551,12.0,1839.0
14277,5.0,3636248.0,林耀聲,0.3509628047943115,Q15901859,Geography.Regions.Asia.Asia*,3636248.0,3079.420092041551,12.0,1839.0
14278,5.0,3636248.0,林耀聲,0.19826446676254272,Q15901859,Geography.Regions.Asia.East_Asia,3636248.0,3079.420092041551,12.0,1839.0
14279,5.0,3636248.0,林耀聲,0.1097157895565033,Q15901859,History_and_Society.Society,3636248.0,3079.420092041551,12.0,1839.0
14280,5.0,3637119.0,极品飞车 (电影),0.994098961353302,Q13374569,Culture.Media.Films,3637119.0,11065.723346247743,6.0,3467.0
14281,5.0,3637119.0,极品飞车 (电影),0.993317186832428,Q13374569,Culture.Media.Media*,3637119.0,11065.723346247743,6.0,3467.0
14282,5.0,3637119.0,极品飞车 (电影),0.24217800998687744,Q13374569,Geography.Regions.Americas.North_America,3637119.0,11065.723346247743,6.0,3467.0
14283,3.0,3639898.0,絕世好B,0.9173126816749572,Q3312844,Culture.Media.Media*,3639898.0,824.2395036653426,12.0,1041.0
14284,3.0,3639898.0,絕世好B,0.8962613940238953,Q3312844,Culture.Media.Films,3639898.0,824.2395036653426,12.0,1041.0
14285,3.0,3639898.0,絕世好B,0.41865252161026,Q3312844,Geography.Regions.Asia.East_Asia,3639898.0,824.2395036653426,12.0,1041.0
14286,3.0,3639898.0,絕世好B,0.4163126816749573,Q3312844,Geography.Regions.Asia.Asia*,3639898.0,824.2395036653426,12.0,1041.0
14287,6.0,3670786.0,多謝款待,0.9841036200523376,Q11267180,Culture.Media.Television,3670786.0,24348.76011470649,13.0,2056.0
14288,6.0,3670786.0,多謝款待,0.8933194279670715,Q11267180,Culture.Media.Media*,3670786.0,24348.76011470649,13.0,2056.0
14289,6.0,3670786.0,多謝款待,0.4334051480293274,Q11267180,Geography.Regions.Asia.Asia*,3670786.0,24348.76011470649,13.0,2056.0
14290,6.0,3670786.0,多謝款待,0.4231518378257752,Q11267180,Geography.Regions.Asia.East_Asia,3670786.0,24348.76011470649,13.0,2056.0
14291,2.0,3671758.0,流星蝴蝶劍 (2010年電視劇),0.8519628047943115,Q15915630,Culture.Media.Television,3671758.0,3942.0,12.0,1778.0
14292,2.0,3671758.0,流星蝴蝶劍 (2010年電視劇),0.7773098945617676,Q15915630,Culture.Media.Media*,3671758.0,3942.0,12.0,1778.0
14293,2.0,3671758.0,流星蝴蝶劍 (2010年電視劇),0.0,Q15915630,Geography.Regions.Asia.Asia*,3671758.0,3942.0,12.0,1778.0
14294,1.0,3674765.0,水果硬糖 (电影),0.9985088109970092,Q841476,Culture.Media.Films,3674765.0,0.0,6.0,1058.0
14295,1.0,3674765.0,水果硬糖 (电影),0.9983093142509459,Q841476,Culture.Media.Media*,3674765.0,0.0,6.0,1058.0
14296,1.0,3674765.0,水果硬糖 (电影),0.11597072333097458,Q841476,History_and_Society.Society,3674765.0,0.0,6.0,1058.0
14297,1.0,3674765.0,水果硬糖 (电影),0.0,Q841476,Geography.Regions.Americas.North_America,3674765.0,0.0,6.0,1058.0
14298,1.0,3677297.0,逆轉勝,0.9986429810523988,Q15933872,Culture.Biography.Biography*,3677297.0,0.0,4.0,1484.0
14299,1.0,3677297.0,逆轉勝,0.9908843636512756,Q15933872,Culture.Sports,3677297.0,0.0,4.0,1484.0
14300,1.0,3677297.0,逆轉勝,0.9850529432296752,Q15933872,History_and_Society.Society,3677297.0,0.0,4.0,1484.0
14301,1.0,3677297.0,逆轉勝,0.9732507467269896,Q15933872,Culture.Media.Films,3677297.0,0.0,4.0,1484.0
14302,1.0,3677297.0,逆轉勝,0.9124462008476256,Q15933872,Culture.Media.Media*,3677297.0,0.0,4.0,1484.0
14303,1.0,3677297.0,逆轉勝,0.4990100135803223,Q15933872,Geography.Regions.Asia.East_Asia,3677297.0,0.0,4.0,1484.0
14304,1.0,3677297.0,逆轉勝,0.4978764524459839,Q15933872,Geography.Regions.Asia.Asia*,3677297.0,0.0,4.0,1484.0
14305,3.0,3679420.0,翁杏蘭,0.9830951094627379,Q16906600,Culture.Biography.Biography*,3679420.0,0.0,7.0,669.0
14306,3.0,3679420.0,翁杏蘭,0.6654205918312073,Q16906600,Culture.Biography.Women,3679420.0,0.0,7.0,669.0
14307,3.0,3679420.0,翁杏蘭,0.4231518378257752,Q16906600,Geography.Regions.Asia.East_Asia,3679420.0,0.0,7.0,669.0
14308,3.0,3679420.0,翁杏蘭,0.3775506913661957,Q16906600,Culture.Visual_arts.Visual_arts*,3679420.0,0.0,7.0,669.0
14309,3.0,3679420.0,翁杏蘭,0.33459946513175964,Q16906600,Culture.Visual_arts.Fashion,3679420.0,0.0,7.0,669.0
14310,3.0,3679420.0,翁杏蘭,0.25392501258850103,Q16906600,Geography.Regions.Asia.Asia*,3679420.0,0.0,7.0,669.0
14311,13.0,3684528.0,海軍艦隊指揮部,0.9978272914886476,Q15904956,History_and_Society.Society,3684528.0,5854.7179293668505,5.0,2588.0
14312,13.0,3684528.0,海軍艦隊指揮部,0.9879562258720398,Q15904956,Culture.Biography.Biography*,3684528.0,5854.7179293668505,5.0,2588.0
14313,13.0,3684528.0,海軍艦隊指揮部,0.7606606483459473,Q15904956,History_and_Society.Military_and_warfare,3684528.0,5854.7179293668505,5.0,2588.0
14314,13.0,3684528.0,海軍艦隊指揮部,0.4835854640007019,Q15904956,Geography.Regions.Asia.Asia*,3684528.0,5854.7179293668505,5.0,2588.0
14315,13.0,3684528.0,海軍艦隊指揮部,0.4826069941520691,Q15904956,Geography.Regions.Asia.East_Asia,3684528.0,5854.7179293668505,5.0,2588.0
14316,13.0,3684528.0,海軍艦隊指揮部,0.13661839067935946,Q15904956,STEM.STEM*,3684528.0,5854.7179293668505,5.0,2588.0
14317,3.0,3685843.0,曹在顯,0.9976868629455566,Q486241,Culture.Biography.Biography*,3685843.0,1671.1920476072464,13.0,1393.0
14318,3.0,3685843.0,曹在顯,0.32119916582107544,Q486241,Geography.Regions.Asia.East_Asia,3685843.0,1671.1920476072464,13.0,1393.0
14319,3.0,3685843.0,曹在顯,0.15036486291885376,Q486241,Geography.Regions.Asia.Asia*,3685843.0,1671.1920476072464,13.0,1393.0
14320,2.0,3686297.0,王婧,0.989681839942932,Q15907138,Culture.Biography.Biography*,3686297.0,2083.334327978468,4.0,436.0
14321,2.0,3686297.0,王婧,0.4610267877578736,Q15907138,Culture.Biography.Women,3686297.0,2083.334327978468,4.0,436.0
14322,2.0,3686297.0,王婧,0.16027602553367615,Q15907138,Culture.Media.Media*,3686297.0,2083.334327978468,4.0,436.0
14323,2.0,3686297.0,王婧,0.10667316818237303,Q15907138,Geography.Regions.Asia.East_Asia,3686297.0,2083.334327978468,4.0,436.0
14324,2.0,3686297.0,王婧,0.014629947185516357,Q15907138,Geography.Regions.Asia.Asia*,3686297.0,2083.334327978468,4.0,436.0
14325,2.0,3686311.0,陳婉婷 (香港演員),0.984585464000702,Q15080837,Culture.Biography.Biography*,3686311.0,6585.5667794561705,7.0,2939.0
14326,2.0,3686311.0,陳婉婷 (香港演員),0.7490972280502319,Q15080837,Culture.Biography.Women,3686311.0,6585.5667794561705,7.0,2939.0
14327,2.0,3686311.0,陳婉婷 (香港演員),0.3998216390609741,Q15080837,Culture.Visual_arts.Fashion,3686311.0,6585.5667794561705,7.0,2939.0
14328,2.0,3686311.0,陳婉婷 (香港演員),0.2869412174224853,Q15080837,Geography.Regions.Asia.Asia*,3686311.0,6585.5667794561705,7.0,2939.0
14329,2.0,3686311.0,陳婉婷 (香港演員),0.270853506565094,Q15080837,Geography.Regions.Asia.East_Asia,3686311.0,6585.5667794561705,7.0,2939.0
14330,2.0,3686311.0,陳婉婷 (香港演員),0.23371636867523196,Q15080837,Culture.Visual_arts.Visual_arts*,3686311.0,6585.5667794561705,7.0,2939.0
14331,2.0,3699968.0,康子妮,0.9914325475692748,Q15914090,Culture.Biography.Biography*,3699968.0,832.7637248622519,12.0,1771.0
14332,2.0,3699968.0,康子妮,0.5312193632125854,Q15914090,Culture.Biography.Women,3699968.0,832.7637248622519,12.0,1771.0
14333,2.0,3699968.0,康子妮,0.4139109721183777,Q15914090,Geography.Regions.Asia.East_Asia,3699968.0,832.7637248622519,12.0,1771.0
14334,2.0,3699968.0,康子妮,0.32119916582107544,Q15914090,Geography.Regions.Asia.Asia*,3699968.0,832.7637248622519,12.0,1771.0
14335,2.0,3699968.0,康子妮,0.1097157895565033,Q15914090,Culture.Media.Media*,3699968.0,832.7637248622519,12.0,1771.0
14336,4.0,3702176.0,台灣線上遊戲列表,1.0,Q15894837,Compilation.List_Disambig,3702176.0,19465.653402541124,16.0,2920.0
14337,4.0,3702176.0,台灣線上遊戲列表,0.2227101624011993,Q15894837,STEM.STEM*,3702176.0,19465.653402541124,16.0,2920.0
14338,4.0,3702176.0,台灣線上遊戲列表,0.1259327530860901,Q15894837,Culture.Media.Media*,3702176.0,19465.653402541124,16.0,2920.0
14339,4.0,3702176.0,台灣線上遊戲列表,0.10088862478733064,Q15894837,Culture.Sports,3702176.0,19465.653402541124,16.0,2920.0
14340,4.0,3702176.0,台灣線上遊戲列表,0.0,Q15894837,Geography.Regions.Americas.North_America,3702176.0,19465.653402541124,16.0,2920.0
14341,4.0,3702176.0,台灣線上遊戲列表,0.0,Q15894837,Geography.Regions.Europe.Europe*,3702176.0,19465.653402541124,16.0,2920.0
14342,4.0,3702176.0,台灣線上遊戲列表,0.0,Q15894837,Geography.Regions.Asia.Asia*,3702176.0,19465.653402541124,16.0,2920.0
14343,1.0,3705930.0,何守正,1.0000100135803225,Q15929255,Culture.Biography.Biography*,3705930.0,0.0,4.0,1707.0
14344,1.0,3705930.0,何守正,0.812877357006073,Q15929255,History_and_Society.Society,3705930.0,0.0,4.0,1707.0
14345,1.0,3705930.0,何守正,0.6370407938957214,Q15929255,Culture.Sports,3705930.0,0.0,4.0,1707.0
14346,1.0,3705930.0,何守正,0.4914327731132507,Q15929255,Geography.Regions.Asia.East_Asia,3705930.0,0.0,4.0,1707.0
14347,1.0,3705930.0,何守正,0.4810237755775452,Q15929255,Geography.Regions.Asia.Asia*,3705930.0,0.0,4.0,1707.0
14348,33.0,3707361.0,奇異博士,0.9939124584197998,Q907767,Culture.Literature,3707361.0,1354.751036651955,6.0,2466.0
14349,33.0,3707361.0,奇異博士,0.1732981950044632,Q907767,Culture.Media.Media*,3707361.0,1354.751036651955,6.0,2466.0
14350,33.0,3707361.0,奇異博士,0.1520422399044037,Q907767,Culture.Visual_arts.Comics_and_Anime,3707361.0,1354.751036651955,6.0,2466.0
14351,33.0,3707361.0,奇異博士,0.1520422399044037,Q907767,Culture.Visual_arts.Visual_arts*,3707361.0,1354.751036651955,6.0,2466.0
14352,1.0,3708943.0,刘天池,0.9947898983955384,Q15914572,Culture.Biography.Biography*,3708943.0,0.0,12.0,1616.0
14353,1.0,3708943.0,刘天池,0.42531375789642334,Q15914572,Geography.Regions.Asia.East_Asia,3708943.0,0.0,12.0,1616.0
14354,1.0,3708943.0,刘天池,0.3923468291759491,Q15914572,Culture.Biography.Women,3708943.0,0.0,12.0,1616.0
14355,1.0,3708943.0,刘天池,0.3469777574539185,Q15914572,Geography.Regions.Asia.Asia*,3708943.0,0.0,12.0,1616.0
14356,4.0,3712563.0,迈瑞医疗,0.8267217874526978,Q15138136,History_and_Society.Business_and_economics,3712563.0,9426.989694080134,10.0,2440.0
14357,4.0,3712563.0,迈瑞医疗,0.4378334879875183,Q15138136,STEM.STEM*,3712563.0,9426.989694080134,10.0,2440.0
14358,4.0,3712563.0,迈瑞医疗,0.4225146472454071,Q15138136,STEM.Technology,3712563.0,9426.989694080134,10.0,2440.0
14359,4.0,3712563.0,迈瑞医疗,0.3301530351638794,Q15138136,Geography.Regions.Asia.East_Asia,3712563.0,9426.989694080134,10.0,2440.0
14360,4.0,3712563.0,迈瑞医疗,0.21760438585281366,Q15138136,Geography.Regions.Asia.Asia*,3712563.0,9426.989694080134,10.0,2440.0
14361,2.0,3714329.0,小岩井小鳥,0.996837317943573,Q11460022,Culture.Biography.Biography*,3714329.0,3942.0,13.0,2490.0
14362,2.0,3714329.0,小岩井小鳥,0.7981967926025391,Q11460022,Culture.Literature,3714329.0,3942.0,13.0,2490.0
14363,2.0,3714329.0,小岩井小鳥,0.7057950496673584,Q11460022,Culture.Visual_arts.Comics_and_Anime,3714329.0,3942.0,13.0,2490.0
14364,2.0,3714329.0,小岩井小鳥,0.6442351341247559,Q11460022,Culture.Visual_arts.Visual_arts*,3714329.0,3942.0,13.0,2490.0
14365,2.0,3714329.0,小岩井小鳥,0.41490885615348816,Q11460022,Culture.Biography.Women,3714329.0,3942.0,13.0,2490.0
14366,2.0,3714329.0,小岩井小鳥,0.3007555902004242,Q11460022,Culture.Media.Media*,3714329.0,3942.0,13.0,2490.0
14367,2.0,3714329.0,小岩井小鳥,0.21734751760959625,Q11460022,Culture.Media.Video_games,3714329.0,3942.0,13.0,2490.0
14368,2.0,3714329.0,小岩井小鳥,0.19194278120994568,Q11460022,Culture.Internet_culture,3714329.0,3942.0,13.0,2490.0
14369,2.0,3714329.0,小岩井小鳥,0.006821857929229736,Q11460022,Geography.Regions.Asia.Asia*,3714329.0,3942.0,13.0,2490.0
14370,2.0,3714329.0,小岩井小鳥,0.0,Q11460022,Geography.Regions.Asia.East_Asia,3714329.0,3942.0,13.0,2490.0
14371,2.0,3717844.0,倫敦衛生與熱帶醫學院,0.8933194279670715,Q1126189,Geography.Regions.Europe.Northern_Europe,3717844.0,0.0,10.0,1743.0
14372,2.0,3717844.0,倫敦衛生與熱帶醫學院,0.880807101726532,Q1126189,History_and_Society.Education,3717844.0,0.0,10.0,1743.0
14373,2.0,3717844.0,倫敦衛生與熱帶醫學院,0.8479777574539185,Q1126189,Geography.Regions.Europe.Europe*,3717844.0,0.0,10.0,1743.0
14374,7.0,3718439.0,中央国家安全委员会,0.4904325475692749,Q15696243,Geography.Regions.Asia.East_Asia,3718439.0,432.6391189807456,3.0,1854.0
14375,7.0,3718439.0,中央国家安全委员会,0.4849463572502136,Q15696243,Geography.Regions.Asia.Asia*,3718439.0,432.6391189807456,3.0,1854.0
14376,7.0,3718439.0,中央国家安全委员会,0.2069040536880493,Q15696243,History_and_Society.Politics_and_government,3718439.0,432.6391189807456,3.0,1854.0
14377,7.0,3718439.0,中央国家安全委员会,0.12253321707248688,Q15696243,History_and_Society.Business_and_economics,3718439.0,432.6391189807456,3.0,1854.0
14378,7.0,3718439.0,中央国家安全委员会,0.10088862478733064,Q15696243,STEM.STEM*,3718439.0,432.6391189807456,3.0,1854.0
14379,9.0,3719409.0,BABYMETAL,0.8706072568893433,Q11190781,Culture.Biography.Biography*,3719409.0,50502.51720543191,13.0,3404.0
14380,9.0,3719409.0,BABYMETAL,0.8031837940216064,Q11190781,Culture.Media.Media*,3719409.0,50502.51720543191,13.0,3404.0
14381,9.0,3719409.0,BABYMETAL,0.7981967926025391,Q11190781,Culture.Media.Music,3719409.0,50502.51720543191,13.0,3404.0
14382,9.0,3719409.0,BABYMETAL,0.23616819286346435,Q11190781,Geography.Regions.Asia.East_Asia,3719409.0,50502.51720543191,13.0,3404.0
14383,9.0,3719409.0,BABYMETAL,0.1713417043685913,Q11190781,Geography.Regions.Asia.Asia*,3719409.0,50502.51720543191,13.0,3404.0
14384,3.0,3724382.0,鍾孟宏,1.0000100135803225,Q15903922,Culture.Biography.Biography*,3724382.0,849.0810323054393,4.0,2308.0
14385,3.0,3724382.0,鍾孟宏,0.7981967926025391,Q15903922,History_and_Society.Society,3724382.0,849.0810323054393,4.0,2308.0
14386,3.0,3724382.0,鍾孟宏,0.4869562258720398,Q15903922,Geography.Regions.Asia.East_Asia,3724382.0,849.0810323054393,4.0,2308.0
14387,3.0,3724382.0,鍾孟宏,0.4792908897399902,Q15903922,Geography.Regions.Asia.Asia*,3724382.0,849.0810323054393,4.0,2308.0
14388,2.0,3730161.0,切萨皮克和俄亥俄运河,0.991162657737732,Q1070564,Geography.Regions.Americas.North_America,3730161.0,365.97320679208053,5.0,706.0
14389,2.0,3730161.0,切萨皮克和俄亥俄运河,0.3276783227920532,Q1070564,Geography.Geographical,3730161.0,365.97320679208053,5.0,706.0
14390,19.0,3731496.0,雪莉·柏金,0.9992545843124391,Q3267089,Culture.Literature,3731496.0,40.58799236469674,9.0,3872.0
14391,19.0,3731496.0,雪莉·柏金,0.984585464000702,Q3267089,Culture.Media.Video_games,3731496.0,40.58799236469674,9.0,3872.0
14392,19.0,3731496.0,雪莉·柏金,0.9688661694526672,Q3267089,Culture.Internet_culture,3731496.0,40.58799236469674,9.0,3872.0
14393,19.0,3731496.0,雪莉·柏金,0.9648651480674744,Q3267089,Culture.Media.Media*,3731496.0,40.58799236469674,9.0,3872.0
14394,19.0,3731496.0,雪莉·柏金,0.1732981950044632,Q3267089,Culture.Visual_arts.Visual_arts*,3731496.0,40.58799236469674,9.0,3872.0
14395,20.0,3732129.0,我是歌手 (第一季),0.9987257122993468,Q15895417,Culture.Media.Television,3732129.0,51269.54243464172,12.0,2717.0
14396,20.0,3732129.0,我是歌手 (第一季),0.9960646033287048,Q15895417,Culture.Media.Media*,3732129.0,51269.54243464172,12.0,2717.0
14397,20.0,3732129.0,我是歌手 (第一季),0.0,Q15895417,Geography.Regions.Asia.Asia*,3732129.0,51269.54243464172,12.0,2717.0
14398,5.0,3733405.0,錦繡緣華麗冒險,0.9304682612419128,Q15904230,Culture.Media.Television,3733405.0,5221.715152406156,4.0,1946.0
14399,5.0,3733405.0,錦繡緣華麗冒險,0.9263137578964232,Q15904230,Culture.Media.Media*,3733405.0,5221.715152406156,4.0,1946.0
14400,5.0,3733405.0,錦繡緣華麗冒險,0.4659240117073059,Q15904230,Geography.Regions.Asia.East_Asia,3733405.0,5221.715152406156,4.0,1946.0
14401,5.0,3733405.0,錦繡緣華麗冒險,0.4114462008476257,Q15904230,Geography.Regions.Asia.Asia*,3733405.0,5221.715152406156,4.0,1946.0
14402,10.0,3735585.0,切瓦特·艾乔福,0.999506652355194,Q317343,Culture.Biography.Biography*,3735585.0,10521.647464334052,6.0,0.0
14403,10.0,3735585.0,切瓦特·艾乔福,0.2568419873714447,Q317343,Culture.Performing_arts,3735585.0,10521.647464334052,6.0,0.0
14404,10.0,3735585.0,切瓦特·艾乔福,0.2393593490123749,Q317343,Culture.Media.Media*,3735585.0,10521.647464334052,6.0,0.0
14405,10.0,3735585.0,切瓦特·艾乔福,0.11597072333097458,Q317343,Culture.Media.Films,3735585.0,10521.647464334052,6.0,0.0
14406,10.0,3735585.0,切瓦特·艾乔福,0.0,Q317343,Geography.Regions.Europe.Northern_Europe,3735585.0,10521.647464334052,6.0,0.0
14407,10.0,3735585.0,切瓦特·艾乔福,0.0,Q317343,Geography.Regions.Europe.Europe*,3735585.0,10521.647464334052,6.0,0.0
14408,2.0,3738243.0,名偵探柯南：異次元的狙擊手,0.9859463572502136,Q15279283,Culture.Media.Media*,3738243.0,0.0,13.0,2442.0
14409,2.0,3738243.0,名偵探柯南：異次元的狙擊手,0.9808859825134276,Q15279283,Culture.Media.Films,3738243.0,0.0,13.0,2442.0
14410,2.0,3738243.0,名偵探柯南：異次元的狙擊手,0.9566442370414734,Q15279283,Culture.Visual_arts.Comics_and_Anime,3738243.0,0.0,13.0,2442.0
14411,2.0,3738243.0,名偵探柯南：異次元的狙擊手,0.9399233460426332,Q15279283,Culture.Visual_arts.Visual_arts*,3738243.0,0.0,13.0,2442.0
14412,2.0,3738243.0,名偵探柯南：異次元的狙擊手,0.9381340146064758,Q15279283,Culture.Literature,3738243.0,0.0,13.0,2442.0
14413,2.0,3738243.0,名偵探柯南：異次元的狙擊手,0.40093068981170654,Q15279283,Geography.Regions.Asia.East_Asia,3738243.0,0.0,13.0,2442.0
14414,2.0,3738243.0,名偵探柯南：異次元的狙擊手,0.37980710172653204,Q15279283,Geography.Regions.Asia.Asia*,3738243.0,0.0,13.0,2442.0
14415,3.0,3739170.0,1998年热带风暴赫敏,0.6723417043685913,Q3517894,STEM.Earth_and_environment,3739170.0,81.53148410043183,5.0,1054.0
14416,3.0,3739170.0,1998年热带风暴赫敏,0.6584275364875793,Q3517894,STEM.STEM*,3739170.0,81.53148410043183,5.0,1054.0
14417,3.0,3739170.0,1998年热带风暴赫敏,0.19826446676254272,Q3517894,Geography.Regions.Americas.North_America,3739170.0,81.53148410043183,5.0,1054.0
14418,3.0,3739170.0,1998年热带风暴赫敏,0.0,Q3517894,Geography.Regions.Americas.Central_America,3739170.0,81.53148410043183,5.0,1054.0
14419,1.0,3739279.0,莫桑比克航空470號班機空難,0.98678719997406,Q15260756,History_and_Society.Transportation,3739279.0,0.0,5.0,1160.0
14420,1.0,3739279.0,莫桑比克航空470號班機空難,0.9836069941520692,Q15260756,STEM.Engineering,3739279.0,0.0,5.0,1160.0
14421,1.0,3739279.0,莫桑比克航空470號班機空難,0.9820237755775452,Q15260756,STEM.STEM*,3739279.0,0.0,5.0,1160.0
14422,1.0,3739279.0,莫桑比克航空470號班機空難,0.8558611869812012,Q15260756,Geography.Regions.Africa.Africa*,3739279.0,0.0,5.0,1160.0
14423,1.0,3739279.0,莫桑比克航空470號班機空難,0.7490972280502319,Q15260756,History_and_Society.Politics_and_government,3739279.0,0.0,5.0,1160.0
14424,1.0,3739279.0,莫桑比克航空470號班機空難,0.1520422399044037,Q15260756,History_and_Society.Society,3739279.0,0.0,5.0,1160.0
14425,1.0,3739279.0,莫桑比克航空470號班機空難,0.14034625887870789,Q15260756,History_and_Society.Military_and_warfare,3739279.0,0.0,5.0,1160.0
14426,1.0,3739279.0,莫桑比克航空470號班機空難,0.10088862478733064,Q15260756,Geography.Regions.Asia.Asia*,3739279.0,0.0,5.0,1160.0
14427,3.0,3739340.0,684部隊,0.9983093142509459,Q4666137,History_and_Society.Military_and_warfare,3739340.0,0.0,1.0,3119.0
14428,3.0,3739340.0,684部隊,0.3548611869812012,Q4666137,Geography.Regions.Asia.Asia*,3739340.0,0.0,1.0,3119.0
14429,3.0,3739340.0,684部隊,0.12878464365005493,Q4666137,Geography.Regions.Asia.East_Asia,3739340.0,0.0,1.0,3119.0
14430,3.0,3739340.0,684部隊,0.10088862478733064,Q4666137,History_and_Society.Politics_and_government,3739340.0,0.0,1.0,3119.0
14431,5.0,3753356.0,徐榛蔚,1.0000100135803225,Q28418899,Culture.Biography.Biography*,3753356.0,4304.355692595196,2.0,1574.0
14432,5.0,3753356.0,徐榛蔚,1.0000100135803225,Q28418899,History_and_Society.Society,3753356.0,4304.355692595196,2.0,1574.0
14433,5.0,3753356.0,徐榛蔚,0.8962613940238953,Q28418899,Culture.Biography.Women,3753356.0,4304.355692595196,2.0,1574.0
14434,5.0,3753356.0,徐榛蔚,0.4976850023269653,Q28418899,Geography.Regions.Asia.East_Asia,3753356.0,4304.355692595196,2.0,1574.0
14435,5.0,3753356.0,徐榛蔚,0.4953027834892273,Q28418899,Geography.Regions.Asia.Asia*,3753356.0,4304.355692595196,2.0,1574.0
14436,5.0,3753425.0,最强大脑,0.9324633479118348,Q5915067,Culture.Media.Television,3753425.0,11912.098240788999,12.0,2539.0
14437,5.0,3753425.0,最强大脑,0.91965252161026,Q5915067,Culture.Media.Media*,3753425.0,11912.098240788999,12.0,2539.0
14438,5.0,3753425.0,最强大脑,0.4231518378257752,Q5915067,Geography.Regions.Asia.East_Asia,3753425.0,11912.098240788999,12.0,2539.0
14439,5.0,3753425.0,最强大脑,0.3301530351638794,Q5915067,Geography.Regions.Asia.Asia*,3753425.0,11912.098240788999,12.0,2539.0
14440,1.0,3753600.0,林祖儀,0.9732507467269896,Q15911191,History_and_Society.Society,3753600.0,0.0,11.0,1815.0
14441,1.0,3753600.0,林祖儀,0.9688661694526672,Q15911191,Culture.Biography.Biography*,3753600.0,0.0,11.0,1815.0
14442,1.0,3753600.0,林祖儀,0.4714247455596924,Q15911191,Geography.Regions.Asia.East_Asia,3753600.0,0.0,11.0,1815.0
14443,1.0,3753600.0,林祖儀,0.4649096002578735,Q15911191,Geography.Regions.Asia.Asia*,3753600.0,0.0,11.0,1815.0
14444,19.0,3756612.0,赤道 (電影),0.9820237755775452,Q15356454,Culture.Media.Media*,3756612.0,15121.739471478306,12.0,4553.0
14445,19.0,3756612.0,赤道 (電影),0.9770326614379884,Q15356454,Culture.Media.Films,3756612.0,15121.739471478306,12.0,4553.0
14446,19.0,3756612.0,赤道 (電影),0.3429050912857056,Q15356454,Geography.Regions.Asia.Asia*,3756612.0,15121.739471478306,12.0,4553.0
14447,19.0,3756612.0,赤道 (電影),0.2921159734725952,Q15356454,Geography.Regions.Asia.East_Asia,3756612.0,15121.739471478306,12.0,4553.0
14448,2.0,3756692.0,王維中,1.0000100135803225,Q15954609,Culture.Biography.Biography*,3756692.0,0.0,4.0,978.0
14449,2.0,3756692.0,王維中,0.9973783493041992,Q15954609,Culture.Sports,3756692.0,0.0,4.0,978.0
14450,2.0,3756692.0,王維中,0.3557848632335663,Q15954609,History_and_Society.Society,3756692.0,0.0,4.0,978.0
14451,2.0,3756692.0,王維中,0.13604079389572146,Q15954609,Geography.Regions.Asia.East_Asia,3756692.0,0.0,4.0,978.0
14452,2.0,3756692.0,王維中,0.06886266374588013,Q15954609,Geography.Regions.Asia.Asia*,3756692.0,0.0,4.0,978.0
14453,7.0,3764455.0,哈比人：五軍之戰,0.9958112239837646,Q919649,Culture.Media.Films,3764455.0,14247.560378208556,1.0,2006.0
14454,7.0,3764455.0,哈比人：五軍之戰,0.9942797422409058,Q919649,Culture.Media.Media*,3764455.0,14247.560378208556,1.0,2006.0
14455,7.0,3764455.0,哈比人：五軍之戰,0.1824355274438858,Q919649,Culture.Media.Entertainment,3764455.0,14247.560378208556,1.0,2006.0
14456,7.0,3764455.0,哈比人：五軍之戰,0.10088862478733064,Q919649,Culture.Literature,3764455.0,14247.560378208556,1.0,2006.0
14457,7.0,3764455.0,哈比人：五軍之戰,0.0,Q919649,Geography.Regions.Oceania,3764455.0,14247.560378208556,1.0,2006.0
14458,7.0,3764455.0,哈比人：五軍之戰,0.0,Q919649,Geography.Regions.Americas.North_America,3764455.0,14247.560378208556,1.0,2006.0
14459,2.0,3764791.0,時任三郎,0.989681839942932,Q7396496,Culture.Biography.Biography*,3764791.0,2150.019237825145,13.0,1894.0
14460,2.0,3764791.0,時任三郎,0.23006861114501956,Q7396496,Geography.Regions.Asia.East_Asia,3764791.0,2150.019237825145,13.0,1894.0
14461,2.0,3764791.0,時任三郎,0.23006861114501956,Q7396496,Geography.Regions.Asia.Asia*,3764791.0,2150.019237825145,13.0,1894.0
14462,2.0,3764791.0,時任三郎,0.2069040536880493,Q7396496,Culture.Media.Media*,3764791.0,2150.019237825145,13.0,1894.0
14463,1.0,3767033.0,乌尔苏拉·冯德莱恩,0.9926641583442688,Q60772,Culture.Biography.Biography*,3767033.0,0.0,1.0,3783.0
14464,1.0,3767033.0,乌尔苏拉·冯德莱恩,0.6442351341247559,Q60772,Culture.Biography.Women,3767033.0,0.0,1.0,3783.0
14465,1.0,3767033.0,乌尔苏拉·冯德莱恩,0.19165198707580566,Q60772,Geography.Regions.Europe.Europe*,3767033.0,0.0,1.0,3783.0
14466,1.0,3767033.0,乌尔苏拉·冯德莱恩,0.06118653917312623,Q60772,Geography.Regions.Europe.Western_Europe,3767033.0,0.0,1.0,3783.0
14467,7.0,3768403.0,女人30情定水舞間,1.0000100135803225,Q15897377,Culture.Biography.Biography*,3768403.0,11323.444064317857,4.0,2636.0
14468,7.0,3768403.0,女人30情定水舞間,0.99567848443985,Q15897377,History_and_Society.Society,3768403.0,11323.444064317857,4.0,2636.0
14469,7.0,3768403.0,女人30情定水舞間,0.9899964332580566,Q15897377,Culture.Media.Media*,3768403.0,11323.444064317857,4.0,2636.0
14470,7.0,3768403.0,女人30情定水舞間,0.9790457487106324,Q15897377,Culture.Media.Television,3768403.0,11323.444064317857,4.0,2636.0
14471,7.0,3768403.0,女人30情定水舞間,0.4959346523284912,Q15897377,Geography.Regions.Asia.East_Asia,3768403.0,11323.444064317857,4.0,2636.0
14472,7.0,3768403.0,女人30情定水舞間,0.4929124584197998,Q15897377,Geography.Regions.Asia.Asia*,3768403.0,11323.444064317857,4.0,2636.0
14473,4.0,3773105.0,空警-500,0.9916942119598388,Q48839642,STEM.STEM*,3773105.0,0.0,5.0,1488.0
14474,4.0,3773105.0,空警-500,0.9908843636512756,Q48839642,STEM.Engineering,3773105.0,0.0,5.0,1488.0
14475,4.0,3773105.0,空警-500,0.9905974268913268,Q48839642,History_and_Society.Transportation,3773105.0,0.0,5.0,1488.0
14476,4.0,3773105.0,空警-500,0.18714269995689392,Q48839642,History_and_Society.Military_and_warfare,3773105.0,0.0,5.0,1488.0
14477,4.0,3773105.0,空警-500,0.0,Q48839642,Geography.Regions.Asia.Asia*,3773105.0,0.0,5.0,1488.0
14478,4.0,3773105.0,空警-500,0.0,Q48839642,Geography.Regions.Asia.East_Asia,3773105.0,0.0,5.0,1488.0
14479,13.0,3775649.0,台灣虎航,0.9972950220108032,Q15434492,Culture.Biography.Biography*,3775649.0,6395.648646369399,10.0,3213.0
14480,13.0,3775649.0,台灣虎航,0.99567848443985,Q15434492,History_and_Society.Society,3775649.0,6395.648646369399,10.0,3213.0
14481,13.0,3775649.0,台灣虎航,0.880807101726532,Q15434492,STEM.STEM*,3775649.0,6395.648646369399,10.0,3213.0
14482,13.0,3775649.0,台灣虎航,0.8080772161483765,Q15434492,History_and_Society.Transportation,3775649.0,6395.648646369399,10.0,3213.0
14483,13.0,3775649.0,台灣虎航,0.7773098945617676,Q15434492,STEM.Engineering,3775649.0,6395.648646369399,10.0,3213.0
14484,13.0,3775649.0,台灣虎航,0.6370407938957214,Q15434492,History_and_Society.Business_and_economics,3775649.0,6395.648646369399,10.0,3213.0
14485,13.0,3775649.0,台灣虎航,0.4936250915527344,Q15434492,Geography.Regions.Asia.East_Asia,3775649.0,6395.648646369399,10.0,3213.0
14486,13.0,3775649.0,台灣虎航,0.4845064153671265,Q15434492,Geography.Regions.Asia.Asia*,3775649.0,6395.648646369399,10.0,3213.0
14487,2.0,3777804.0,分手大师,0.9770326614379884,Q15818203,Culture.Media.Media*,3777804.0,1453.4677321811855,7.0,2019.0
14488,2.0,3777804.0,分手大师,0.9770326614379884,Q15818203,Culture.Media.Films,3777804.0,1453.4677321811855,7.0,2019.0
14489,2.0,3777804.0,分手大师,0.3696072568893433,Q15818203,Geography.Regions.Asia.East_Asia,3777804.0,1453.4677321811855,7.0,2019.0
14490,2.0,3777804.0,分手大师,0.3624016513824463,Q15818203,Geography.Regions.Asia.Asia*,3777804.0,1453.4677321811855,7.0,2019.0
14491,1.0,3778705.0,S-終極警官,1.0000100135803225,Q11245389,Culture.Literature,3778705.0,0.0,13.0,1620.0
14492,1.0,3778705.0,S-終極警官,0.99745911359787,Q11245389,Culture.Visual_arts.Visual_arts*,3778705.0,0.0,13.0,1620.0
14493,1.0,3778705.0,S-終極警官,0.9958112239837646,Q11245389,Culture.Visual_arts.Comics_and_Anime,3778705.0,0.0,13.0,1620.0
14494,1.0,3778705.0,S-終極警官,0.3702353835105896,Q11245389,Culture.Media.Media*,3778705.0,0.0,13.0,1620.0
14495,1.0,3778705.0,S-終極警官,0.12253321707248688,Q11245389,Culture.Media.Entertainment,3778705.0,0.0,13.0,1620.0
14496,1.0,3779979.0,1950年加利福尼亚州联邦参议员选举,0.9966334104537964,Q7891408,History_and_Society.Politics_and_government,3779979.0,0.0,1.0,1709.0
14497,1.0,3779979.0,1950年加利福尼亚州联邦参议员选举,0.4990100135803223,Q7891408,Geography.Regions.Americas.North_America,3779979.0,0.0,1.0,1709.0
14498,19.0,3781323.0,周浩鼎,0.9284188151359558,Q15940901,Culture.Biography.Biography*,3781323.0,4666.979601083583,3.0,1922.0
14499,19.0,3781323.0,周浩鼎,0.3070772161483765,Q15940901,Geography.Regions.Asia.Asia*,3781323.0,4666.979601083583,3.0,1922.0
14500,19.0,3781323.0,周浩鼎,0.2816725244522095,Q15940901,Geography.Regions.Asia.East_Asia,3781323.0,4666.979601083583,3.0,1922.0
14501,3.0,3781683.0,洪詩,0.9993836879730223,Q16076120,Culture.Biography.Biography*,3781683.0,4506.049253864179,4.0,2246.0
14502,3.0,3781683.0,洪詩,0.8031837940216064,Q16076120,Culture.Biography.Women,3781683.0,4506.049253864179,4.0,2246.0
14503,3.0,3781683.0,洪詩,0.3893042674064636,Q16076120,Geography.Regions.Asia.East_Asia,3781683.0,4506.049253864179,4.0,2246.0
14504,3.0,3781683.0,洪詩,0.3548611869812012,Q16076120,Geography.Regions.Asia.Asia*,3781683.0,4506.049253864179,4.0,2246.0
14505,3.0,3781683.0,洪詩,0.3007555902004242,Q16076120,History_and_Society.Society,3781683.0,4506.049253864179,4.0,2246.0
14506,3.0,3781683.0,洪詩,0.23371636867523196,Q16076120,Culture.Media.Media*,3781683.0,4506.049253864179,4.0,2246.0
14507,3.0,3781683.0,洪詩,0.14034625887870789,Q16076120,Culture.Media.Music,3781683.0,4506.049253864179,4.0,2246.0
14508,10.0,3782677.0,加勒比海盗5：死无对证,0.9976133108139038,Q10350033,Culture.Media.Films,3782677.0,30496.155916058244,5.0,5585.0
14509,10.0,3782677.0,加勒比海盗5：死无对证,0.994098961353302,Q10350033,Culture.Media.Media*,3782677.0,30496.155916058244,5.0,5585.0
14510,10.0,3782677.0,加勒比海盗5：死无对证,0.13661839067935946,Q10350033,Culture.Literature,3782677.0,30496.155916058244,5.0,5585.0
14511,10.0,3782677.0,加勒比海盗5：死无对证,0.0,Q10350033,Geography.Regions.Americas.North_America,3782677.0,30496.155916058244,5.0,5585.0
14512,5.0,3784654.0,我为喜剧狂 (第2季),0.946606695652008,Q858971,Culture.Media.Television,3784654.0,6766.315418807601,6.0,898.0
14513,5.0,3784654.0,我为喜剧狂 (第2季),0.9381340146064758,Q858971,Culture.Media.Media*,3784654.0,6766.315418807601,6.0,898.0
14514,5.0,3784654.0,我为喜剧狂 (第2季),0.8991314172744751,Q858971,Culture.Media.Entertainment,3784654.0,6766.315418807601,6.0,898.0
14515,5.0,3784654.0,我为喜剧狂 (第2季),0.0,Q858971,Geography.Regions.Americas.North_America,3784654.0,6766.315418807601,6.0,898.0
14516,20.0,3784693.0,中信兄弟,0.9947898983955384,Q707656,Culture.Biography.Biography*,3784693.0,13557.388798637678,4.0,4174.0
14517,20.0,3784693.0,中信兄弟,0.9808859825134276,Q707656,History_and_Society.Society,3784693.0,13557.388798637678,4.0,4174.0
14518,20.0,3784693.0,中信兄弟,0.8519628047943115,Q707656,Culture.Sports,3784693.0,13557.388798637678,4.0,4174.0
14519,20.0,3784693.0,中信兄弟,0.4853731861114502,Q707656,Geography.Regions.Asia.East_Asia,3784693.0,13557.388798637678,4.0,4174.0
14520,20.0,3784693.0,中信兄弟,0.4543291201591492,Q707656,Geography.Regions.Asia.Asia*,3784693.0,13557.388798637678,4.0,4174.0
14521,3.0,3786929.0,孫汝恩,0.8933194279670715,Q12602721,Culture.Biography.Biography*,3786929.0,1799.359716729942,0.0,2354.0
14522,3.0,3786929.0,孫汝恩,0.6297846436500549,Q12602721,Culture.Biography.Women,3786929.0,1799.359716729942,0.0,2354.0
14523,3.0,3786929.0,孫汝恩,0.16442059183120727,Q12602721,Geography.Regions.Asia.East_Asia,3786929.0,1799.359716729942,0.0,2354.0
14524,3.0,3786929.0,孫汝恩,0.0991983880996704,Q12602721,Geography.Regions.Asia.Asia*,3786929.0,1799.359716729942,0.0,2354.0
14525,1.0,3795951.0,艾莉克西斯·納普,0.9990402460098268,Q2156744,Culture.Biography.Biography*,3795951.0,0.0,6.0,1361.0
14526,1.0,3795951.0,艾莉克西斯·納普,0.9579222798347472,Q2156744,Culture.Biography.Women,3795951.0,0.0,6.0,1361.0
14527,1.0,3795951.0,艾莉克西斯·納普,0.0,Q2156744,Geography.Regions.Americas.North_America,3795951.0,0.0,6.0,1361.0
14528,1.0,3795951.0,艾莉克西斯·納普,0.0,Q2156744,Geography.Regions.Europe.Europe*,3795951.0,0.0,6.0,1361.0
14529,1.0,3796619.0,陳靜 (演員),0.9990700483322144,Q5530706,Culture.Biography.Biography*,3796619.0,0.0,6.0,2717.0
14530,1.0,3796619.0,陳靜 (演員),0.8479777574539185,Q5530706,Culture.Biography.Women,3796619.0,0.0,6.0,2717.0
14531,1.0,3796619.0,陳靜 (演員),0.14805719256401062,Q5530706,Culture.Media.Media*,3796619.0,0.0,6.0,2717.0
14532,1.0,3796619.0,陳靜 (演員),0.1294127255678177,Q5530706,Culture.Media.Television,3796619.0,0.0,6.0,2717.0
14533,1.0,3796619.0,陳靜 (演員),0.0,Q5530706,Geography.Regions.Europe.Northern_Europe,3796619.0,0.0,6.0,2717.0
14534,1.0,3796619.0,陳靜 (演員),0.0,Q5530706,Geography.Regions.Europe.Europe*,3796619.0,0.0,6.0,2717.0
14535,3.0,3801545.0,伍允龍,0.9995927214622498,Q7184140,Culture.Biography.Biography*,3801545.0,1892.7550249626354,12.0,2477.0
14536,3.0,3801545.0,伍允龍,0.7057950496673584,Q7184140,Culture.Sports,3801545.0,1892.7550249626354,12.0,2477.0
14537,3.0,3801545.0,伍允龍,0.0,Q7184140,Geography.Regions.Asia.Asia*,3801545.0,1892.7550249626354,12.0,2477.0
14538,3.0,3801545.0,伍允龍,0.0,Q7184140,Geography.Regions.Asia.East_Asia,3801545.0,1892.7550249626354,12.0,2477.0
14539,3.0,3801545.0,伍允龍,0.0,Q7184140,Geography.Regions.Americas.North_America,3801545.0,1892.7550249626354,12.0,2477.0
14540,1.0,3802298.0,無情的情書,0.9995517134666444,Q15916489,Culture.Media.Media*,3802298.0,0.0,4.0,642.0
14541,1.0,3802298.0,無情的情書,0.9995371699333192,Q15916489,Culture.Media.Music,3802298.0,0.0,4.0,642.0
14542,1.0,3802298.0,無情的情書,0.4225146472454071,Q15916489,History_and_Society.Society,3802298.0,0.0,4.0,642.0
14543,1.0,3802298.0,無情的情書,0.22388027811050412,Q15916489,Geography.Regions.Asia.Asia*,3802298.0,0.0,4.0,642.0
14544,1.0,3802298.0,無情的情書,0.15742753648757934,Q15916489,Geography.Regions.Asia.East_Asia,3802298.0,0.0,4.0,642.0
14545,8.0,3806723.0,嫁妝 (電視劇),0.8519628047943115,Q15908431,Culture.Media.Television,3806723.0,4738.251433869833,4.0,2503.0
14546,8.0,3806723.0,嫁妝 (電視劇),0.7773098945617676,Q15908431,Culture.Media.Media*,3806723.0,4738.251433869833,4.0,2503.0
14547,8.0,3806723.0,嫁妝 (電視劇),0.0,Q15908431,Geography.Regions.Asia.Asia*,3806723.0,4738.251433869833,4.0,2503.0
14548,4.0,3813613.0,张超 (歌手),0.9890230894088744,Q15908798,Culture.Biography.Biography*,3813613.0,5026.759351734115,7.0,4203.0
14549,4.0,3813613.0,张超 (歌手),0.1713417043685913,Q15908798,Geography.Regions.Asia.Asia*,3813613.0,5026.759351734115,7.0,4203.0
14550,4.0,3813613.0,张超 (歌手),0.16452647745609286,Q15908798,Culture.Media.Media*,3813613.0,5026.759351734115,7.0,4203.0
14551,4.0,3813613.0,张超 (歌手),0.06118653917312623,Q15908798,Geography.Regions.Asia.East_Asia,3813613.0,5026.759351734115,7.0,4203.0
14552,1.0,3821271.0,我們的天空,0.9796776771545409,Q17025269,Culture.Media.Media*,3821271.0,0.0,3.0,904.0
14553,1.0,3821271.0,我們的天空,0.9688661694526672,Q17025269,Culture.Media.Television,3821271.0,0.0,3.0,904.0
14554,1.0,3821271.0,我們的天空,0.3548611869812012,Q17025269,Geography.Regions.Asia.Asia*,3821271.0,0.0,3.0,904.0
14555,1.0,3821271.0,我們的天空,0.3429050912857056,Q17025269,Geography.Regions.Asia.East_Asia,3821271.0,0.0,3.0,904.0
14556,3.0,3821802.0,大夢想家,0.9989450573921204,Q3474574,Culture.Media.Films,3821802.0,3999.087360860988,6.0,4342.0
14557,3.0,3821802.0,大夢想家,0.9973783493041992,Q3474574,Culture.Media.Media*,3821802.0,3999.087360860988,6.0,4342.0
14558,3.0,3821802.0,大夢想家,0.0,Q3474574,Geography.Regions.Americas.North_America,3821802.0,3999.087360860988,6.0,4342.0
14559,3.0,3824810.0,愛上兩個我,1.0000100135803225,Q16078535,Culture.Biography.Biography*,3824810.0,3795.272378993475,2.0,2098.0
14560,3.0,3824810.0,愛上兩個我,0.9919480085372924,Q16078535,History_and_Society.Society,3824810.0,3795.272378993475,2.0,2098.0
14561,3.0,3824810.0,愛上兩個我,0.9777238368988036,Q16078535,Culture.Media.Media*,3824810.0,3795.272378993475,2.0,2098.0
14562,3.0,3824810.0,愛上兩個我,0.9073222279548644,Q16078535,Culture.Media.Television,3824810.0,3795.272378993475,2.0,2098.0
14563,3.0,3824810.0,愛上兩個我,0.4942548146247864,Q16078535,Geography.Regions.Asia.East_Asia,3824810.0,3795.272378993475,2.0,2098.0
14564,3.0,3824810.0,愛上兩個我,0.4898843636512756,Q16078535,Geography.Regions.Asia.Asia*,3824810.0,3795.272378993475,2.0,2098.0
14565,11.0,3836352.0,蔣中正之死,0.8479777574539185,Q16075776,Culture.Biography.Biography*,3836352.0,14978.460823610048,5.0,2437.0
14566,11.0,3836352.0,蔣中正之死,0.5621865391731262,Q16075776,History_and_Society.Politics_and_government,3836352.0,14978.460823610048,5.0,2437.0
14567,11.0,3836352.0,蔣中正之死,0.1294127255678177,Q16075776,History_and_Society.Military_and_warfare,3836352.0,14978.460823610048,5.0,2437.0
14568,11.0,3836352.0,蔣中正之死,0.10088862478733064,Q16075776,History_and_Society.Society,3836352.0,14978.460823610048,5.0,2437.0
14569,11.0,3836352.0,蔣中正之死,0.0,Q16075776,Geography.Regions.Americas.North_America,3836352.0,14978.460823610048,5.0,2437.0
14570,11.0,3836352.0,蔣中正之死,0.0,Q16075776,Geography.Regions.Europe.Europe*,3836352.0,14978.460823610048,5.0,2437.0
14571,11.0,3836352.0,蔣中正之死,0.0,Q16075776,Geography.Regions.Asia.Asia*,3836352.0,14978.460823610048,5.0,2437.0
14572,11.0,3836352.0,蔣中正之死,0.0,Q16075776,Geography.Regions.Europe.Northern_Europe,3836352.0,14978.460823610048,5.0,2437.0
14573,2.0,3837508.0,周永康案,0.5544804334640503,Q17023445,History_and_Society.Politics_and_government,3837508.0,199.3645706740876,2.0,2772.0
14574,2.0,3837508.0,周永康案,0.270853506565094,Q17023445,Geography.Regions.Asia.Asia*,3837508.0,199.3645706740876,2.0,2772.0
14575,2.0,3837508.0,周永康案,0.16442059183120727,Q17023445,Geography.Regions.Asia.East_Asia,3837508.0,199.3645706740876,2.0,2772.0
14576,2.0,3837508.0,周永康案,0.11597072333097458,Q17023445,Culture.Biography.Biography*,3837508.0,199.3645706740876,2.0,2772.0
14577,2.0,3839803.0,方昶詠,0.9637899398803712,Q16905199,Culture.Biography.Biography*,3839803.0,0.0,4.0,2084.0
14578,2.0,3839803.0,方昶詠,0.951152205467224,Q16905199,Culture.Sports,3839803.0,0.0,4.0,2084.0
14579,2.0,3839803.0,方昶詠,0.19826446676254272,Q16905199,Geography.Regions.Asia.East_Asia,3839803.0,0.0,4.0,2084.0
14580,2.0,3839803.0,方昶詠,0.12878464365005493,Q16905199,Geography.Regions.Asia.Asia*,3839803.0,0.0,4.0,2084.0
14581,1.0,3841254.0,聶雲,0.99593985080719,Q16336206,Culture.Biography.Biography*,3841254.0,0.0,4.0,2169.0
14582,1.0,3841254.0,聶雲,0.16027602553367615,Q16336206,History_and_Society.Society,3841254.0,0.0,4.0,2169.0
14583,1.0,3841254.0,聶雲,0.11280541121959685,Q16336206,Culture.Media.Media*,3841254.0,0.0,4.0,2169.0
14584,1.0,3841254.0,聶雲,0.0,Q16336206,Geography.Regions.Asia.Asia*,3841254.0,0.0,4.0,2169.0
14585,1.0,3843428.0,SSBT OD05 OMNIBUS ACCOUNT - TREATY CLIENTS,0.6370407938957214,Q4806151,History_and_Society.Business_and_economics,3843428.0,0.0,13.0,1526.0
14586,1.0,3843428.0,SSBT OD05 OMNIBUS ACCOUNT - TREATY CLIENTS,0.2393593490123749,Q4806151,STEM.STEM*,3843428.0,0.0,13.0,1526.0
14587,1.0,3843428.0,SSBT OD05 OMNIBUS ACCOUNT - TREATY CLIENTS,0.0,Q4806151,Geography.Regions.Americas.North_America,3843428.0,0.0,13.0,1526.0
14588,1.0,3843764.0,王晶文,1.0000100135803225,Q16077504,History_and_Society.Society,3843764.0,0.0,12.0,1599.0
14589,1.0,3843764.0,王晶文,1.0000100135803225,Q16077504,Culture.Biography.Biography*,3843764.0,0.0,12.0,1599.0
14590,1.0,3843764.0,王晶文,0.4986300339698792,Q16077504,Geography.Regions.Asia.East_Asia,3843764.0,0.0,12.0,1599.0
14591,1.0,3843764.0,王晶文,0.4970832934379578,Q16077504,Geography.Regions.Asia.Asia*,3843764.0,0.0,12.0,1599.0
14592,5.0,3884569.0,2014年昆明火车站暴力恐怖袭击事件,0.9263137578964232,Q15856657,Geography.Regions.Asia.Asia*,3884569.0,10389.677149143543,10.0,2923.0
14593,5.0,3884569.0,2014年昆明火车站暴力恐怖袭击事件,0.9219318628311156,Q15856657,Geography.Regions.Asia.East_Asia,3884569.0,10389.677149143543,10.0,2923.0
14594,5.0,3884569.0,2014年昆明火车站暴力恐怖袭击事件,0.8933194279670715,Q15856657,History_and_Society.Politics_and_government,3884569.0,10389.677149143543,10.0,2923.0
14595,5.0,3884569.0,2014年昆明火车站暴力恐怖袭击事件,0.2069040536880493,Q15856657,Culture.Philosophy_and_religion,3884569.0,10389.677149143543,10.0,2923.0
14596,5.0,3884569.0,2014年昆明火车站暴力恐怖袭击事件,0.1259327530860901,Q15856657,History_and_Society.Military_and_warfare,3884569.0,10389.677149143543,10.0,2923.0
14597,5.0,3884569.0,2014年昆明火车站暴力恐怖袭击事件,0.11280541121959685,Q15856657,STEM.STEM*,3884569.0,10389.677149143543,10.0,2923.0
14598,2.0,3890052.0,帝吧,0.16886694729328156,Q59174576,History_and_Society.Politics_and_government,3890052.0,3942.0,3.0,1731.0
14599,2.0,3890052.0,帝吧,0.16452647745609286,Q59174576,STEM.STEM*,3890052.0,3942.0,3.0,1731.0
14600,2.0,3890052.0,帝吧,0.1259327530860901,Q59174576,Culture.Internet_culture,3890052.0,3942.0,3.0,1731.0
14601,2.0,3890052.0,帝吧,0.10088862478733064,Q59174576,History_and_Society.Society,3890052.0,3942.0,3.0,1731.0
14602,2.0,3890052.0,帝吧,0.0,Q59174576,Geography.Regions.Asia.East_Asia,3890052.0,3942.0,3.0,1731.0
14603,2.0,3890052.0,帝吧,0.0,Q59174576,Geography.Regions.Asia.Asia*,3890052.0,3942.0,3.0,1731.0
14604,7.0,3890315.0,亚伦·保尔,1.0000100135803225,Q302491,Culture.Biography.Biography*,3890315.0,23238.382955285186,11.0,3253.0
14605,7.0,3890315.0,亚伦·保尔,0.24509501457214355,Q302491,Culture.Media.Media*,3890315.0,23238.382955285186,11.0,3253.0
14606,7.0,3890315.0,亚伦·保尔,0.0,Q302491,Geography.Regions.Americas.North_America,3890315.0,23238.382955285186,11.0,3253.0
14607,7.0,3890315.0,亚伦·保尔,0.0,Q302491,Geography.Regions.Europe.Europe*,3890315.0,23238.382955285186,11.0,3253.0
14608,2.0,3898650.0,帕翠西娅·维拉奎兹,0.99753737449646,Q240901,Culture.Biography.Biography*,3898650.0,193.9725076093902,6.0,1638.0
14609,2.0,3898650.0,帕翠西娅·维拉奎兹,0.7606606483459473,Q240901,Culture.Biography.Women,3898650.0,193.9725076093902,6.0,1638.0
14610,2.0,3898650.0,帕翠西娅·维拉奎兹,0.3073680400848389,Q240901,History_and_Society.Society,3898650.0,193.9725076093902,6.0,1638.0
14611,2.0,3898650.0,帕翠西娅·维拉奎兹,0.1520422399044037,Q240901,Culture.Visual_arts.Visual_arts*,3898650.0,193.9725076093902,6.0,1638.0
14612,2.0,3898650.0,帕翠西娅·维拉奎兹,0.1259327530860901,Q240901,Culture.Media.Media*,3898650.0,193.9725076093902,6.0,1638.0
14613,2.0,3898650.0,帕翠西娅·维拉奎兹,0.0,Q240901,Geography.Regions.Americas.South_America,3898650.0,193.9725076093902,6.0,1638.0
14614,2.0,3898650.0,帕翠西娅·维拉奎兹,0.0,Q240901,Geography.Regions.Americas.North_America,3898650.0,193.9725076093902,6.0,1638.0
14615,2.0,3898650.0,帕翠西娅·维拉奎兹,0.0,Q240901,Geography.Regions.Europe.Europe*,3898650.0,193.9725076093902,6.0,1638.0
14616,5.0,3898673.0,阿诺德·沃斯洛,1.0000100135803225,Q297739,Culture.Biography.Biography*,3898673.0,3208.67729616892,6.0,1234.0
14617,1.0,3898966.0,艾玛·罗伯茨,0.9988405108451844,Q228598,Culture.Biography.Biography*,3898966.0,0.0,6.0,2434.0
14618,1.0,3898966.0,艾玛·罗伯茨,0.8080772161483765,Q228598,Culture.Biography.Women,3898966.0,0.0,6.0,2434.0
14619,1.0,3898966.0,艾玛·罗伯茨,0.4688006341457367,Q228598,Culture.Media.Media*,3898966.0,0.0,6.0,2434.0
14620,1.0,3898966.0,艾玛·罗伯茨,0.15611489117145538,Q228598,Culture.Media.Music,3898966.0,0.0,6.0,2434.0
14621,1.0,3898966.0,艾玛·罗伯茨,0.11280541121959685,Q228598,Culture.Media.Television,3898966.0,0.0,6.0,2434.0
14622,1.0,3898966.0,艾玛·罗伯茨,0.07650540971755981,Q228598,Geography.Regions.Americas.North_America,3898966.0,0.0,6.0,2434.0
14623,2.0,3900541.0,Cherng,1.0000100135803225,Q16078713,Culture.Biography.Biography*,3900541.0,0.0,4.0,1299.0
14624,2.0,3900541.0,Cherng,0.7057950496673584,Q16078713,History_and_Society.Society,3900541.0,0.0,4.0,1299.0
14625,2.0,3900541.0,Cherng,0.4730526676177978,Q16078713,Geography.Regions.Asia.East_Asia,3900541.0,0.0,4.0,1299.0
14626,2.0,3900541.0,Cherng,0.4471645226478577,Q16078713,Geography.Regions.Asia.Asia*,3900541.0,0.0,4.0,1299.0
14627,2.0,3900541.0,Cherng,0.18714269995689392,Q16078713,Culture.Visual_arts.Visual_arts*,3900541.0,0.0,4.0,1299.0
14628,1.0,3901208.0,星光樂園,0.996185541152954,Q15965930,Culture.Visual_arts.Comics_and_Anime,3901208.0,0.0,0.0,2760.0
14629,1.0,3901208.0,星光樂園,0.9942797422409058,Q15965930,Culture.Visual_arts.Visual_arts*,3901208.0,0.0,0.0,2760.0
14630,1.0,3901208.0,星光樂園,0.9893575310707092,Q15965930,Culture.Literature,3901208.0,0.0,0.0,2760.0
14631,1.0,3901208.0,星光樂園,0.5775054097175598,Q15965930,Culture.Media.Media*,3901208.0,0.0,0.0,2760.0
14632,4.0,3901253.0,北方中央鐵路,0.9978272914886476,Q3344207,History_and_Society.Transportation,3901253.0,2213.4173170709173,17.0,697.0
14633,4.0,3901253.0,北方中央鐵路,0.4556442370414734,Q3344207,Geography.Regions.Americas.North_America,3901253.0,2213.4173170709173,17.0,697.0
14634,3.0,3912087.0,刺客教條：大革命,1.0000100135803225,Q15983778,Culture.Internet_culture,3912087.0,3124.019171915108,12.0,2231.0
14635,3.0,3912087.0,刺客教條：大革命,0.9996179938316344,Q15983778,Culture.Media.Video_games,3912087.0,3124.019171915108,12.0,2231.0
14636,3.0,3912087.0,刺客教條：大革命,0.9989112615585328,Q15983778,Culture.Media.Media*,3912087.0,3124.019171915108,12.0,2231.0
14637,3.0,3912087.0,刺客教條：大革命,0.1067005917429924,Q15983778,Culture.Media.Entertainment,3912087.0,3124.019171915108,12.0,2231.0
14638,4.0,3912737.0,何婉盈,0.99593985080719,Q16336388,Culture.Biography.Biography*,3912737.0,5003.046665857297,12.0,6600.0
14639,4.0,3912737.0,何婉盈,0.6859594583511353,Q16336388,Culture.Media.Music,3912737.0,5003.046665857297,12.0,6600.0
14640,4.0,3912737.0,何婉盈,0.2689514458179474,Q16336388,Culture.Media.Media*,3912737.0,5003.046665857297,12.0,6600.0
14641,4.0,3912737.0,何婉盈,0.16027602553367615,Q16336388,Culture.Biography.Women,3912737.0,5003.046665857297,12.0,6600.0
14642,4.0,3912737.0,何婉盈,0.0,Q16336388,Geography.Regions.Asia.Asia*,3912737.0,5003.046665857297,12.0,6600.0
14643,4.0,3912737.0,何婉盈,0.0,Q16336388,Geography.Regions.Asia.East_Asia,3912737.0,5003.046665857297,12.0,6600.0
14644,1.0,3919219.0,埃兹拉·米勒,0.9993433356285096,Q508049,Culture.Biography.Biography*,3919219.0,0.0,6.0,2298.0
14645,1.0,3919219.0,埃兹拉·米勒,0.3702353835105896,Q508049,Culture.Biography.Women,3919219.0,0.0,6.0,2298.0
14646,1.0,3919219.0,埃兹拉·米勒,0.21734751760959625,Q508049,Culture.Media.Media*,3919219.0,0.0,6.0,2298.0
14647,1.0,3919219.0,埃兹拉·米勒,0.0,Q508049,Geography.Regions.Americas.North_America,3919219.0,0.0,6.0,2298.0
14648,3.0,3919297.0,梅丽莎·麦卡西,0.9996179938316344,Q229048,Culture.Biography.Biography*,3919297.0,1194.4453648725564,6.0,2683.0
14649,3.0,3919297.0,梅丽莎·麦卡西,0.9841036200523376,Q229048,Culture.Biography.Women,3919297.0,1194.4453648725564,6.0,2683.0
14650,3.0,3919297.0,梅丽莎·麦卡西,0.2568419873714447,Q229048,Culture.Media.Media*,3919297.0,1194.4453648725564,6.0,2683.0
14651,3.0,3919297.0,梅丽莎·麦卡西,0.24217800998687744,Q229048,Geography.Regions.Americas.North_America,3919297.0,1194.4453648725564,6.0,2683.0
14652,3.0,3919297.0,梅丽莎·麦卡西,0.2227101624011993,Q229048,Culture.Media.Entertainment,3919297.0,1194.4453648725564,6.0,2683.0
14653,3.0,3919297.0,梅丽莎·麦卡西,0.2120788097381592,Q229048,Culture.Literature,3919297.0,1194.4453648725564,6.0,2683.0
14654,3.0,3919297.0,梅丽莎·麦卡西,0.1097157895565033,Q229048,History_and_Society.Society,3919297.0,1194.4453648725564,6.0,2683.0
14655,3.0,3919297.0,梅丽莎·麦卡西,0.1067005917429924,Q229048,Culture.Media.Television,3919297.0,1194.4453648725564,6.0,2683.0
14656,3.0,3919297.0,梅丽莎·麦卡西,0.0,Q229048,Geography.Regions.Europe.Northern_Europe,3919297.0,1194.4453648725564,6.0,2683.0
14657,3.0,3919297.0,梅丽莎·麦卡西,0.0,Q229048,Geography.Regions.Europe.Europe*,3919297.0,1194.4453648725564,6.0,2683.0
14658,5.0,3920449.0,黃尚禾,0.9836069941520692,Q16076403,Culture.Biography.Biography*,3920449.0,13698.649620790571,4.0,2420.0
14659,5.0,3920449.0,黃尚禾,0.0,Q16076403,Geography.Regions.Asia.Asia*,3920449.0,13698.649620790571,4.0,2420.0
14660,5.0,3920449.0,黃尚禾,0.0,Q16076403,Geography.Regions.Asia.East_Asia,3920449.0,13698.649620790571,4.0,2420.0
14661,1.0,3920514.0,李淳 (演員),0.9995371699333192,Q1907247,Culture.Biography.Biography*,3920514.0,0.0,13.0,2510.0
14662,1.0,3920514.0,李淳 (演員),0.1097157895565033,Q1907247,Culture.Media.Media*,3920514.0,0.0,13.0,2510.0
14663,1.0,3920514.0,李淳 (演員),0.0,Q1907247,Geography.Regions.Asia.Asia*,3920514.0,0.0,13.0,2510.0
14664,1.0,3920514.0,李淳 (演員),0.0,Q1907247,Geography.Regions.Americas.North_America,3920514.0,0.0,13.0,2510.0
14665,5.0,3922960.0,閃爍的青春,1.0000100135803225,Q1033328,Culture.Literature,3922960.0,6654.5904115107405,13.0,2970.0
14666,5.0,3922960.0,閃爍的青春,1.0000100135803225,Q1033328,Culture.Visual_arts.Visual_arts*,3922960.0,6654.5904115107405,13.0,2970.0
14667,5.0,3922960.0,閃爍的青春,1.0000100135803225,Q1033328,Culture.Visual_arts.Comics_and_Anime,3922960.0,6654.5904115107405,13.0,2970.0
14668,5.0,3922960.0,閃爍的青春,0.13297423720359802,Q1033328,Culture.Media.Media*,3922960.0,6654.5904115107405,13.0,2970.0
14669,5.0,3922960.0,閃爍的青春,0.11280541121959685,Q1033328,Culture.Media.Films,3922960.0,6654.5904115107405,13.0,2970.0
14670,10.0,3923815.0,王炳忠,1.0000100135803225,Q16926685,Culture.Biography.Biography*,3923815.0,40886.0271009107,2.0,10157.0
14671,10.0,3923815.0,王炳忠,0.984585464000702,Q16926685,History_and_Society.Society,3923815.0,40886.0271009107,2.0,10157.0
14672,10.0,3923815.0,王炳忠,0.4840529432296753,Q16926685,Geography.Regions.Asia.East_Asia,3923815.0,40886.0271009107,2.0,10157.0
14673,10.0,3923815.0,王炳忠,0.4767238368988037,Q16926685,Geography.Regions.Asia.Asia*,3923815.0,40886.0271009107,2.0,10157.0
14674,1.0,3928156.0,公職人員選舉罷免法,1.0000100135803225,Q17164556,Culture.Biography.Biography*,3928156.0,0.0,2.0,828.0
14675,1.0,3928156.0,公職人員選舉罷免法,1.0000100135803225,Q17164556,History_and_Society.Society,3928156.0,0.0,2.0,828.0
14676,1.0,3928156.0,公職人員選舉罷免法,0.9796776771545409,Q17164556,History_and_Society.Politics_and_government,3928156.0,0.0,2.0,828.0
14677,1.0,3928156.0,公職人員選舉罷免法,0.4954163899421692,Q17164556,Geography.Regions.Asia.East_Asia,3928156.0,0.0,2.0,828.0
14678,1.0,3928156.0,公職人員選舉罷免法,0.492317186832428,Q17164556,Geography.Regions.Asia.Asia*,3928156.0,0.0,2.0,828.0
14679,5.0,3928165.0,家園防線,0.9899964332580566,Q3139644,Culture.Media.Films,3928165.0,2459.070792482007,6.0,1840.0
14680,5.0,3928165.0,家園防線,0.98678719997406,Q3139644,Culture.Media.Media*,3928165.0,2459.070792482007,6.0,1840.0
14681,5.0,3928165.0,家園防線,0.21760438585281366,Q3139644,Geography.Regions.Americas.North_America,3928165.0,2459.070792482007,6.0,1840.0
14682,5.0,3928165.0,家園防線,0.0,Q3139644,Geography.Regions.Europe.Northern_Europe,3928165.0,2459.070792482007,6.0,1840.0
14683,12.0,3930645.0,HMV數碼中國集團,0.546748161315918,Q11351582,History_and_Society.Business_and_economics,3930645.0,44791.233672675575,12.0,2235.0
14684,12.0,3930645.0,HMV數碼中國集團,0.4840529432296753,Q11351582,Geography.Regions.Asia.East_Asia,3930645.0,44791.233672675575,12.0,2235.0
14685,12.0,3930645.0,HMV數碼中國集團,0.4616831412315369,Q11351582,Geography.Regions.Asia.Asia*,3930645.0,44791.233672675575,12.0,2235.0
14686,12.0,3930645.0,HMV數碼中國集團,0.287777841091156,Q11351582,Culture.Media.Media*,3930645.0,44791.233672675575,12.0,2235.0
14687,8.0,3933279.0,大话天仙,0.951152205467224,Q16271300,Culture.Media.Media*,3933279.0,8410.398873761278,12.0,647.0
14688,8.0,3933279.0,大话天仙,0.839743971824646,Q16271300,Culture.Media.Films,3933279.0,8410.398873761278,12.0,647.0
14689,8.0,3933279.0,大话天仙,0.4627899398803711,Q16271300,Geography.Regions.Asia.East_Asia,3933279.0,8410.398873761278,12.0,647.0
14690,8.0,3933279.0,大话天仙,0.459371196269989,Q16271300,Geography.Regions.Asia.Asia*,3933279.0,8410.398873761278,12.0,647.0
14691,2.0,3935398.0,卡拉·古奇諾,0.9983615279197692,Q228871,Culture.Biography.Biography*,3935398.0,0.0,6.0,1286.0
14692,2.0,3935398.0,卡拉·古奇諾,0.9099169969558716,Q228871,Culture.Biography.Women,3935398.0,0.0,6.0,1286.0
14693,2.0,3935398.0,卡拉·古奇諾,0.1778208613395691,Q228871,Culture.Media.Media*,3935398.0,0.0,6.0,1286.0
14694,2.0,3935398.0,卡拉·古奇諾,0.15742753648757934,Q228871,Geography.Regions.Americas.North_America,3935398.0,0.0,6.0,1286.0
14695,11.0,3937913.0,金南珠 (歌手),0.992888569831848,Q4460516,Culture.Biography.Biography*,3937913.0,1041.5567771471208,0.0,2274.0
14696,11.0,3937913.0,金南珠 (歌手),0.6584275364875793,Q4460516,Culture.Biography.Women,3937913.0,1041.5567771471208,0.0,2274.0
14697,11.0,3937913.0,金南珠 (歌手),0.6076731681823729,Q4460516,Culture.Media.Music,3937913.0,1041.5567771471208,0.0,2274.0
14698,11.0,3937913.0,金南珠 (歌手),0.4456066956520081,Q4460516,Geography.Regions.Asia.East_Asia,3937913.0,1041.5567771471208,0.0,2274.0
14699,11.0,3937913.0,金南珠 (歌手),0.43892334604263306,Q4460516,Geography.Regions.Asia.Asia*,3937913.0,1041.5567771471208,0.0,2274.0
14700,11.0,3937913.0,金南珠 (歌手),0.41490885615348816,Q4460516,Culture.Media.Media*,3937913.0,1041.5567771471208,0.0,2274.0
14701,13.0,3938544.0,世越号沉没事故,0.9615437984466552,Q16338015,Geography.Regions.Asia.East_Asia,3938544.0,119996.30124325494,0.0,6970.0
14702,13.0,3938544.0,世越号沉没事故,0.8670457601547241,Q16338015,Geography.Regions.Asia.Asia*,3938544.0,119996.30124325494,0.0,6970.0
14703,13.0,3938544.0,世越号沉没事故,0.7606606483459473,Q16338015,History_and_Society.Politics_and_government,3938544.0,119996.30124325494,0.0,6970.0
14704,13.0,3938544.0,世越号沉没事故,0.7371681928634644,Q16338015,History_and_Society.Transportation,3938544.0,119996.30124325494,0.0,6970.0
14705,13.0,3938544.0,世越号沉没事故,0.6654205918312073,Q16338015,STEM.STEM*,3938544.0,119996.30124325494,0.0,6970.0
14706,13.0,3938544.0,世越号沉没事故,0.3702353835105896,Q16338015,STEM.Engineering,3938544.0,119996.30124325494,0.0,6970.0
14707,8.0,3942879.0,侯漢廷,1.0000100135803225,Q16926496,Culture.Biography.Biography*,3942879.0,7633.056732374676,2.0,7304.0
14708,8.0,3942879.0,侯漢廷,0.91965252161026,Q16926496,History_and_Society.Society,3942879.0,7633.056732374676,2.0,7304.0
14709,8.0,3942879.0,侯漢廷,0.4406641592979431,Q16926496,Geography.Regions.Asia.Asia*,3942879.0,7633.056732374676,2.0,7304.0
14710,8.0,3942879.0,侯漢廷,0.4294682612419128,Q16926496,Geography.Regions.Asia.East_Asia,3942879.0,7633.056732374676,2.0,7304.0
14711,8.0,3942879.0,侯漢廷,0.16886694729328156,Q16926496,History_and_Society.Politics_and_government,3942879.0,7633.056732374676,2.0,7304.0
14712,4.0,3947675.0,一加,0.94500470161438,Q16499972,History_and_Society.Business_and_economics,3947675.0,0.0,10.0,3736.0
14713,4.0,3947675.0,一加,0.4843900501728058,Q16499972,STEM.STEM*,3947675.0,0.0,10.0,3736.0
14714,4.0,3947675.0,一加,0.3073680400848389,Q16499972,STEM.Technology,3947675.0,0.0,10.0,3736.0
14715,4.0,3947675.0,一加,0.16886694729328156,Q16499972,STEM.Computing,3947675.0,0.0,10.0,3736.0
14716,4.0,3947675.0,一加,0.1520422399044037,Q16499972,Culture.Internet_culture,3947675.0,0.0,10.0,3736.0
14717,4.0,3947675.0,一加,0.14034625887870789,Q16499972,Culture.Media.Media*,3947675.0,0.0,10.0,3736.0
14718,4.0,3947675.0,一加,0.0,Q16499972,Geography.Regions.Asia.Asia*,3947675.0,0.0,10.0,3736.0
14719,4.0,3947675.0,一加,0.0,Q16499972,Geography.Regions.Asia.East_Asia,3947675.0,0.0,10.0,3736.0
14720,4.0,3947675.0,一加,0.0,Q16499972,Geography.Regions.Americas.North_America,3947675.0,0.0,10.0,3736.0
14721,5.0,3949882.0,西非伊波拉病毒疫症,0.8933194279670715,Q15989108,Geography.Regions.Africa.Africa*,3949882.0,8489.315382893115,11.0,3131.0
14722,5.0,3949882.0,西非伊波拉病毒疫症,0.546748161315918,Q15989108,History_and_Society.Politics_and_government,3949882.0,8489.315382893115,11.0,3131.0
14723,5.0,3949882.0,西非伊波拉病毒疫症,0.4225146472454071,Q15989108,STEM.STEM*,3949882.0,8489.315382893115,11.0,3131.0
14724,5.0,3949882.0,西非伊波拉病毒疫症,0.18714269995689392,Q15989108,STEM.Medicine_&_Health,3949882.0,8489.315382893115,11.0,3131.0
14725,4.0,3951099.0,無條件基本收入,0.9566442370414734,Q678522,History_and_Society.Society,3951099.0,6082.86912101795,0.0,3575.0
14726,4.0,3951099.0,無條件基本收入,0.6442351341247559,Q678522,History_and_Society.Business_and_economics,3951099.0,6082.86912101795,0.0,3575.0
14727,4.0,3951099.0,無條件基本收入,0.4532718360424042,Q678522,History_and_Society.Politics_and_government,3951099.0,6082.86912101795,0.0,3575.0
14728,4.0,3951099.0,無條件基本收入,0.0,Q678522,Geography.Regions.Europe.Europe*,3951099.0,6082.86912101795,0.0,3575.0
14729,8.0,3952026.0,逾越節三日慶典,0.5312193632125854,Q665944,Culture.Philosophy_and_religion,3952026.0,13.924968806359669,11.0,1272.0
14730,8.0,3952026.0,逾越節三日慶典,0.12253321707248688,Q665944,History_and_Society.History,3952026.0,13.924968806359669,11.0,1272.0
14731,8.0,3952026.0,逾越節三日慶典,0.0,Q665944,Geography.Regions.Europe.Europe*,3952026.0,13.924968806359669,11.0,1272.0
14732,8.0,3952026.0,逾越節三日慶典,0.0,Q665944,Geography.Regions.Asia.Asia*,3952026.0,13.924968806359669,11.0,1272.0
14733,9.0,3953101.0,石田光,0.994098961353302,Q2407677,Culture.Biography.Biography*,3953101.0,6209.526685147635,13.0,2171.0
14734,9.0,3953101.0,石田光,0.5156299471855164,Q2407677,Culture.Biography.Women,3953101.0,6209.526685147635,13.0,2171.0
14735,9.0,3953101.0,石田光,0.41865252161026,Q2407677,Geography.Regions.Asia.East_Asia,3953101.0,6209.526685147635,13.0,2171.0
14736,9.0,3953101.0,石田光,0.3923194279670715,Q2407677,Geography.Regions.Asia.Asia*,3953101.0,6209.526685147635,13.0,2171.0
14737,9.0,3953101.0,石田光,0.10088862478733064,Q2407677,Culture.Media.Media*,3953101.0,6209.526685147635,13.0,2171.0
14738,1.0,3954629.0,奇怪的她,0.9973783493041992,Q15708907,Culture.Media.Films,3954629.0,0.0,12.0,3790.0
14739,1.0,3954629.0,奇怪的她,0.9924327731132508,Q15708907,Culture.Media.Media*,3954629.0,0.0,12.0,3790.0
14740,1.0,3954629.0,奇怪的她,0.4942548146247864,Q15708907,Geography.Regions.Asia.East_Asia,3954629.0,0.0,12.0,3790.0
14741,1.0,3954629.0,奇怪的她,0.4865783920288086,Q15708907,Geography.Regions.Asia.Asia*,3954629.0,0.0,12.0,3790.0
14742,2.0,3958908.0,曹西平,0.9955416321754456,Q16903944,Culture.Biography.Biography*,3958908.0,639.1964891940253,4.0,3155.0
14743,2.0,3958908.0,曹西平,0.3998216390609741,Q16903944,Culture.Media.Media*,3958908.0,639.1964891940253,4.0,3155.0
14744,2.0,3958908.0,曹西平,0.3702353835105896,Q16903944,Culture.Media.Music,3958908.0,639.1964891940253,4.0,3155.0
14745,2.0,3958908.0,曹西平,0.21760438585281366,Q16903944,Geography.Regions.Asia.Asia*,3958908.0,639.1964891940253,4.0,3155.0
14746,2.0,3958908.0,曹西平,0.07650540971755981,Q16903944,Geography.Regions.Asia.East_Asia,3958908.0,639.1964891940253,4.0,3155.0
14747,2.0,3962256.0,布蘭頓·思懷茲,0.9996300339698792,Q798656,Culture.Biography.Biography*,3962256.0,882.391406698109,5.0,1333.0
14748,2.0,3962256.0,布蘭頓·思懷茲,0.15742753648757934,Q798656,Geography.Regions.Oceania,3962256.0,882.391406698109,5.0,1333.0
14749,2.0,3962256.0,布蘭頓·思懷茲,0.0,Q798656,Geography.Regions.Americas.North_America,3962256.0,882.391406698109,5.0,1333.0
14750,2.0,3962256.0,布蘭頓·思懷茲,0.0,Q798656,Geography.Regions.Europe.Northern_Europe,3962256.0,882.391406698109,5.0,1333.0
14751,1.0,3966866.0,高圣远,0.996837317943573,Q633905,Culture.Biography.Biography*,3966866.0,0.0,12.0,1738.0
14752,1.0,3966866.0,高圣远,0.11921291798353195,Q633905,Culture.Media.Media*,3966866.0,0.0,12.0,1738.0
14753,1.0,3966866.0,高圣远,0.0,Q633905,Geography.Regions.Americas.North_America,3966866.0,0.0,12.0,1738.0
14754,1.0,3966866.0,高圣远,0.0,Q633905,Geography.Regions.Asia.Asia*,3966866.0,0.0,12.0,1738.0
14755,1.0,3966866.0,高圣远,0.0,Q633905,Geography.Regions.Asia.East_Asia,3966866.0,0.0,12.0,1738.0
14756,2.0,3969053.0,妖怪手錶系列,0.8311530351638794,Q11446791,Culture.Media.Media*,3969053.0,2914.574311271212,13.0,2279.0
14757,2.0,3969053.0,妖怪手錶系列,0.7490972280502319,Q11446791,Culture.Literature,3969053.0,2914.574311271212,13.0,2279.0
14758,2.0,3969053.0,妖怪手錶系列,0.7057950496673584,Q11446791,Culture.Visual_arts.Comics_and_Anime,3969053.0,2914.574311271212,13.0,2279.0
14759,2.0,3969053.0,妖怪手錶系列,0.6926519870758057,Q11446791,Culture.Internet_culture,3969053.0,2914.574311271212,13.0,2279.0
14760,2.0,3969053.0,妖怪手錶系列,0.6723417043685913,Q11446791,Culture.Visual_arts.Visual_arts*,3969053.0,2914.574311271212,13.0,2279.0
14761,2.0,3969053.0,妖怪手錶系列,0.538993239402771,Q11446791,Culture.Media.Video_games,3969053.0,2914.574311271212,13.0,2279.0
14762,2.0,3969053.0,妖怪手錶系列,0.11280541121959685,Q11446791,Culture.Media.Films,3969053.0,2914.574311271212,13.0,2279.0
14763,2.0,3969053.0,妖怪手錶系列,0.10088862478733064,Q11446791,Culture.Media.Entertainment,3969053.0,2914.574311271212,13.0,2279.0
14764,2.0,3969053.0,妖怪手錶系列,0.0,Q11446791,Geography.Regions.Asia.East_Asia,3969053.0,2914.574311271212,13.0,2279.0
14765,2.0,3969053.0,妖怪手錶系列,0.0,Q11446791,Geography.Regions.Asia.Asia*,3969053.0,2914.574311271212,13.0,2279.0
14766,3.0,3969231.0,喜翔,0.99753737449646,Q16904770,Culture.Biography.Biography*,3969231.0,1320.8591110963175,4.0,1726.0
14767,3.0,3969231.0,喜翔,0.0991983880996704,Q16904770,Geography.Regions.Asia.Asia*,3969231.0,1320.8591110963175,4.0,1726.0
14768,3.0,3969231.0,喜翔,0.0,Q16904770,Geography.Regions.Asia.East_Asia,3969231.0,1320.8591110963175,4.0,1726.0
14769,1.0,3973097.0,新世界 (2015年電視劇),0.1732981950044632,Q17025370,STEM.STEM*,3973097.0,0.0,4.0,1275.0
14770,1.0,3973097.0,新世界 (2015年電視劇),0.16027602553367615,Q17025370,History_and_Society.Business_and_economics,3973097.0,0.0,4.0,1275.0
14771,1.0,3973097.0,新世界 (2015年電視劇),0.1520422399044037,Q17025370,Culture.Media.Media*,3973097.0,0.0,4.0,1275.0
14772,1.0,3973097.0,新世界 (2015年電視劇),0.0,Q17025370,Geography.Regions.Americas.North_America,3973097.0,0.0,4.0,1275.0
14773,1.0,3973097.0,新世界 (2015年電視劇),0.0,Q17025370,Geography.Regions.Asia.Asia*,3973097.0,0.0,4.0,1275.0
14774,3.0,3973331.0,三吉彩花,0.9715740084648132,Q11242380,Culture.Biography.Biography*,3973331.0,990.6448710101423,13.0,3454.0
14775,3.0,3973331.0,三吉彩花,0.7663036584854126,Q11242380,Culture.Biography.Women,3973331.0,990.6448710101423,13.0,3454.0
14776,3.0,3973331.0,三吉彩花,0.43713401460647583,Q11242380,Geography.Regions.Asia.East_Asia,3973331.0,990.6448710101423,13.0,3454.0
14777,3.0,3973331.0,三吉彩花,0.4089169969558716,Q11242380,Geography.Regions.Asia.Asia*,3973331.0,990.6448710101423,13.0,3454.0
14778,4.0,3976175.0,望夫成龍 (電影),0.9304682612419128,Q16923851,Culture.Media.Media*,3976175.0,44.82896571040281,12.0,1240.0
14779,4.0,3976175.0,望夫成龍 (電影),0.8706072568893433,Q16923851,Culture.Media.Films,3976175.0,44.82896571040281,12.0,1240.0
14780,4.0,3976175.0,望夫成龍 (電影),0.4904325475692749,Q16923851,Geography.Regions.Asia.Asia*,3976175.0,44.82896571040281,12.0,1240.0
14781,4.0,3976175.0,望夫成龍 (電影),0.4873227348327637,Q16923851,Geography.Regions.Asia.East_Asia,3976175.0,44.82896571040281,12.0,1240.0
14782,5.0,3979387.0,萬斯敏,0.9942797422409058,Q16923744,Culture.Biography.Biography*,3979387.0,4853.9698896748105,12.0,1662.0
14783,5.0,3979387.0,萬斯敏,0.3624016513824463,Q16923744,Geography.Regions.Asia.East_Asia,3979387.0,4853.9698896748105,12.0,1662.0
14784,5.0,3979387.0,萬斯敏,0.2393593490123749,Q16923744,Culture.Biography.Women,3979387.0,4853.9698896748105,12.0,1662.0
14785,5.0,3979387.0,萬斯敏,0.03021936321258545,Q16923744,Geography.Regions.Asia.Asia*,3979387.0,4853.9698896748105,12.0,1662.0
14786,1.0,3979395.0,趙嘉敏,0.9796776771545409,Q17007143,Culture.Biography.Biography*,3979395.0,0.0,7.0,2062.0
14787,1.0,3979395.0,趙嘉敏,0.320831298828125,Q17007143,Culture.Biography.Women,3979395.0,0.0,7.0,2062.0
14788,1.0,3979395.0,趙嘉敏,0.2816725244522095,Q17007143,Geography.Regions.Asia.East_Asia,3979395.0,0.0,7.0,2062.0
14789,1.0,3979395.0,趙嘉敏,0.19826446676254272,Q17007143,Geography.Regions.Asia.Asia*,3979395.0,0.0,7.0,2062.0
14790,1.0,3979395.0,趙嘉敏,0.13661839067935946,Q17007143,Culture.Media.Media*,3979395.0,0.0,7.0,2062.0
14791,5.0,3982672.0,巴育·占奥差,0.9942797422409058,Q2108126,Culture.Biography.Biography*,3982672.0,3908.694010359162,1.0,2091.0
14792,5.0,3982672.0,巴育·占奥差,0.7931159734725952,Q2108126,History_and_Society.Military_and_warfare,3982672.0,3908.694010359162,1.0,2091.0
14793,5.0,3982672.0,巴育·占奥差,0.43892334604263306,Q2108126,Geography.Regions.Asia.Asia*,3982672.0,3908.694010359162,1.0,2091.0
14794,5.0,3982672.0,巴育·占奥差,0.4163126816749573,Q2108126,Geography.Regions.Asia.Southeast_Asia,3982672.0,3908.694010359162,1.0,2091.0
14795,5.0,3982672.0,巴育·占奥差,0.1097157895565033,Q2108126,History_and_Society.Politics_and_government,3982672.0,3908.694010359162,1.0,2091.0
14796,5.0,3982672.0,巴育·占奥差,0.0,Q2108126,Geography.Regions.Europe.Europe*,3982672.0,3908.694010359162,1.0,2091.0
14797,6.0,3984456.0,特洛伊·希文,0.9914325475692748,Q1362028,Culture.Biography.Biography*,3984456.0,3554.67422403956,6.0,3130.0
14798,6.0,3984456.0,特洛伊·希文,0.7371681928634644,Q1362028,Culture.Media.Media*,3984456.0,3554.67422403956,6.0,3130.0
14799,6.0,3984456.0,特洛伊·希文,0.41490885615348816,Q1362028,Culture.Media.Music,3984456.0,3554.67422403956,6.0,3130.0
14800,6.0,3984456.0,特洛伊·希文,0.3007555902004242,Q1362028,History_and_Society.Society,3984456.0,3554.67422403956,6.0,3130.0
14801,6.0,3984456.0,特洛伊·希文,0.0,Q1362028,Geography.Regions.Oceania,3984456.0,3554.67422403956,6.0,3130.0
14802,6.0,3984456.0,特洛伊·希文,0.0,Q1362028,Geography.Regions.Americas.North_America,3984456.0,3554.67422403956,6.0,3130.0
14803,6.0,3984456.0,特洛伊·希文,0.0,Q1362028,Geography.Regions.Europe.Europe*,3984456.0,3554.67422403956,6.0,3130.0
14804,6.0,3984456.0,特洛伊·希文,0.0,Q1362028,Geography.Regions.Europe.Northern_Europe,3984456.0,3554.67422403956,6.0,3130.0
14805,2.0,3993624.0,终结者：创世纪,0.991162657737732,Q15140437,Culture.Media.Media*,3993624.0,7882.0,13.0,3030.0
14806,2.0,3993624.0,终结者：创世纪,0.9883227348327636,Q15140437,Culture.Media.Films,3993624.0,7882.0,13.0,3030.0
14807,2.0,3993624.0,终结者：创世纪,0.7773098945617676,Q15140437,Culture.Media.Entertainment,3993624.0,7882.0,13.0,3030.0
14808,2.0,3993624.0,终结者：创世纪,0.21734751760959625,Q15140437,Culture.Literature,3993624.0,7882.0,13.0,3030.0
14809,2.0,3993624.0,终结者：创世纪,0.15742753648757934,Q15140437,Geography.Regions.Americas.North_America,3993624.0,7882.0,13.0,3030.0
14810,2.0,3993624.0,终结者：创世纪,0.15611489117145538,Q15140437,Culture.Visual_arts.Comics_and_Anime,3993624.0,7882.0,13.0,3030.0
14811,2.0,3993624.0,终结者：创世纪,0.11280541121959685,Q15140437,Culture.Visual_arts.Visual_arts*,3993624.0,7882.0,13.0,3030.0
14812,3.0,3996087.0,麥志偉,0.9381340146064758,Q17164350,Culture.Biography.Biography*,3996087.0,0.0,2.0,911.0
14813,3.0,3996087.0,麥志偉,0.7490972280502319,Q17164350,Culture.Visual_arts.Visual_arts*,3996087.0,0.0,2.0,911.0
14814,3.0,3996087.0,麥志偉,0.49675815010070795,Q17164350,Geography.Regions.Asia.East_Asia,3996087.0,0.0,2.0,911.0
14815,3.0,3996087.0,麥志偉,0.4826069941520691,Q17164350,Geography.Regions.Asia.Asia*,3996087.0,0.0,2.0,911.0
14816,1.0,3996743.0,孫佳君,0.9990094900131226,Q4726467,Culture.Biography.Biography*,3996743.0,0.0,4.0,2547.0
14817,1.0,3996743.0,孫佳君,0.7718535065650941,Q4726467,Culture.Biography.Women,3996743.0,0.0,4.0,2547.0
14818,1.0,3996743.0,孫佳君,0.22388027811050412,Q4726467,Geography.Regions.Asia.Asia*,3996743.0,0.0,4.0,2547.0
14819,1.0,3996743.0,孫佳君,0.0,Q4726467,Geography.Regions.Asia.Southeast_Asia,3996743.0,0.0,4.0,2547.0
14820,1.0,3996743.0,孫佳君,0.0,Q4726467,Geography.Regions.Asia.East_Asia,3996743.0,0.0,4.0,2547.0
14821,17.0,3998387.0,Z風暴,0.9553291201591492,Q16923972,Culture.Media.Media*,3998387.0,5534.221149542174,12.0,2477.0
14822,17.0,3998387.0,Z風暴,0.8558611869812012,Q16923972,Culture.Media.Films,3998387.0,5534.221149542174,12.0,2477.0
14823,17.0,3998387.0,Z風暴,0.21124218606948847,Q16923972,Geography.Regions.Asia.Asia*,3998387.0,5534.221149542174,12.0,2477.0
14824,17.0,3998387.0,Z風暴,0.11409788036346435,Q16923972,Geography.Regions.Asia.East_Asia,3998387.0,5534.221149542174,12.0,2477.0
14825,8.0,4004379.0,生命中的美好缺憾 (電影),0.9859463572502136,Q14704171,Culture.Media.Media*,4004379.0,9038.46937141457,6.0,2745.0
14826,8.0,4004379.0,生命中的美好缺憾 (電影),0.9855064153671264,Q14704171,Culture.Media.Films,4004379.0,9038.46937141457,6.0,2745.0
14827,8.0,4004379.0,生命中的美好缺憾 (電影),0.11280541121959685,Q14704171,Culture.Media.Entertainment,4004379.0,9038.46937141457,6.0,2745.0
14828,8.0,4004379.0,生命中的美好缺憾 (電影),0.014629947185516357,Q14704171,Geography.Regions.Americas.North_America,4004379.0,9038.46937141457,6.0,2745.0
14829,8.0,4004379.0,生命中的美好缺憾 (電影),0.0,Q14704171,Geography.Regions.Europe.Europe*,4004379.0,9038.46937141457,6.0,2745.0
14830,2.0,4004971.0,長大 (電視劇),0.8991314172744751,Q17160212,Culture.Media.Media*,4004971.0,3942.0,7.0,1503.0
14831,2.0,4004971.0,長大 (電視劇),0.4378334879875183,Q17160212,Culture.Media.Music,4004971.0,3942.0,7.0,1503.0
14832,2.0,4004971.0,長大 (電視劇),0.4114462008476257,Q17160212,Geography.Regions.Asia.East_Asia,4004971.0,3942.0,7.0,1503.0
14833,2.0,4004971.0,長大 (電視劇),0.3629792034626007,Q17160212,Culture.Biography.Women,4004971.0,3942.0,7.0,1503.0
14834,2.0,4004971.0,長大 (電視劇),0.3557848632335663,Q17160212,History_and_Society.Society,4004971.0,3942.0,7.0,1503.0
14835,2.0,4004971.0,長大 (電視劇),0.32119916582107544,Q17160212,Geography.Regions.Asia.Asia*,4004971.0,3942.0,7.0,1503.0
14836,2.0,4004971.0,長大 (電視劇),0.287777841091156,Q17160212,Culture.Media.Television,4004971.0,3942.0,7.0,1503.0
14837,2.0,4004971.0,長大 (電視劇),0.2509227991104126,Q17160212,Culture.Biography.Biography*,4004971.0,3942.0,7.0,1503.0
14838,2.0,4004971.0,長大 (電視劇),0.2227101624011993,Q17160212,Culture.Media.Films,4004971.0,3942.0,7.0,1503.0
14839,2.0,4004971.0,長大 (電視劇),0.20182321965694427,Q17160212,Culture.Internet_culture,4004971.0,3942.0,7.0,1503.0
14840,10.0,4005115.0,艾莉森·珍妮,0.9855064153671264,Q229487,Culture.Biography.Biography*,4005115.0,21857.667213002987,6.0,1209.0
14841,10.0,4005115.0,艾莉森·珍妮,0.9381340146064758,Q229487,Culture.Biography.Women,4005115.0,21857.667213002987,6.0,1209.0
14842,10.0,4005115.0,艾莉森·珍妮,0.3660457601547241,Q229487,Geography.Regions.Americas.North_America,4005115.0,21857.667213002987,6.0,1209.0
14843,10.0,4005115.0,艾莉森·珍妮,0.14034625887870789,Q229487,Culture.Media.Media*,4005115.0,21857.667213002987,6.0,1209.0
14844,10.0,4005115.0,艾莉森·珍妮,0.1097157895565033,Q229487,History_and_Society.Society,4005115.0,21857.667213002987,6.0,1209.0
14845,10.0,4005115.0,艾莉森·珍妮,0.0,Q229487,Geography.Regions.Europe.Northern_Europe,4005115.0,21857.667213002987,6.0,1209.0
14846,10.0,4005115.0,艾莉森·珍妮,0.0,Q229487,Geography.Regions.Europe.Europe*,4005115.0,21857.667213002987,6.0,1209.0
14847,29.0,4005603.0,蟻人 (電影),0.9926641583442688,Q5901134,Culture.Media.Media*,4005603.0,17833.03827583087,6.0,3062.0
14848,29.0,4005603.0,蟻人 (電影),0.9916942119598388,Q5901134,Culture.Media.Films,4005603.0,17833.03827583087,6.0,3062.0
14849,29.0,4005603.0,蟻人 (電影),0.5156299471855164,Q5901134,Culture.Literature,4005603.0,17833.03827583087,6.0,3062.0
14850,29.0,4005603.0,蟻人 (電影),0.5000100135803223,Q5901134,Culture.Visual_arts.Comics_and_Anime,4005603.0,17833.03827583087,6.0,3062.0
14851,29.0,4005603.0,蟻人 (電影),0.3276783227920532,Q5901134,Culture.Visual_arts.Visual_arts*,4005603.0,17833.03827583087,6.0,3062.0
14852,29.0,4005603.0,蟻人 (電影),0.275139719247818,Q5901134,Culture.Media.Entertainment,4005603.0,17833.03827583087,6.0,3062.0
14853,29.0,4005603.0,蟻人 (電影),0.21124218606948847,Q5901134,Geography.Regions.Americas.North_America,4005603.0,17833.03827583087,6.0,3062.0
14854,12.0,4018316.0,雲峰飛彈,1.0000100135803225,Q8061185,History_and_Society.Society,4018316.0,519.2731205752397,5.0,1470.0
14855,12.0,4018316.0,雲峰飛彈,0.9992545843124391,Q8061185,Culture.Biography.Biography*,4018316.0,519.2731205752397,5.0,1470.0
14856,12.0,4018316.0,雲峰飛彈,0.9958112239837646,Q8061185,History_and_Society.Military_and_warfare,4018316.0,519.2731205752397,5.0,1470.0
14857,12.0,4018316.0,雲峰飛彈,0.4977257122993469,Q8061185,Geography.Regions.Asia.East_Asia,4018316.0,519.2731205752397,5.0,1470.0
14858,12.0,4018316.0,雲峰飛彈,0.4948112239837647,Q8061185,Geography.Regions.Asia.Asia*,4018316.0,519.2731205752397,5.0,1470.0
14859,12.0,4018316.0,雲峰飛彈,0.38492217659950256,Q8061185,STEM.STEM*,4018316.0,519.2731205752397,5.0,1470.0
14860,12.0,4018316.0,雲峰飛彈,0.1520422399044037,Q8061185,STEM.Technology,4018316.0,519.2731205752397,5.0,1470.0
14861,3.0,4025927.0,伸冤人,0.9983093142509459,Q13562643,Culture.Media.Films,4025927.0,4436.529268986736,6.0,3809.0
14862,3.0,4025927.0,伸冤人,0.9955416321754456,Q13562643,Culture.Media.Media*,4025927.0,4436.529268986736,6.0,3809.0
14863,3.0,4025927.0,伸冤人,0.24217800998687744,Q13562643,Geography.Regions.Americas.North_America,4025927.0,4436.529268986736,6.0,3809.0
14864,2.0,4028016.0,志尊淳,0.9916942119598388,Q11490868,Culture.Biography.Biography*,4028016.0,292.71334071785395,13.0,2083.0
14865,2.0,4028016.0,志尊淳,0.21124218606948847,Q11490868,Geography.Regions.Asia.Asia*,4028016.0,292.71334071785395,13.0,2083.0
14866,2.0,4028016.0,志尊淳,0.1713417043685913,Q11490868,Geography.Regions.Asia.East_Asia,4028016.0,292.71334071785395,13.0,2083.0
14867,2.0,4028016.0,志尊淳,0.12253321707248688,Q11490868,Culture.Media.Media*,4028016.0,292.71334071785395,13.0,2083.0
14868,5.0,4034115.0,林慧韡,0.9916942119598388,Q17498566,Culture.Biography.Biography*,4034115.0,16721.99995861099,3.0,3346.0
14869,5.0,4034115.0,林慧韡,0.6442351341247559,Q17498566,Culture.Biography.Women,4034115.0,16721.99995861099,3.0,3346.0
14870,5.0,4034115.0,林慧韡,0.4957369437217712,Q17498566,Geography.Regions.Asia.East_Asia,4034115.0,16721.99995861099,3.0,3346.0
14871,5.0,4034115.0,林慧韡,0.4840529432296753,Q17498566,Geography.Regions.Asia.Asia*,4034115.0,16721.99995861099,3.0,3346.0
14872,5.0,4034115.0,林慧韡,0.2509227991104126,Q17498566,History_and_Society.Society,4034115.0,16721.99995861099,3.0,3346.0
14873,1.0,4036304.0,青鬼,0.998599648475647,Q11662830,Culture.Internet_culture,4036304.0,0.0,16.0,1358.0
14874,1.0,4036304.0,青鬼,0.997758150100708,Q11662830,Culture.Media.Video_games,4036304.0,0.0,16.0,1358.0
14875,1.0,4036304.0,青鬼,0.9808859825134276,Q11662830,Culture.Media.Media*,4036304.0,0.0,16.0,1358.0
14876,1.0,4036304.0,青鬼,0.6992644667625427,Q11662830,Culture.Visual_arts.Comics_and_Anime,4036304.0,0.0,16.0,1358.0
14877,1.0,4036304.0,青鬼,0.6297846436500549,Q11662830,Culture.Literature,4036304.0,0.0,16.0,1358.0
14878,1.0,4036304.0,青鬼,0.538993239402771,Q11662830,Culture.Visual_arts.Visual_arts*,4036304.0,0.0,16.0,1358.0
14879,2.0,4039077.0,國定殺戮日：無法無天,0.996837317943573,Q15728784,Culture.Media.Films,4039077.0,0.0,12.0,2110.0
14880,2.0,4039077.0,國定殺戮日：無法無天,0.993317186832428,Q15728784,Culture.Media.Media*,4039077.0,0.0,12.0,2110.0
14881,2.0,4039077.0,國定殺戮日：無法無天,0.32119916582107544,Q15728784,Geography.Regions.Americas.North_America,4039077.0,0.0,12.0,2110.0
14882,2.0,4039077.0,國定殺戮日：無法無天,0.2689514458179474,Q15728784,Culture.Media.Entertainment,4039077.0,0.0,12.0,2110.0
14883,3.0,4044616.0,中国－埃塞俄比亚关系,0.6654205918312073,Q5100212,History_and_Society.Politics_and_government,4044616.0,43.47801831246017,5.0,1510.0
14884,3.0,4044616.0,中国－埃塞俄比亚关系,0.24217800998687744,Q5100212,Geography.Regions.Africa.Africa*,4044616.0,43.47801831246017,5.0,1510.0
14885,3.0,4044616.0,中国－埃塞俄比亚关系,0.12878464365005493,Q5100212,Geography.Regions.Asia.Asia*,4044616.0,43.47801831246017,5.0,1510.0
14886,8.0,4045695.0,12道锋味,0.9939124584197998,Q17426143,Culture.Media.Television,4045695.0,17609.318088123044,12.0,1676.0
14887,8.0,4045695.0,12道锋味,0.9715740084648132,Q17426143,Culture.Media.Media*,4045695.0,17609.318088123044,12.0,1676.0
14888,8.0,4045695.0,12道锋味,0.3893042674064636,Q17426143,Geography.Regions.Asia.East_Asia,4045695.0,17609.318088123044,12.0,1676.0
14889,8.0,4045695.0,12道锋味,0.2653036584854126,Q17426143,Geography.Regions.Asia.Asia*,4045695.0,17609.318088123044,12.0,1676.0
14890,1.0,4048249.0,剩餘公主,0.9046605229377748,Q17450124,Culture.Media.Media*,4048249.0,0.0,13.0,1683.0
14891,1.0,4048249.0,剩餘公主,0.8267217874526978,Q17450124,Culture.Media.Television,4048249.0,0.0,13.0,1683.0
14892,1.0,4048249.0,剩餘公主,0.4835854640007019,Q17450124,Geography.Regions.Asia.East_Asia,4048249.0,0.0,13.0,1683.0
14893,1.0,4048249.0,剩餘公主,0.4815675487518311,Q17450124,Geography.Regions.Asia.Asia*,4048249.0,0.0,13.0,1683.0
14894,22.0,4051872.0,最终幻想VIII角色列表,1.0,Q2778533,Compilation.List_Disambig,4051872.0,0.0,14.0,2995.0
14895,22.0,4051872.0,最终幻想VIII角色列表,0.8962613940238953,Q2778533,Culture.Literature,4051872.0,0.0,14.0,2995.0
14896,22.0,4051872.0,最终幻想VIII角色列表,0.4378334879875183,Q2778533,Culture.Media.Media*,4051872.0,0.0,14.0,2995.0
14897,22.0,4051872.0,最终幻想VIII角色列表,0.2509227991104126,Q2778533,Culture.Visual_arts.Comics_and_Anime,4051872.0,0.0,14.0,2995.0
14898,22.0,4051872.0,最终幻想VIII角色列表,0.24509501457214355,Q2778533,Culture.Visual_arts.Visual_arts*,4051872.0,0.0,14.0,2995.0
14899,22.0,4051872.0,最终幻想VIII角色列表,0.20182321965694427,Q2778533,Culture.Media.Television,4051872.0,0.0,14.0,2995.0
14900,22.0,4051872.0,最终幻想VIII角色列表,0.1067005917429924,Q2778533,Culture.Media.Entertainment,4051872.0,0.0,14.0,2995.0
14901,2.0,4053266.0,铁塔凌云,0.9777238368988036,Q17500642,Culture.Media.Media*,4053266.0,0.0,12.0,2211.0
14902,2.0,4053266.0,铁塔凌云,0.974052667617798,Q17500642,Culture.Media.Music,4053266.0,0.0,12.0,2211.0
14903,2.0,4053266.0,铁塔凌云,0.0,Q17500642,Geography.Regions.Europe.Europe*,4053266.0,0.0,12.0,2211.0
14904,21.0,4053605.0,STAR WARS：原力覺醒,0.9939124584197998,Q6074,Culture.Media.Films,4053605.0,91312.35903597473,6.0,3235.0
14905,21.0,4053605.0,STAR WARS：原力覺醒,0.9916942119598388,Q6074,Culture.Media.Media*,4053605.0,91312.35903597473,6.0,3235.0
14906,21.0,4053605.0,STAR WARS：原力覺醒,0.3923468291759491,Q6074,Culture.Media.Entertainment,4053605.0,91312.35903597473,6.0,3235.0
14907,21.0,4053605.0,STAR WARS：原力覺醒,0.18714269995689392,Q6074,Culture.Literature,4053605.0,91312.35903597473,6.0,3235.0
14908,21.0,4053605.0,STAR WARS：原力覺醒,0.0,Q6074,Geography.Regions.Americas.North_America,4053605.0,91312.35903597473,6.0,3235.0
14909,21.0,4053605.0,STAR WARS：原力覺醒,0.0,Q6074,Geography.Regions.Europe.Europe*,4053605.0,91312.35903597473,6.0,3235.0
14910,10.0,4054297.0,曾治豪,1.0000100135803225,Q9094114,Culture.Biography.Biography*,4054297.0,20808.21148985704,4.0,2150.0
14911,10.0,4054297.0,曾治豪,0.9284188151359558,Q9094114,History_and_Society.Society,4054297.0,20808.21148985704,4.0,2150.0
14912,10.0,4054297.0,曾治豪,0.3007555902004242,Q9094114,Culture.Media.Media*,4054297.0,20808.21148985704,4.0,2150.0
14913,10.0,4054297.0,曾治豪,0.270853506565094,Q9094114,Geography.Regions.Asia.Asia*,4054297.0,20808.21148985704,4.0,2150.0
14914,10.0,4054297.0,曾治豪,0.23006861114501956,Q9094114,Geography.Regions.Asia.East_Asia,4054297.0,20808.21148985704,4.0,2150.0
14915,10.0,4054297.0,曾治豪,0.1732981950044632,Q9094114,Culture.Media.Music,4054297.0,20808.21148985704,4.0,2150.0
14916,1.0,4056258.0,港鐵屯馬綫中國製列車,0.9381340146064758,Q17499987,History_and_Society.Transportation,4056258.0,0.0,13.0,2247.0
14917,1.0,4056258.0,港鐵屯馬綫中國製列車,0.0,Q17499987,Geography.Regions.Asia.Asia*,4056258.0,0.0,13.0,2247.0
14918,1.0,4056258.0,港鐵屯馬綫中國製列車,0.0,Q17499987,Geography.Regions.Asia.East_Asia,4056258.0,0.0,13.0,2247.0
14919,3.0,4056846.0,衝上雲霄 (電影),0.9659096002578736,Q17496205,Culture.Media.Media*,4056846.0,2896.173237477463,12.0,1470.0
14920,3.0,4056846.0,衝上雲霄 (電影),0.9648651480674744,Q17496205,Culture.Media.Films,4056846.0,2896.173237477463,12.0,1470.0
14921,3.0,4056846.0,衝上雲霄 (電影),0.4831036200523377,Q17496205,Geography.Regions.Asia.Asia*,4056846.0,2896.173237477463,12.0,1470.0
14922,3.0,4056846.0,衝上雲霄 (電影),0.4696977605819702,Q17496205,Geography.Regions.Asia.East_Asia,4056846.0,2896.173237477463,12.0,1470.0
14923,2.0,4063912.0,徐麗雯,1.0000100135803225,Q17499231,Culture.Biography.Biography*,4063912.0,10195.482821192218,4.0,1759.0
14924,2.0,4063912.0,徐麗雯,0.9836069941520692,Q17499231,History_and_Society.Society,4063912.0,10195.482821192218,4.0,1759.0
14925,2.0,4063912.0,徐麗雯,0.7773098945617676,Q17499231,Culture.Biography.Women,4063912.0,10195.482821192218,4.0,1759.0
14926,2.0,4063912.0,徐麗雯,0.4916641583442688,Q17499231,Geography.Regions.Asia.East_Asia,4063912.0,10195.482821192218,4.0,1759.0
14927,2.0,4063912.0,徐麗雯,0.4760326614379883,Q17499231,Geography.Regions.Asia.Asia*,4063912.0,10195.482821192218,4.0,1759.0
14928,1.0,4064546.0,小時代：靈魂盡頭,0.9802908897399902,Q18383792,Culture.Media.Films,4064546.0,0.0,12.0,1813.0
14929,1.0,4064546.0,小時代：靈魂盡頭,0.9770326614379884,Q18383792,Culture.Media.Media*,4064546.0,0.0,12.0,1813.0
14930,1.0,4064546.0,小時代：靈魂盡頭,0.13604079389572146,Q18383792,Geography.Regions.Asia.Asia*,4064546.0,0.0,12.0,1813.0
14931,1.0,4064546.0,小時代：靈魂盡頭,0.022430347442626952,Q18383792,Geography.Regions.Asia.East_Asia,4064546.0,0.0,12.0,1813.0
14932,2.0,4065019.0,莎賓娜·艾媞博柯娃,0.9937201142311096,Q17413110,Culture.Biography.Biography*,4065019.0,3942.0,3.0,947.0
14933,2.0,4065019.0,莎賓娜·艾媞博柯娃,0.9615437984466552,Q17413110,Culture.Biography.Women,4065019.0,3942.0,3.0,947.0
14934,2.0,4065019.0,莎賓娜·艾媞博柯娃,0.7718535065650941,Q17413110,Culture.Sports,4065019.0,3942.0,3.0,947.0
14935,2.0,4065019.0,莎賓娜·艾媞博柯娃,0.06118653917312623,Q17413110,Geography.Regions.Asia.Central_Asia,4065019.0,3942.0,3.0,947.0
14936,2.0,4065019.0,莎賓娜·艾媞博柯娃,0.0,Q17413110,Geography.Regions.Asia.Asia*,4065019.0,3942.0,3.0,947.0
14937,5.0,4071323.0,陰兒房,0.9976133108139038,Q122713,Culture.Media.Films,4071323.0,5110.459532294196,6.0,2305.0
14938,5.0,4071323.0,陰兒房,0.9952548146247864,Q122713,Culture.Media.Media*,4071323.0,5110.459532294196,6.0,2305.0
14939,5.0,4071323.0,陰兒房,0.06886266374588013,Q122713,Geography.Regions.Americas.North_America,4071323.0,5110.459532294196,6.0,2305.0
14940,5.0,4079947.0,軍中樂園 (電影),0.98678719997406,Q17500800,Culture.Media.Films,4079947.0,24538.037914810426,4.0,2677.0
14941,5.0,4079947.0,軍中樂園 (電影),0.9790457487106324,Q17500800,Culture.Media.Media*,4079947.0,24538.037914810426,4.0,2677.0
14942,5.0,4079947.0,軍中樂園 (電影),0.8080772161483765,Q17500800,Culture.Biography.Biography*,4079947.0,24538.037914810426,4.0,2677.0
14943,5.0,4079947.0,軍中樂園 (電影),0.5156299471855164,Q17500800,History_and_Society.Society,4079947.0,24538.037914810426,4.0,2677.0
14944,5.0,4079947.0,軍中樂園 (電影),0.4767238368988037,Q17500800,Geography.Regions.Asia.East_Asia,4079947.0,24538.037914810426,4.0,2677.0
14945,5.0,4079947.0,軍中樂園 (電影),0.4669093360900879,Q17500800,Geography.Regions.Asia.Asia*,4079947.0,24538.037914810426,4.0,2677.0
14946,3.0,4082364.0,丁允恭,0.997758150100708,Q17500237,Culture.Biography.Biography*,4082364.0,1563.7844393549924,4.0,1244.0
14947,2.0,4085341.0,少康戰情室,0.9960646033287048,Q17499343,History_and_Society.Society,4085341.0,363.81775006569717,2.0,2310.0
14948,2.0,4085341.0,少康戰情室,0.99567848443985,Q17499343,Culture.Biography.Biography*,4085341.0,363.81775006569717,2.0,2310.0
14949,2.0,4085341.0,少康戰情室,0.8175845146179199,Q17499343,Culture.Media.Media*,4085341.0,363.81775006569717,2.0,2310.0
14950,2.0,4085341.0,少康戰情室,0.30218379402160644,Q17499343,Geography.Regions.Asia.Asia*,4085341.0,363.81775006569717,2.0,2310.0
14951,2.0,4085341.0,少康戰情室,0.21124218606948847,Q17499343,Geography.Regions.Asia.East_Asia,4085341.0,363.81775006569717,2.0,2310.0
14952,2.0,4085341.0,少康戰情室,0.2069040536880493,Q17499343,Culture.Media.Television,4085341.0,363.81775006569717,2.0,2310.0
14953,1.0,4089865.0,欣 (神话),0.9046605229377748,Q217420,Culture.Philosophy_and_religion,4089865.0,0.0,16.0,1003.0
14954,1.0,4089865.0,欣 (神话),0.9019306898117064,Q217420,Culture.Literature,4089865.0,0.0,16.0,1003.0
14955,1.0,4089865.0,欣 (神话),0.8221991658210754,Q217420,History_and_Society.History,4089865.0,0.0,16.0,1003.0
14956,1.0,4089865.0,欣 (神话),0.1294127255678177,Q217420,Culture.Biography.Biography*,4089865.0,0.0,16.0,1003.0
14957,1.0,4089865.0,欣 (神话),0.0,Q217420,Geography.Regions.Asia.West_Asia,4089865.0,0.0,16.0,1003.0
14958,1.0,4089865.0,欣 (神话),0.0,Q217420,Geography.Regions.Asia.Asia*,4089865.0,0.0,16.0,1003.0
14959,6.0,4090841.0,破風 (電影),0.9820237755775452,Q18657644,Culture.Media.Films,4090841.0,11431.027861871775,12.0,2279.0
14960,6.0,4090841.0,破風 (電影),0.9688661694526672,Q18657644,Culture.Media.Media*,4090841.0,11431.027861871775,12.0,2279.0
14961,6.0,4090841.0,破風 (電影),0.4869562258720398,Q18657644,Geography.Regions.Asia.East_Asia,4090841.0,11431.027861871775,12.0,2279.0
14962,6.0,4090841.0,破風 (電影),0.4738311638832092,Q18657644,Geography.Regions.Asia.Asia*,4090841.0,11431.027861871775,12.0,2279.0
14963,6.0,4090841.0,破風 (電影),0.21734751760959625,Q18657644,Culture.Sports,4090841.0,11431.027861871775,12.0,2279.0
14964,6.0,4090841.0,破風 (電影),0.1097157895565033,Q18657644,Culture.Biography.Biography*,4090841.0,11431.027861871775,12.0,2279.0
14965,5.0,4098336.0,星爵,0.9952548146247864,Q3496918,Culture.Literature,4098336.0,0.0,6.0,1897.0
14966,5.0,4098336.0,星爵,0.16027602553367615,Q3496918,Culture.Media.Media*,4098336.0,0.0,6.0,1897.0
14967,9.0,4106568.0,查德維克·博斯曼,0.9993221759796144,Q5066520,Culture.Biography.Biography*,4106568.0,7272.975167433945,6.0,1920.0
14968,9.0,4106568.0,查德維克·博斯曼,0.037993239402771,Q5066520,Geography.Regions.Americas.North_America,4106568.0,7272.975167433945,6.0,1920.0
14969,1.0,4110650.0,大專畢業生至企業職場實習方案,0.2942249774932861,Q17500531,STEM.STEM*,4110650.0,0.0,5.0,1040.0
14970,1.0,4110650.0,大專畢業生至企業職場實習方案,0.0,Q17500531,Geography.Regions.Asia.Asia*,4110650.0,0.0,5.0,1040.0
14971,1.0,4110650.0,大專畢業生至企業職場實習方案,0.0,Q17500531,Geography.Regions.Americas.North_America,4110650.0,0.0,5.0,1040.0
14972,1.0,4110650.0,大專畢業生至企業職場實習方案,0.0,Q17500531,Geography.Regions.Europe.Europe*,4110650.0,0.0,5.0,1040.0
14973,3.0,4111521.0,万达集团,0.6723417043685913,Q5210937,History_and_Society.Business_and_economics,4111521.0,2913.5214132447804,10.0,2834.0
14974,3.0,4111521.0,万达集团,0.311877357006073,Q5210937,Geography.Regions.Asia.Asia*,4111521.0,2913.5214132447804,10.0,2834.0
14975,3.0,4111521.0,万达集团,0.2921159734725952,Q5210937,Geography.Regions.Asia.East_Asia,4111521.0,2913.5214132447804,10.0,2834.0
14976,3.0,4111521.0,万达集团,0.16452647745609286,Q5210937,STEM.STEM*,4111521.0,2913.5214132447804,10.0,2834.0
14977,3.0,4111521.0,万达集团,0.14415885508060455,Q5210937,History_and_Society.Transportation,4111521.0,2913.5214132447804,10.0,2834.0
14978,2.0,4123189.0,沙俄和苏联割占中国领土列表,0.2942249774932861,Q18110116,STEM.STEM*,4123189.0,3942.0,10.0,2316.0
14979,2.0,4123189.0,沙俄和苏联割占中国领土列表,0.0,Q18110116,Geography.Regions.Asia.Asia*,4123189.0,3942.0,10.0,2316.0
14980,2.0,4123189.0,沙俄和苏联割占中国领土列表,0.0,Q18110116,Geography.Regions.Americas.North_America,4123189.0,3942.0,10.0,2316.0
14981,2.0,4123189.0,沙俄和苏联割占中国领土列表,0.0,Q18110116,Geography.Regions.Europe.Europe*,4123189.0,3942.0,10.0,2316.0
14982,3.0,4126218.0,足立梨花,0.9697954058647156,Q11637010,Culture.Biography.Biography*,4126218.0,10399.005270436783,13.0,1892.0
14983,3.0,4126218.0,足立梨花,0.3429050912857056,Q11637010,Geography.Regions.Asia.East_Asia,4126218.0,10399.005270436783,13.0,1892.0
14984,3.0,4126218.0,足立梨花,0.3070772161483765,Q11637010,Geography.Regions.Asia.Asia*,4126218.0,10399.005270436783,13.0,1892.0
14985,3.0,4126218.0,足立梨花,0.2069040536880493,Q11637010,Culture.Biography.Women,4126218.0,10399.005270436783,13.0,1892.0
14986,2.0,4126399.0,卡雅·斯考达里奥,0.9993221759796144,Q229651,Culture.Biography.Biography*,4126399.0,1430.2340541595654,5.0,2239.0
14987,2.0,4126399.0,卡雅·斯考达里奥,0.7490972280502319,Q229651,Culture.Biography.Women,4126399.0,1430.2340541595654,5.0,2239.0
14988,2.0,4126399.0,卡雅·斯考达里奥,0.037993239402771,Q229651,Geography.Regions.Europe.Europe*,4126399.0,1430.2340541595654,5.0,2239.0
14989,2.0,4126399.0,卡雅·斯考达里奥,0.0,Q229651,Geography.Regions.Europe.Northern_Europe,4126399.0,1430.2340541595654,5.0,2239.0
14990,2.0,4126399.0,卡雅·斯考达里奥,0.0,Q229651,Geography.Regions.Americas.North_America,4126399.0,1430.2340541595654,5.0,2239.0
14991,2.0,4126399.0,卡雅·斯考达里奥,0.0,Q229651,Geography.Regions.Asia.East_Asia,4126399.0,1430.2340541595654,5.0,2239.0
14992,2.0,4126399.0,卡雅·斯考达里奥,0.0,Q229651,Geography.Regions.Asia.Asia*,4126399.0,1430.2340541595654,5.0,2239.0
14993,2.0,4127218.0,文茜的世界周報,0.94500470161438,Q18110201,History_and_Society.Society,4127218.0,1631.7471648623925,3.0,1530.0
14994,2.0,4127218.0,文茜的世界周報,0.9149109721183776,Q18110201,Culture.Media.Media*,4127218.0,1631.7471648623925,3.0,1530.0
14995,2.0,4127218.0,文茜的世界周報,0.7606606483459473,Q18110201,Culture.Biography.Biography*,4127218.0,1631.7471648623925,3.0,1530.0
14996,2.0,4127218.0,文茜的世界周報,0.6001983880996704,Q18110201,Culture.Media.Television,4127218.0,1631.7471648623925,3.0,1530.0
14997,2.0,4127218.0,文茜的世界周報,0.10667316818237303,Q18110201,Geography.Regions.Asia.Asia*,4127218.0,1631.7471648623925,3.0,1530.0
14998,2.0,4127218.0,文茜的世界周報,0.0,Q18110201,Geography.Regions.Asia.East_Asia,4127218.0,1631.7471648623925,3.0,1530.0
14999,2.0,4129455.0,MAPPA,1.0000100135803225,Q11231001,Culture.Visual_arts.Visual_arts*,4129455.0,0.0,13.0,1878.0
15000,2.0,4129455.0,MAPPA,1.0000100135803225,Q11231001,Culture.Visual_arts.Comics_and_Anime,4129455.0,0.0,13.0,1878.0
15001,2.0,4129455.0,MAPPA,0.9986850023269652,Q11231001,Culture.Literature,4129455.0,0.0,13.0,1878.0
15002,2.0,4129455.0,MAPPA,0.6442351341247559,Q11231001,Geography.Regions.Asia.East_Asia,4129455.0,0.0,13.0,1878.0
15003,2.0,4129455.0,MAPPA,0.5544804334640503,Q11231001,Geography.Regions.Asia.Asia*,4129455.0,0.0,13.0,1878.0
15004,2.0,4129455.0,MAPPA,0.16452647745609286,Q11231001,Culture.Media.Films,4129455.0,0.0,13.0,1878.0
15005,2.0,4129455.0,MAPPA,0.15611489117145538,Q11231001,History_and_Society.Business_and_economics,4129455.0,0.0,13.0,1878.0
15006,31.0,4138477.0,中華民國與新加坡關係,0.9966334104537964,Q7676588,Culture.Biography.Biography*,4138477.0,170206.75309438154,5.0,1915.0
15007,31.0,4138477.0,中華民國與新加坡關係,0.99593985080719,Q7676588,History_and_Society.Society,4138477.0,170206.75309438154,5.0,1915.0
15008,31.0,4138477.0,中華民國與新加坡關係,0.880807101726532,Q7676588,History_and_Society.Politics_and_government,4138477.0,170206.75309438154,5.0,1915.0
15009,31.0,4138477.0,中華民國與新加坡關係,0.4990100135803223,Q7676588,Geography.Regions.Asia.Asia*,4138477.0,170206.75309438154,5.0,1915.0
15010,31.0,4138477.0,中華民國與新加坡關係,0.4857871999740601,Q7676588,Geography.Regions.Asia.East_Asia,4138477.0,170206.75309438154,5.0,1915.0
15011,31.0,4138477.0,中華民國與新加坡關係,0.0,Q7676588,Geography.Regions.Asia.Southeast_Asia,4138477.0,170206.75309438154,5.0,1915.0
15012,3.0,4181526.0,蠟筆小新：Amigo！森巴入侵計畫,0.9890230894088744,Q864528,Culture.Visual_arts.Comics_and_Anime,4181526.0,0.0,14.0,1304.0
15013,3.0,4181526.0,蠟筆小新：Amigo！森巴入侵計畫,0.9802908897399902,Q864528,Culture.Visual_arts.Visual_arts*,4181526.0,0.0,14.0,1304.0
15014,3.0,4181526.0,蠟筆小新：Amigo！森巴入侵計畫,0.9770326614379884,Q864528,Culture.Literature,4181526.0,0.0,14.0,1304.0
15015,3.0,4181526.0,蠟筆小新：Amigo！森巴入侵計畫,0.9755869507789612,Q864528,Culture.Media.Films,4181526.0,0.0,14.0,1304.0
15016,3.0,4181526.0,蠟筆小新：Amigo！森巴入侵計畫,0.9688661694526672,Q864528,Culture.Media.Media*,4181526.0,0.0,14.0,1304.0
15017,3.0,4181526.0,蠟筆小新：Amigo！森巴入侵計畫,0.42531375789642334,Q864528,Geography.Regions.Asia.Asia*,4181526.0,0.0,14.0,1304.0
15018,3.0,4181526.0,蠟筆小新：Amigo！森巴入侵計畫,0.4139109721183777,Q864528,Geography.Regions.Asia.East_Asia,4181526.0,0.0,14.0,1304.0
15019,3.0,4188133.0,中華民國－帛琉關係,0.9976868629455566,Q18651406,Culture.Biography.Biography*,4188133.0,2547.4685900056475,5.0,3368.0
15020,3.0,4188133.0,中華民國－帛琉關係,0.994455099105835,Q18651406,History_and_Society.Society,4188133.0,2547.4685900056475,5.0,3368.0
15021,3.0,4188133.0,中華民國－帛琉關係,0.8903042674064636,Q18651406,History_and_Society.Politics_and_government,4188133.0,2547.4685900056475,5.0,3368.0
15022,3.0,4188133.0,中華民國－帛琉關係,0.4921061863899231,Q18651406,Geography.Regions.Asia.Asia*,4188133.0,2547.4685900056475,5.0,3368.0
15023,3.0,4188133.0,中華民國－帛琉關係,0.459371196269989,Q18651406,Geography.Regions.Asia.East_Asia,4188133.0,2547.4685900056475,5.0,3368.0
15024,2.0,4192040.0,我被綁架到貴族女校當「庶民樣本」,1.0000100135803225,Q11386437,Culture.Visual_arts.Visual_arts*,4192040.0,0.0,13.0,2151.0
15025,2.0,4192040.0,我被綁架到貴族女校當「庶民樣本」,1.0000100135803225,Q11386437,Culture.Literature,4192040.0,0.0,13.0,2151.0
15026,2.0,4192040.0,我被綁架到貴族女校當「庶民樣本」,1.0000100135803225,Q11386437,Culture.Visual_arts.Comics_and_Anime,4192040.0,0.0,13.0,2151.0
15027,2.0,4192040.0,我被綁架到貴族女校當「庶民樣本」,0.40734341740608215,Q11386437,Culture.Media.Media*,4192040.0,0.0,13.0,2151.0
15028,5.0,4194537.0,天眼 (台灣電視劇),0.8519628047943115,Q18110159,Culture.Media.Television,4194537.0,17330.249681843186,4.0,1547.0
15029,5.0,4194537.0,天眼 (台灣電視劇),0.7773098945617676,Q18110159,Culture.Media.Media*,4194537.0,17330.249681843186,4.0,1547.0
15030,5.0,4194537.0,天眼 (台灣電視劇),0.0,Q18110159,Geography.Regions.Asia.Asia*,4194537.0,17330.249681843186,4.0,1547.0
15031,26.0,4212986.0,驚奇4超人 (2015年電影),0.9955416321754456,Q16795448,Culture.Media.Films,4212986.0,2851.424260575118,6.0,5818.0
15032,26.0,4212986.0,驚奇4超人 (2015年電影),0.9937201142311096,Q16795448,Culture.Media.Media*,4212986.0,2851.424260575118,6.0,5818.0
15033,26.0,4212986.0,驚奇4超人 (2015年電影),0.5156299471855164,Q16795448,Culture.Visual_arts.Comics_and_Anime,4212986.0,2851.424260575118,6.0,5818.0
15034,26.0,4212986.0,驚奇4超人 (2015年電影),0.4378334879875183,Q16795448,Culture.Media.Entertainment,4212986.0,2851.424260575118,6.0,5818.0
15035,26.0,4212986.0,驚奇4超人 (2015年電影),0.40734341740608215,Q16795448,Culture.Literature,4212986.0,2851.424260575118,6.0,5818.0
15036,26.0,4212986.0,驚奇4超人 (2015年電影),0.3629792034626007,Q16795448,Culture.Visual_arts.Visual_arts*,4212986.0,2851.424260575118,6.0,5818.0
15037,26.0,4212986.0,驚奇4超人 (2015年電影),0.13604079389572146,Q16795448,Geography.Regions.Americas.North_America,4212986.0,2851.424260575118,6.0,5818.0
15038,10.0,4222701.0,三少爺的劍 (2016年電影),0.9976868629455566,Q17023315,Culture.Media.Media*,4222701.0,5141.17204559378,12.0,3319.0
15039,10.0,4222701.0,三少爺的劍 (2016年電影),0.9970290064811708,Q17023315,Culture.Media.Films,4222701.0,5141.17204559378,12.0,3319.0
15040,10.0,4222701.0,三少爺的劍 (2016年電影),0.4955265989303589,Q17023315,Geography.Regions.Asia.East_Asia,4222701.0,5141.17204559378,12.0,3319.0
15041,10.0,4222701.0,三少爺的劍 (2016年電影),0.4831036200523377,Q17023315,Geography.Regions.Asia.Asia*,4222701.0,5141.17204559378,12.0,3319.0
15042,16.0,4234284.0,中華民國與衣索比亞關係,0.9993836879730223,Q18118282,Culture.Biography.Biography*,4234284.0,8629.953801430156,5.0,1898.0
15043,16.0,4234284.0,中華民國與衣索比亞關係,0.9990700483322144,Q18118282,History_and_Society.Society,4234284.0,8629.953801430156,5.0,1898.0
15044,16.0,4234284.0,中華民國與衣索比亞關係,0.839743971824646,Q18118282,History_and_Society.Politics_and_government,4234284.0,8629.953801430156,5.0,1898.0
15045,16.0,4234284.0,中華民國與衣索比亞關係,0.4543291201591492,Q18118282,Geography.Regions.Asia.Asia*,4234284.0,8629.953801430156,5.0,1898.0
15046,16.0,4234284.0,中華民國與衣索比亞關係,0.0,Q18118282,Geography.Regions.Asia.East_Asia,4234284.0,8629.953801430156,5.0,1898.0
15047,16.0,4234284.0,中華民國與衣索比亞關係,0.0,Q18118282,Geography.Regions.Africa.Africa*,4234284.0,8629.953801430156,5.0,1898.0
15048,4.0,4234574.0,血族 (电视剧),0.9566442370414734,Q15070575,Culture.Media.Media*,4234574.0,2105.0916467546035,1.0,2461.0
15049,4.0,4234574.0,血族 (电视剧),0.9344051480293274,Q15070575,Culture.Media.Television,4234574.0,2105.0916467546035,1.0,2461.0
15050,4.0,4234574.0,血族 (电视剧),0.21124218606948847,Q15070575,Geography.Regions.Americas.North_America,4234574.0,2105.0916467546035,1.0,2461.0
15051,9.0,4239488.0,鐵路發展策略2014,0.2942249774932861,Q18236456,STEM.STEM*,4239488.0,90.44547495411284,10.0,964.0
15052,9.0,4239488.0,鐵路發展策略2014,0.0,Q18236456,Geography.Regions.Asia.Asia*,4239488.0,90.44547495411284,10.0,964.0
15053,9.0,4239488.0,鐵路發展策略2014,0.0,Q18236456,Geography.Regions.Americas.North_America,4239488.0,90.44547495411284,10.0,964.0
15054,9.0,4239488.0,鐵路發展策略2014,0.0,Q18236456,Geography.Regions.Europe.Europe*,4239488.0,90.44547495411284,10.0,964.0
15055,14.0,4240226.0,東九龍綫 (2014年方案),0.4843900501728058,Q18091365,History_and_Society.Transportation,4240226.0,2793.577071487052,10.0,1633.0
15056,14.0,4240226.0,東九龍綫 (2014年方案),0.4780457487106323,Q18091365,Geography.Regions.Asia.Asia*,4240226.0,2793.577071487052,10.0,1633.0
15057,14.0,4240226.0,東九龍綫 (2014年方案),0.4556442370414734,Q18091365,Geography.Regions.Asia.East_Asia,4240226.0,2793.577071487052,10.0,1633.0
15058,1.0,4241745.0,谷丽萍,0.990301549434662,Q18109616,Culture.Biography.Biography*,4241745.0,0.0,13.0,2874.0
15059,1.0,4241745.0,谷丽萍,0.3696072568893433,Q18109616,Geography.Regions.Asia.East_Asia,4241745.0,0.0,13.0,2874.0
15060,1.0,4241745.0,谷丽萍,0.275139719247818,Q18109616,Culture.Biography.Women,4241745.0,0.0,13.0,2874.0
15061,1.0,4241745.0,谷丽萍,0.15742753648757934,Q18109616,Geography.Regions.Asia.Asia*,4241745.0,0.0,13.0,2874.0
15062,1.0,4241745.0,谷丽萍,0.11597072333097458,Q18109616,History_and_Society.Business_and_economics,4241745.0,0.0,13.0,2874.0
15063,2.0,4243540.0,神州租車,0.5078218579292297,Q18091357,History_and_Society.Business_and_economics,4243540.0,0.0,10.0,3699.0
15064,2.0,4243540.0,神州租車,0.4959346523284912,Q18091357,Geography.Regions.Asia.East_Asia,4243540.0,0.0,10.0,3699.0
15065,2.0,4243540.0,神州租車,0.4946784844398498,Q18091357,Geography.Regions.Asia.Asia*,4243540.0,0.0,10.0,3699.0
15066,2.0,4243540.0,神州租車,0.11280541121959685,Q18091357,Culture.Food_and_drink,4243540.0,0.0,10.0,3699.0
15067,3.0,4259648.0,黃迪揚,1.0000100135803225,Q18165116,Culture.Biography.Biography*,4259648.0,1229.6751004234782,4.0,1528.0
15068,3.0,4259648.0,黃迪揚,0.9344051480293274,Q18165116,History_and_Society.Society,4259648.0,1229.6751004234782,4.0,1528.0
15069,3.0,4259648.0,黃迪揚,0.4089169969558716,Q18165116,Geography.Regions.Asia.East_Asia,4259648.0,1229.6751004234782,4.0,1528.0
15070,3.0,4259648.0,黃迪揚,0.4089169969558716,Q18165116,Geography.Regions.Asia.Asia*,4259648.0,1229.6751004234782,4.0,1528.0
15071,10.0,4267981.0,烈火戰車2極速傳說,0.9777238368988036,Q3521554,Culture.Media.Films,4267981.0,22392.90688139621,12.0,2803.0
15072,10.0,4267981.0,烈火戰車2極速傳說,0.94500470161438,Q3521554,Culture.Media.Media*,4267981.0,22392.90688139621,12.0,2803.0
15073,10.0,4267981.0,烈火戰車2極速傳說,0.4981540908813477,Q3521554,Geography.Regions.Asia.Asia*,4267981.0,22392.90688139621,12.0,2803.0
15074,10.0,4267981.0,烈火戰車2極速傳說,0.3070772161483765,Q3521554,Geography.Regions.Asia.Southeast_Asia,4267981.0,22392.90688139621,12.0,2803.0
15075,10.0,4267981.0,烈火戰車2極速傳說,0.2763098945617676,Q3521554,Geography.Regions.Asia.East_Asia,4267981.0,22392.90688139621,12.0,2803.0
15076,23.0,4268353.0,最终幻想X与X-2角色列表,1.0,Q2788406,Compilation.List_Disambig,4268353.0,1316.3937641816865,14.0,1772.0
15077,23.0,4268353.0,最终幻想X与X-2角色列表,0.7931159734725952,Q2788406,Culture.Literature,4268353.0,1316.3937641816865,14.0,1772.0
15078,23.0,4268353.0,最终幻想X与X-2角色列表,0.3276783227920532,Q2788406,Culture.Media.Media*,4268353.0,1316.3937641816865,14.0,1772.0
15079,23.0,4268353.0,最终幻想X与X-2角色列表,0.275139719247818,Q2788406,Culture.Visual_arts.Visual_arts*,4268353.0,1316.3937641816865,14.0,1772.0
15080,23.0,4268353.0,最终幻想X与X-2角色列表,0.16886694729328156,Q2788406,Culture.Visual_arts.Comics_and_Anime,4268353.0,1316.3937641816865,14.0,1772.0
15081,23.0,4268353.0,最终幻想X与X-2角色列表,0.0,Q2788406,Geography.Regions.Europe.Europe*,4268353.0,1316.3937641816865,14.0,1772.0
15082,15.0,4271502.0,出埃及記：天地王者,0.9859463572502136,Q14942871,Culture.Media.Media*,4271502.0,28461.17461496665,11.0,11053.0
15083,15.0,4271502.0,出埃及記：天地王者,0.9820237755775452,Q14942871,Culture.Media.Films,4271502.0,28461.17461496665,11.0,11053.0
15084,15.0,4271502.0,出埃及記：天地王者,0.11597072333097458,Q14942871,Culture.Media.Entertainment,4271502.0,28461.17461496665,11.0,11053.0
15085,15.0,4271502.0,出埃及記：天地王者,0.0,Q14942871,Geography.Regions.Americas.North_America,4271502.0,28461.17461496665,11.0,11053.0
15086,15.0,4271502.0,出埃及記：天地王者,0.0,Q14942871,Geography.Regions.Europe.Europe*,4271502.0,28461.17461496665,11.0,11053.0
15087,1.0,4272961.0,山道天橋,0.4515841474533081,Q18233932,Geography.Regions.Asia.East_Asia,4272961.0,0.0,3.0,484.0
15088,1.0,4272961.0,山道天橋,0.40366052293777466,Q18233932,Geography.Regions.Asia.Asia*,4272961.0,0.0,3.0,484.0
15089,1.0,4272961.0,山道天橋,0.19194278120994568,Q18233932,History_and_Society.Transportation,4272961.0,0.0,3.0,484.0
15090,2.0,4279792.0,即刻救援3,0.9924327731132508,Q16781911,Culture.Media.Films,4279792.0,0.0,6.0,1826.0
15091,2.0,4279792.0,即刻救援3,0.9886782765388488,Q16781911,Culture.Media.Media*,4279792.0,0.0,6.0,1826.0
15092,2.0,4279792.0,即刻救援3,0.0991983880996704,Q16781911,Geography.Regions.Americas.North_America,4279792.0,0.0,6.0,1826.0
15093,2.0,4279792.0,即刻救援3,0.0,Q16781911,Geography.Regions.Europe.Western_Europe,4279792.0,0.0,6.0,1826.0
15094,2.0,4279792.0,即刻救援3,0.0,Q16781911,Geography.Regions.Europe.Europe*,4279792.0,0.0,6.0,1826.0
15095,3.0,4283211.0,葛蘭特·格斯汀,0.9989112615585328,Q713820,Culture.Biography.Biography*,4283211.0,0.0,6.0,3546.0
15096,3.0,4283211.0,葛蘭特·格斯汀,0.4610267877578736,Q713820,Culture.Media.Media*,4283211.0,0.0,6.0,3546.0
15097,3.0,4283211.0,葛蘭特·格斯汀,0.2942249774932861,Q713820,Culture.Media.Television,4283211.0,0.0,6.0,3546.0
15098,3.0,4283211.0,葛蘭特·格斯汀,0.2509227991104126,Q713820,Culture.Biography.Women,4283211.0,0.0,6.0,3546.0
15099,3.0,4283211.0,葛蘭特·格斯汀,0.14415885508060455,Q713820,Culture.Media.Music,4283211.0,0.0,6.0,3546.0
15100,3.0,4283211.0,葛蘭特·格斯汀,0.11409788036346435,Q713820,Geography.Regions.Americas.North_America,4283211.0,0.0,6.0,3546.0
15101,7.0,4287672.0,共产主义政权下的大屠杀,1.0000100135803225,Q2235125,History_and_Society.Society,4287672.0,9125.081900180909,1.0,2954.0
15102,7.0,4287672.0,共产主义政权下的大屠杀,0.6076731681823729,Q2235125,History_and_Society.History,4287672.0,9125.081900180909,1.0,2954.0
15103,7.0,4287672.0,共产主义政权下的大屠杀,0.40734341740608215,Q2235125,History_and_Society.Politics_and_government,4287672.0,9125.081900180909,1.0,2954.0
15104,7.0,4287672.0,共产主义政权下的大屠杀,0.3775506913661957,Q2235125,Culture.Philosophy_and_religion,4287672.0,9125.081900180909,1.0,2954.0
15105,7.0,4287672.0,共产主义政权下的大屠杀,0.2069040536880493,Q2235125,History_and_Society.Military_and_warfare,4287672.0,9125.081900180909,1.0,2954.0
15106,7.0,4287672.0,共产主义政权下的大屠杀,0.18714269995689392,Q2235125,STEM.STEM*,4287672.0,9125.081900180909,1.0,2954.0
15107,7.0,4287672.0,共产主义政权下的大屠杀,0.1097157895565033,Q2235125,Culture.Biography.Women,4287672.0,9125.081900180909,1.0,2954.0
15108,7.0,4287672.0,共产主义政权下的大屠杀,0.1097157895565033,Q2235125,Culture.Biography.Biography*,4287672.0,9125.081900180909,1.0,2954.0
15109,7.0,4287672.0,共产主义政权下的大屠杀,0.0,Q2235125,Geography.Regions.Europe.Europe*,4287672.0,9125.081900180909,1.0,2954.0
15110,7.0,4287672.0,共产主义政权下的大屠杀,0.0,Q2235125,Geography.Regions.Asia.Asia*,4287672.0,9125.081900180909,1.0,2954.0
15111,7.0,4287672.0,共产主义政权下的大屠杀,0.0,Q2235125,Geography.Regions.Americas.North_America,4287672.0,9125.081900180909,1.0,2954.0
15112,18.0,4296565.0,杰里米·亨特,0.998803436756134,Q333533,Culture.Biography.Biography*,4296565.0,5377.928596477113,1.0,1284.0
15113,18.0,4296565.0,杰里米·亨特,0.9942797422409058,Q333533,History_and_Society.Politics_and_government,4296565.0,5377.928596477113,1.0,1284.0
15114,18.0,4296565.0,杰里米·亨特,0.5156299471855164,Q333533,History_and_Society.Education,4296565.0,5377.928596477113,1.0,1284.0
15115,18.0,4296565.0,杰里米·亨特,0.43892334604263306,Q333533,Geography.Regions.Europe.Europe*,4296565.0,5377.928596477113,1.0,1284.0
15116,18.0,4296565.0,杰里米·亨特,0.43713401460647583,Q333533,Geography.Regions.Europe.Northern_Europe,4296565.0,5377.928596477113,1.0,1284.0
15117,1.0,4298510.0,周小平,0.9830951094627379,Q18415704,Culture.Biography.Biography*,4298510.0,0.0,3.0,2903.0
15118,1.0,4298510.0,周小平,0.478677677154541,Q18415704,Geography.Regions.Asia.East_Asia,4298510.0,0.0,3.0,2903.0
15119,1.0,4298510.0,周小平,0.4649096002578735,Q18415704,Geography.Regions.Asia.Asia*,4298510.0,0.0,3.0,2903.0
15120,11.0,4299062.0,海闊天空 (Beyond歌曲),0.9814634323120116,Q18394978,Culture.Media.Music,4299062.0,21771.76991241255,3.0,2826.0
15121,11.0,4299062.0,海闊天空 (Beyond歌曲),0.9814634323120116,Q18394978,Culture.Media.Media*,4299062.0,21771.76991241255,3.0,2826.0
15122,11.0,4299062.0,海闊天空 (Beyond歌曲),0.2763098945617676,Q18394978,Geography.Regions.Asia.Asia*,4299062.0,21771.76991241255,3.0,2826.0
15123,11.0,4299062.0,海闊天空 (Beyond歌曲),0.0991983880996704,Q18394978,Geography.Regions.Asia.East_Asia,4299062.0,21771.76991241255,3.0,2826.0
15124,1.0,4301963.0,宙斯之子：赫拉克勒斯,0.9783946871757508,Q14522493,Culture.Media.Films,4301963.0,0.0,12.0,1547.0
15125,1.0,4301963.0,宙斯之子：赫拉克勒斯,0.9777238368988036,Q14522493,Culture.Media.Media*,4301963.0,0.0,12.0,1547.0
15126,1.0,4301963.0,宙斯之子：赫拉克勒斯,0.1824355274438858,Q14522493,Culture.Media.Entertainment,4301963.0,0.0,12.0,1547.0
15127,1.0,4301963.0,宙斯之子：赫拉克勒斯,0.15742753648757934,Q14522493,Geography.Regions.Americas.North_America,4301963.0,0.0,12.0,1547.0
15128,1.0,4301963.0,宙斯之子：赫拉克勒斯,0.0,Q14522493,Geography.Regions.Europe.Europe*,4301963.0,0.0,12.0,1547.0
15129,1.0,4301963.0,宙斯之子：赫拉克勒斯,0.0,Q14522493,Geography.Regions.Europe.Northern_Europe,4301963.0,0.0,12.0,1547.0
15130,3.0,4307158.0,陳雄文,1.0000100135803225,Q18415739,Culture.Biography.Biography*,4307158.0,6221.863283610294,5.0,916.0
15131,3.0,4307158.0,陳雄文,1.0000100135803225,Q18415739,History_and_Society.Society,4307158.0,6221.863283610294,5.0,916.0
15132,3.0,4307158.0,陳雄文,0.4985517134666443,Q18415739,Geography.Regions.Asia.East_Asia,4307158.0,6221.863283610294,5.0,916.0
15133,3.0,4307158.0,陳雄文,0.49653737449646,Q18415739,Geography.Regions.Asia.Asia*,4307158.0,6221.863283610294,5.0,916.0
15134,1.0,4318132.0,懼乳：傷心的奶水,0.9808859825134276,Q1129420,Culture.Media.Media*,4318132.0,0.0,1.0,1338.0
15135,1.0,4318132.0,懼乳：傷心的奶水,0.9748311638832092,Q1129420,Culture.Media.Films,4318132.0,0.0,1.0,1338.0
15136,1.0,4318132.0,懼乳：傷心的奶水,0.13297423720359802,Q1129420,History_and_Society.Society,4318132.0,0.0,1.0,1338.0
15137,1.0,4318132.0,懼乳：傷心的奶水,0.0,Q1129420,Geography.Regions.Europe.Europe*,4318132.0,0.0,1.0,1338.0
15138,1.0,4318132.0,懼乳：傷心的奶水,0.0,Q1129420,Geography.Regions.Americas.South_America,4318132.0,0.0,1.0,1338.0
15139,1.0,4320149.0,選戰,0.9763205647468568,Q18352961,Culture.Media.Media*,4320149.0,0.0,12.0,2991.0
15140,1.0,4320149.0,選戰,0.7122421860694885,Q18352961,Culture.Media.Television,4320149.0,0.0,12.0,2991.0
15141,1.0,4320149.0,選戰,0.3276783227920532,Q18352961,Culture.Media.Films,4320149.0,0.0,12.0,2991.0
15142,1.0,4320149.0,選戰,0.0,Q18352961,Geography.Regions.Asia.Asia*,4320149.0,0.0,12.0,2991.0
15143,1.0,4320149.0,選戰,0.0,Q18352961,Geography.Regions.Asia.East_Asia,4320149.0,0.0,12.0,2991.0
15144,3.0,4326720.0,魔彈之王與戰姬角色列表,1.0,Q18355295,Compilation.List_Disambig,4326720.0,9417.111460542828,13.0,1291.0
15145,3.0,4326720.0,魔彈之王與戰姬角色列表,0.9808859825134276,Q18355295,Culture.Literature,4326720.0,9417.111460542828,13.0,1291.0
15146,3.0,4326720.0,魔彈之王與戰姬角色列表,0.59267657995224,Q18355295,Culture.Media.Media*,4326720.0,9417.111460542828,13.0,1291.0
15147,3.0,4326720.0,魔彈之王與戰姬角色列表,0.3775506913661957,Q18355295,Culture.Media.Television,4326720.0,9417.111460542828,13.0,1291.0
15148,3.0,4326720.0,魔彈之王與戰姬角色列表,0.3629792034626007,Q18355295,Culture.Visual_arts.Comics_and_Anime,4326720.0,9417.111460542828,13.0,1291.0
15149,3.0,4326720.0,魔彈之王與戰姬角色列表,0.3557848632335663,Q18355295,Culture.Visual_arts.Visual_arts*,4326720.0,9417.111460542828,13.0,1291.0
15150,3.0,4326720.0,魔彈之王與戰姬角色列表,0.20182321965694427,Q18355295,Culture.Media.Entertainment,4326720.0,9417.111460542828,13.0,1291.0
15151,27.0,4331193.0,最终幻想系列的角色设计,0.2942249774932861,Q20534073,STEM.STEM*,4331193.0,86.81075717703388,14.0,2175.0
15152,27.0,4331193.0,最终幻想系列的角色设计,0.0,Q20534073,Geography.Regions.Asia.Asia*,4331193.0,86.81075717703388,14.0,2175.0
15153,27.0,4331193.0,最终幻想系列的角色设计,0.0,Q20534073,Geography.Regions.Americas.North_America,4331193.0,86.81075717703388,14.0,2175.0
15154,27.0,4331193.0,最终幻想系列的角色设计,0.0,Q20534073,Geography.Regions.Europe.Europe*,4331193.0,86.81075717703388,14.0,2175.0
15155,1.0,4333285.0,愈快乐愈堕落,0.9637899398803712,Q502608,Culture.Media.Films,4333285.0,0.0,12.0,2199.0
15156,1.0,4333285.0,愈快乐愈堕落,0.946606695652008,Q502608,Culture.Media.Media*,4333285.0,0.0,12.0,2199.0
15157,1.0,4333285.0,愈快乐愈堕落,0.7186043858528137,Q502608,History_and_Society.Society,4333285.0,0.0,12.0,2199.0
15158,1.0,4333285.0,愈快乐愈堕落,0.4849463572502136,Q502608,Geography.Regions.Asia.East_Asia,4333285.0,0.0,12.0,2199.0
15159,1.0,4333285.0,愈快乐愈堕落,0.4738311638832092,Q502608,Geography.Regions.Asia.Asia*,4333285.0,0.0,12.0,2199.0
15160,3.0,4333338.0,香港態度,1.0000100135803225,Q18669331,Culture.Internet_culture,4333338.0,15756.0,2.0,2061.0
15161,3.0,4333338.0,香港態度,1.0000100135803225,Q18669331,Culture.Media.Video_games,4333338.0,15756.0,2.0,2061.0
15162,3.0,4333338.0,香港態度,0.9984612464904784,Q18669331,Culture.Media.Media*,4333338.0,15756.0,2.0,2061.0
15163,3.0,4333338.0,香港態度,0.38304929637908935,Q18669331,Geography.Regions.Asia.East_Asia,4333338.0,15756.0,2.0,2061.0
15164,3.0,4333338.0,香港態度,0.2653036584854126,Q18669331,Geography.Regions.Asia.Asia*,4333338.0,15756.0,2.0,2061.0
15165,4.0,4338427.0,華倫夫婦,0.8080772161483765,Q717236,Culture.Biography.Biography*,4338427.0,4355.18294677958,6.0,3040.0
15166,4.0,4338427.0,華倫夫婦,0.14805719256401062,Q717236,Culture.Visual_arts.Visual_arts*,4338427.0,4355.18294677958,6.0,3040.0
15167,4.0,4338427.0,華倫夫婦,0.14415885508060455,Q717236,Culture.Sports,4338427.0,4355.18294677958,6.0,3040.0
15168,4.0,4338427.0,華倫夫婦,0.14034625887870789,Q717236,Culture.Biography.Women,4338427.0,4355.18294677958,6.0,3040.0
15169,4.0,4338427.0,華倫夫婦,0.1294127255678177,Q717236,Culture.Media.Media*,4338427.0,4355.18294677958,6.0,3040.0
15170,4.0,4338427.0,華倫夫婦,0.06118653917312623,Q717236,Geography.Regions.Americas.North_America,4338427.0,4355.18294677958,6.0,3040.0
15171,1.0,4353683.0,山本未來,0.9939124584197998,Q432963,Culture.Biography.Biography*,4353683.0,0.0,12.0,1111.0
15172,1.0,4353683.0,山本未來,0.35867373847961426,Q432963,Geography.Regions.Asia.Asia*,4353683.0,0.0,12.0,1111.0
15173,1.0,4353683.0,山本未來,0.25392501258850103,Q432963,Geography.Regions.Asia.East_Asia,4353683.0,0.0,12.0,1111.0
15174,1.0,4353683.0,山本未來,0.1520422399044037,Q432963,Culture.Media.Music,4353683.0,0.0,12.0,1111.0
15175,1.0,4353683.0,山本未來,0.1294127255678177,Q432963,Culture.Media.Media*,4353683.0,0.0,12.0,1111.0
15176,15.0,4354137.0,THE SHOW (SBS MTV節目),0.8933194279670715,Q18527399,Culture.Media.Media*,4354137.0,31328.911503552266,0.0,3090.0
15177,15.0,4354137.0,THE SHOW (SBS MTV節目),0.839743971824646,Q18527399,Culture.Media.Television,4354137.0,31328.911503552266,0.0,3090.0
15178,15.0,4354137.0,THE SHOW (SBS MTV節目),0.459371196269989,Q18527399,Geography.Regions.Asia.East_Asia,4354137.0,31328.911503552266,0.0,3090.0
15179,15.0,4354137.0,THE SHOW (SBS MTV節目),0.3764868249893189,Q18527399,Geography.Regions.Asia.Asia*,4354137.0,31328.911503552266,0.0,3090.0
15180,1.0,4354836.0,趙慧珊,0.9883227348327636,Q18533898,Culture.Biography.Biography*,4354836.0,0.0,12.0,2255.0
15181,1.0,4354836.0,趙慧珊,0.4937898983955383,Q18533898,Geography.Regions.Asia.East_Asia,4354836.0,0.0,12.0,2255.0
15182,1.0,4354836.0,趙慧珊,0.4815675487518311,Q18533898,Geography.Regions.Asia.Asia*,4354836.0,0.0,12.0,2255.0
15183,1.0,4354836.0,趙慧珊,0.4378334879875183,Q18533898,Culture.Biography.Women,4354836.0,0.0,12.0,2255.0
15184,1.0,4354836.0,趙慧珊,0.1824355274438858,Q18533898,Culture.Media.Music,4354836.0,0.0,12.0,2255.0
15185,1.0,4354836.0,趙慧珊,0.16886694729328156,Q18533898,Culture.Media.Media*,4354836.0,0.0,12.0,2255.0
15186,4.0,4355616.0,藤浪晋太郎,0.9919480085372924,Q392329,Culture.Biography.Biography*,4355616.0,1607.3381000942554,13.0,1079.0
15187,4.0,4355616.0,藤浪晋太郎,0.9219318628311156,Q392329,Culture.Sports,4355616.0,1607.3381000942554,13.0,1079.0
15188,4.0,4355616.0,藤浪晋太郎,0.12878464365005493,Q392329,Geography.Regions.Asia.Asia*,4355616.0,1607.3381000942554,13.0,1079.0
15189,4.0,4355616.0,藤浪晋太郎,0.06118653917312623,Q392329,Geography.Regions.Asia.East_Asia,4355616.0,1607.3381000942554,13.0,1079.0
15190,2.0,4355858.0,馬達加斯加爆走企鵝 (電影),0.9958112239837646,Q15616479,Culture.Media.Films,4355858.0,1315.8619464742594,11.0,2009.0
15191,2.0,4355858.0,馬達加斯加爆走企鵝 (電影),0.99219411611557,Q15616479,Culture.Media.Media*,4355858.0,1315.8619464742594,11.0,2009.0
15192,2.0,4355858.0,馬達加斯加爆走企鵝 (電影),0.4455395638942719,Q15616479,Culture.Media.Entertainment,4355858.0,1315.8619464742594,11.0,2009.0
15193,2.0,4355858.0,馬達加斯加爆走企鵝 (電影),0.338743971824646,Q15616479,Geography.Regions.Americas.North_America,4355858.0,1315.8619464742594,11.0,2009.0
15194,2.0,4355858.0,馬達加斯加爆走企鵝 (電影),0.1824355274438858,Q15616479,Culture.Visual_arts.Visual_arts*,4355858.0,1315.8619464742594,11.0,2009.0
15195,2.0,4355858.0,馬達加斯加爆走企鵝 (電影),0.1824355274438858,Q15616479,Culture.Visual_arts.Comics_and_Anime,4355858.0,1315.8619464742594,11.0,2009.0
15196,2.0,4355858.0,馬達加斯加爆走企鵝 (電影),0.1824355274438858,Q15616479,Culture.Literature,4355858.0,1315.8619464742594,11.0,2009.0
15197,2.0,4355858.0,馬達加斯加爆走企鵝 (電影),0.10088862478733064,Q15616479,Culture.Internet_culture,4355858.0,1315.8619464742594,11.0,2009.0
15198,13.0,4356631.0,黃飛鴻之英雄有夢,0.9985549449920654,Q17183161,Culture.Media.Films,4356631.0,31157.50093206792,12.0,3875.0
15199,13.0,4356631.0,黃飛鴻之英雄有夢,0.9969346523284912,Q17183161,Culture.Media.Media*,4356631.0,31157.50093206792,12.0,3875.0
15200,13.0,4356631.0,黃飛鴻之英雄有夢,0.4406641592979431,Q17183161,Geography.Regions.Asia.Asia*,4356631.0,31157.50093206792,12.0,3875.0
15201,13.0,4356631.0,黃飛鴻之英雄有夢,0.348655104637146,Q17183161,Culture.Sports,4356631.0,31157.50093206792,12.0,3875.0
15202,13.0,4356631.0,黃飛鴻之英雄有夢,0.2763098945617676,Q17183161,Geography.Regions.Asia.East_Asia,4356631.0,31157.50093206792,12.0,3875.0
15203,2.0,4361481.0,古戰場傳奇,0.9637899398803712,Q15072906,Culture.Media.Media*,4361481.0,3942.0,14.0,2886.0
15204,2.0,4361481.0,古戰場傳奇,0.9344051480293274,Q15072906,Culture.Media.Television,4361481.0,3942.0,14.0,2886.0
15205,2.0,4361481.0,古戰場傳奇,0.2069040536880493,Q15072906,Culture.Media.Entertainment,4361481.0,3942.0,14.0,2886.0
15206,2.0,4361481.0,古戰場傳奇,0.0,Q15072906,Geography.Regions.Europe.Europe*,4361481.0,3942.0,14.0,2886.0
15207,2.0,4361481.0,古戰場傳奇,0.0,Q15072906,Geography.Regions.Americas.North_America,4361481.0,3942.0,14.0,2886.0
15208,2.0,4361481.0,古戰場傳奇,0.0,Q15072906,Geography.Regions.Europe.Northern_Europe,4361481.0,3942.0,14.0,2886.0
15209,2.0,4363871.0,謝雷 (歌手),1.0000100135803225,Q18659301,Culture.Biography.Biography*,4363871.0,5284.861776038595,4.0,1550.0
15210,2.0,4363871.0,謝雷 (歌手),0.9706977605819702,Q18659301,History_and_Society.Society,4363871.0,5284.861776038595,4.0,1550.0
15211,2.0,4363871.0,謝雷 (歌手),0.4880230894088745,Q18659301,Geography.Regions.Asia.East_Asia,4363871.0,5284.861776038595,4.0,1550.0
15212,2.0,4363871.0,謝雷 (歌手),0.4760326614379883,Q18659301,Geography.Regions.Asia.Asia*,4363871.0,5284.861776038595,4.0,1550.0
15213,2.0,4363871.0,謝雷 (歌手),0.23371636867523196,Q18659301,Culture.Media.Media*,4363871.0,5284.861776038595,4.0,1550.0
15214,2.0,4363871.0,謝雷 (歌手),0.12253321707248688,Q18659301,Culture.Media.Music,4363871.0,5284.861776038595,4.0,1550.0
15215,15.0,4375517.0,張國榮音樂作品列表,1.0000100135803225,Q14556937,Culture.Media.Music,4375517.0,7141.237308994315,12.0,3337.0
15216,15.0,4375517.0,張國榮音樂作品列表,0.9993221759796144,Q14556937,Culture.Media.Media*,4375517.0,7141.237308994315,12.0,3337.0
15217,15.0,4375517.0,張國榮音樂作品列表,0.08411114120483397,Q14556937,Geography.Regions.Asia.East_Asia,4375517.0,7141.237308994315,12.0,3337.0
15218,15.0,4375517.0,張國榮音樂作品列表,0.0,Q14556937,Geography.Regions.Asia.Asia*,4375517.0,7141.237308994315,12.0,3337.0
15219,1.0,4385584.0,鄭允鶴,0.91965252161026,Q493619,Culture.Biography.Biography*,4385584.0,0.0,0.0,4122.0
15220,1.0,4385584.0,鄭允鶴,0.5312193632125854,Q493619,Culture.Media.Music,4385584.0,0.0,0.0,4122.0
15221,1.0,4385584.0,鄭允鶴,0.4649096002578735,Q493619,Geography.Regions.Asia.East_Asia,4385584.0,0.0,0.0,4122.0
15222,1.0,4385584.0,鄭允鶴,0.42531375789642334,Q493619,Geography.Regions.Asia.Asia*,4385584.0,0.0,0.0,4122.0
15223,1.0,4385584.0,鄭允鶴,0.26285186409950256,Q493619,Culture.Media.Media*,4385584.0,0.0,0.0,4122.0
15224,1.0,4395053.0,火山孝子,0.2942249774932861,Q18654406,STEM.STEM*,4395053.0,0.0,4.0,2329.0
15225,1.0,4395053.0,火山孝子,0.0,Q18654406,Geography.Regions.Asia.Asia*,4395053.0,0.0,4.0,2329.0
15226,1.0,4395053.0,火山孝子,0.0,Q18654406,Geography.Regions.Americas.North_America,4395053.0,0.0,4.0,2329.0
15227,1.0,4395053.0,火山孝子,0.0,Q18654406,Geography.Regions.Europe.Europe*,4395053.0,0.0,4.0,2329.0
15228,4.0,4399940.0,聯合鐵路,0.9697954058647156,Q633760,History_and_Society.Transportation,4399940.0,3942.0,17.0,1070.0
15229,4.0,4399940.0,聯合鐵路,0.30218379402160644,Q633760,Geography.Regions.Americas.North_America,4399940.0,3942.0,17.0,1070.0
15230,4.0,4399940.0,聯合鐵路,0.22816647589206696,Q633760,History_and_Society.Business_and_economics,4399940.0,3942.0,17.0,1070.0
15231,7.0,4400962.0,許淑華 (南投縣),1.0000100135803225,Q18659220,Culture.Biography.Biography*,4400962.0,2287.1720955892497,2.0,2981.0
15232,7.0,4400962.0,許淑華 (南投縣),0.9996640086174012,Q18659220,History_and_Society.Society,4400962.0,2287.1720955892497,2.0,2981.0
15233,7.0,4400962.0,許淑華 (南投縣),0.94500470161438,Q18659220,Culture.Biography.Women,4400962.0,2287.1720955892497,2.0,2981.0
15234,7.0,4400962.0,許淑華 (南投縣),0.4876782765388489,Q18659220,Geography.Regions.Asia.East_Asia,4400962.0,2287.1720955892497,2.0,2981.0
15235,7.0,4400962.0,許淑華 (南投縣),0.4649096002578735,Q18659220,Geography.Regions.Asia.Asia*,4400962.0,2287.1720955892497,2.0,2981.0
15236,3.0,4406705.0,末日崩塌,0.9966334104537964,Q15973073,Culture.Media.Films,4406705.0,11820.0,6.0,4287.0
15237,3.0,4406705.0,末日崩塌,0.9935217499732972,Q15973073,Culture.Media.Media*,4406705.0,11820.0,6.0,4287.0
15238,3.0,4406705.0,末日崩塌,0.22816647589206696,Q15973073,Culture.Media.Entertainment,4406705.0,11820.0,6.0,4287.0
15239,3.0,4406705.0,末日崩塌,0.1097157895565033,Q15973073,Culture.Visual_arts.Comics_and_Anime,4406705.0,11820.0,6.0,4287.0
15240,3.0,4406705.0,末日崩塌,0.1067005917429924,Q15973073,Culture.Literature,4406705.0,11820.0,6.0,4287.0
15241,3.0,4406705.0,末日崩塌,0.04574816131591797,Q15973073,Geography.Regions.Americas.North_America,4406705.0,11820.0,6.0,4287.0
15242,1.0,4407784.0,量子點顯示器,0.9808859825134276,Q1969361,STEM.Technology,4407784.0,0.0,10.0,2240.0
15243,1.0,4407784.0,量子點顯示器,0.9777238368988036,Q1969361,STEM.STEM*,4407784.0,0.0,10.0,2240.0
15244,4.0,4408055.0,俺物語！！,1.0000100135803225,Q11386529,Culture.Literature,4408055.0,2507.14091860094,13.0,2150.0
15245,4.0,4408055.0,俺物語！！,1.0000100135803225,Q11386529,Culture.Visual_arts.Comics_and_Anime,4408055.0,2507.14091860094,13.0,2150.0
15246,4.0,4408055.0,俺物語！！,1.0000100135803225,Q11386529,Culture.Visual_arts.Visual_arts*,4408055.0,2507.14091860094,13.0,2150.0
15247,4.0,4408055.0,俺物語！！,0.24509501457214355,Q11386529,Culture.Media.Media*,4408055.0,2507.14091860094,13.0,2150.0
15248,1.0,4415019.0,瑪莉亞·瓦維德,0.9972090721130372,Q242281,Culture.Biography.Biography*,4415019.0,0.0,11.0,1138.0
15249,1.0,4415019.0,瑪莉亞·瓦維德,0.6859594583511353,Q242281,Culture.Biography.Women,4415019.0,0.0,11.0,1138.0
15250,1.0,4415019.0,瑪莉亞·瓦維德,0.10667316818237303,Q242281,Geography.Regions.Europe.Europe*,4415019.0,0.0,11.0,1138.0
15251,1.0,4415019.0,瑪莉亞·瓦維德,0.0,Q242281,Geography.Regions.Europe.Southern_Europe,4415019.0,0.0,11.0,1138.0
15252,1.0,4415019.0,瑪莉亞·瓦維德,0.0,Q242281,Geography.Regions.Americas.South_America,4415019.0,0.0,11.0,1138.0
15253,24.0,4421106.0,賭城風雲II,0.9433575868606568,Q18603030,Culture.Media.Media*,4421106.0,72467.97001399181,12.0,2385.0
15254,24.0,4421106.0,賭城風雲II,0.7718535065650941,Q18603030,Culture.Media.Films,4421106.0,72467.97001399181,12.0,2385.0
15255,24.0,4421106.0,賭城風雲II,0.4889964332580566,Q18603030,Geography.Regions.Asia.East_Asia,4421106.0,72467.97001399181,12.0,2385.0
15256,24.0,4421106.0,賭城風雲II,0.4840529432296753,Q18603030,Geography.Regions.Asia.Asia*,4421106.0,72467.97001399181,12.0,2385.0
15257,4.0,4424265.0,蠟筆小新：我的搬家物語 仙人掌大襲擊,0.9802908897399902,Q18618791,Culture.Media.Films,4424265.0,5305.37984078688,14.0,1423.0
15258,4.0,4424265.0,蠟筆小新：我的搬家物語 仙人掌大襲擊,0.9777238368988036,Q18618791,Culture.Media.Media*,4424265.0,5305.37984078688,14.0,1423.0
15259,4.0,4424265.0,蠟筆小新：我的搬家物語 仙人掌大襲擊,0.8991314172744751,Q18618791,Culture.Visual_arts.Comics_and_Anime,4424265.0,5305.37984078688,14.0,1423.0
15260,4.0,4424265.0,蠟筆小新：我的搬家物語 仙人掌大襲擊,0.8558611869812012,Q18618791,Culture.Visual_arts.Visual_arts*,4424265.0,5305.37984078688,14.0,1423.0
15261,4.0,4424265.0,蠟筆小新：我的搬家物語 仙人掌大襲擊,0.812877357006073,Q18618791,Culture.Literature,4424265.0,5305.37984078688,14.0,1423.0
15262,4.0,4424265.0,蠟筆小新：我的搬家物語 仙人掌大襲擊,0.10667316818237303,Q18618791,Geography.Regions.Asia.Asia*,4424265.0,5305.37984078688,14.0,1423.0
15263,4.0,4424265.0,蠟筆小新：我的搬家物語 仙人掌大襲擊,0.0,Q18618791,Geography.Regions.Asia.East_Asia,4424265.0,5305.37984078688,14.0,1423.0
15264,5.0,4425286.0,何艷娟,0.9916942119598388,Q19854304,Culture.Biography.Biography*,4425286.0,3942.0,7.0,2551.0
15265,5.0,4425286.0,何艷娟,0.4314633479118347,Q19854304,Geography.Regions.Asia.East_Asia,4425286.0,3942.0,7.0,2551.0
15266,5.0,4425286.0,何艷娟,0.3276783227920532,Q19854304,Culture.Biography.Women,4425286.0,3942.0,7.0,2551.0
15267,5.0,4425286.0,何艷娟,0.3165845146179199,Q19854304,Geography.Regions.Asia.Asia*,4425286.0,3942.0,7.0,2551.0
15268,1.0,4438422.0,斯伦贝谢有限公司,0.8311530351638794,Q1425316,History_and_Society.Business_and_economics,4438422.0,0.0,10.0,848.0
15269,1.0,4438422.0,斯伦贝谢有限公司,0.6150978803634644,Q1425316,STEM.STEM*,4438422.0,0.0,10.0,848.0
15270,1.0,4438422.0,斯伦贝谢有限公司,0.38492217659950256,Q1425316,STEM.Technology,4438422.0,0.0,10.0,848.0
15271,1.0,4438422.0,斯伦贝谢有限公司,0.10667316818237303,Q1425316,Geography.Regions.Americas.North_America,4438422.0,0.0,10.0,848.0
15272,1.0,4438422.0,斯伦贝谢有限公司,0.10088862478733064,Q1425316,History_and_Society.Society,4438422.0,0.0,10.0,848.0
15273,1.0,4440984.0,紐斯特利亞,0.7122421860694885,Q106577,History_and_Society.History,4440984.0,0.0,13.0,661.0
15274,1.0,4440984.0,紐斯特利亞,0.30218379402160644,Q106577,Geography.Regions.Europe.Europe*,4440984.0,0.0,13.0,661.0
15275,1.0,4440984.0,紐斯特利亞,0.21760438585281366,Q106577,Geography.Regions.Europe.Western_Europe,4440984.0,0.0,13.0,661.0
15276,1.0,4440984.0,紐斯特利亞,0.14034625887870789,Q106577,History_and_Society.Society,4440984.0,0.0,13.0,661.0
15277,1.0,4440984.0,紐斯特利亞,0.11597072333097458,Q106577,Culture.Philosophy_and_religion,4440984.0,0.0,13.0,661.0
15278,2.0,4443221.0,海陸客語,0.9626831412315368,Q19855025,Culture.Linguistics,4443221.0,0.0,2.0,950.0
15279,2.0,4443221.0,海陸客語,0.0,Q19855025,Geography.Regions.Asia.Asia*,4443221.0,0.0,2.0,950.0
15280,2.0,4443221.0,海陸客語,0.0,Q19855025,Geography.Regions.Asia.South_Asia,4443221.0,0.0,2.0,950.0
15281,2.0,4443221.0,海陸客語,0.0,Q19855025,Geography.Regions.Asia.East_Asia,4443221.0,0.0,2.0,950.0
15282,2.0,4443221.0,海陸客語,0.0,Q19855025,Geography.Regions.Africa.Africa*,4443221.0,0.0,2.0,950.0
15283,5.0,4444293.0,真正的男人,0.9124462008476256,Q12618363,Culture.Media.Television,4444293.0,7448.303206696491,0.0,2895.0
15284,5.0,4444293.0,真正的男人,0.8558611869812012,Q12618363,Culture.Media.Media*,4444293.0,7448.303206696491,0.0,2895.0
15285,5.0,4444293.0,真正的男人,0.338743971824646,Q12618363,Geography.Regions.Asia.East_Asia,4444293.0,7448.303206696491,0.0,2895.0
15286,5.0,4444293.0,真正的男人,0.311877357006073,Q12618363,Geography.Regions.Asia.Asia*,4444293.0,7448.303206696491,0.0,2895.0
15287,6.0,4451119.0,吉勒摩·戴托羅,0.997894287109375,Q219124,Culture.Biography.Biography*,4451119.0,16340.076851839172,1.0,2087.0
15288,6.0,4451119.0,吉勒摩·戴托羅,0.2814156115055084,Q219124,Culture.Media.Media*,4451119.0,16340.076851839172,1.0,2087.0
15289,6.0,4451119.0,吉勒摩·戴托羅,0.24809722805023196,Q219124,Geography.Regions.Americas.North_America,4451119.0,16340.076851839172,1.0,2087.0
15290,6.0,4451119.0,吉勒摩·戴托羅,0.14415885508060455,Q219124,Culture.Media.Entertainment,4451119.0,16340.076851839172,1.0,2087.0
15291,6.0,4451119.0,吉勒摩·戴托羅,0.0,Q219124,Geography.Regions.Europe.Europe*,4451119.0,16340.076851839172,1.0,2087.0
15292,3.0,4454059.0,雛妓 (2015年電影),0.989681839942932,Q19551081,Culture.Media.Films,4454059.0,0.0,12.0,2228.0
15293,3.0,4454059.0,雛妓 (2015年電影),0.9859463572502136,Q19551081,Culture.Media.Media*,4454059.0,0.0,12.0,2228.0
15294,3.0,4454059.0,雛妓 (2015年電影),0.4687954058647156,Q19551081,Geography.Regions.Asia.Asia*,4454059.0,0.0,12.0,2228.0
15295,3.0,4454059.0,雛妓 (2015年電影),0.10667316818237303,Q19551081,Geography.Regions.Asia.East_Asia,4454059.0,0.0,12.0,2228.0
15296,7.0,4459673.0,道士下山,0.9637899398803712,Q17011429,Culture.Media.Media*,4459673.0,5953.864846239188,12.0,6594.0
15297,7.0,4459673.0,道士下山,0.9304682612419128,Q17011429,Culture.Media.Films,4459673.0,5953.864846239188,12.0,6594.0
15298,7.0,4459673.0,道士下山,0.4440047016143799,Q17011429,Geography.Regions.Asia.East_Asia,4459673.0,5953.864846239188,12.0,6594.0
15299,7.0,4459673.0,道士下山,0.3862146010398865,Q17011429,Geography.Regions.Asia.Asia*,4459673.0,5953.864846239188,12.0,6594.0
15300,1.0,4463345.0,高信疆,0.994098961353302,Q19854070,Culture.Biography.Biography*,4463345.0,0.0,2.0,749.0
15301,1.0,4463345.0,高信疆,0.7879412174224854,Q19854070,History_and_Society.Society,4463345.0,0.0,2.0,749.0
15302,1.0,4463345.0,高信疆,0.6992644667625427,Q19854070,Culture.Biography.Women,4463345.0,0.0,2.0,749.0
15303,1.0,4463345.0,高信疆,0.4950646033287048,Q19854070,Geography.Regions.Asia.East_Asia,4463345.0,0.0,2.0,749.0
15304,1.0,4463345.0,高信疆,0.4873227348327637,Q19854070,Geography.Regions.Asia.Asia*,4463345.0,0.0,2.0,749.0
15305,1.0,4463345.0,高信疆,0.20182321965694427,Q19854070,Culture.Media.Media*,4463345.0,0.0,2.0,749.0
15306,1.0,4463345.0,高信疆,0.16027602553367615,Q19854070,Culture.Sports,4463345.0,0.0,2.0,749.0
15307,3.0,4464225.0,三寶要回家,0.9362950325012208,Q19851413,Culture.Media.Television,4464225.0,944.4294634562492,4.0,2951.0
15308,3.0,4464225.0,三寶要回家,0.880807101726532,Q19851413,Culture.Media.Media*,4464225.0,944.4294634562492,4.0,2951.0
15309,3.0,4464225.0,三寶要回家,0.0,Q19851413,Geography.Regions.Asia.Asia*,4464225.0,944.4294634562492,4.0,2951.0
15310,6.0,4469240.0,五個小孩的校長,0.9591643214225768,Q19598308,Culture.Media.Media*,4469240.0,20675.273063741744,12.0,2011.0
15311,6.0,4469240.0,五個小孩的校長,0.8175845146179199,Q19598308,Culture.Media.Films,4469240.0,20675.273063741744,12.0,2011.0
15312,6.0,4469240.0,五個小孩的校長,0.15036486291885376,Q19598308,Geography.Regions.Asia.Asia*,4469240.0,20675.273063741744,12.0,2011.0
15313,6.0,4469240.0,五個小孩的校長,0.13604079389572146,Q19598308,Geography.Regions.Asia.East_Asia,4469240.0,20675.273063741744,12.0,2011.0
15314,3.0,4469806.0,林于如連續殺人案,0.9859463572502136,Q19852005,Culture.Biography.Biography*,4469806.0,0.0,2.0,1859.0
15315,3.0,4469806.0,林于如連續殺人案,0.287777841091156,Q19852005,Culture.Biography.Women,4469806.0,0.0,2.0,1859.0
15316,3.0,4469806.0,林于如連續殺人案,0.1778208613395691,Q19852005,History_and_Society.History,4469806.0,0.0,2.0,1859.0
15317,3.0,4469806.0,林于如連續殺人案,0.0,Q19852005,Geography.Regions.Asia.Asia*,4469806.0,0.0,2.0,1859.0
15318,1.0,4471380.0,黑帽駭客,0.9937201142311096,Q13424932,Culture.Media.Films,4471380.0,0.0,12.0,753.0
15319,1.0,4471380.0,黑帽駭客,0.9883227348327636,Q13424932,Culture.Media.Media*,4471380.0,0.0,12.0,753.0
15320,1.0,4471380.0,黑帽駭客,0.06118653917312623,Q13424932,Geography.Regions.Americas.North_America,4471380.0,0.0,12.0,753.0
15321,1.0,4471380.0,黑帽駭客,0.0,Q13424932,Geography.Regions.Europe.Europe*,4471380.0,0.0,12.0,753.0
15322,1.0,4471380.0,黑帽駭客,0.0,Q13424932,Geography.Regions.Europe.Northern_Europe,4471380.0,0.0,12.0,753.0
15323,6.0,4475932.0,新半斤八兩,0.94500470161438,Q11334184,Culture.Media.Media*,4475932.0,4246.358046518936,12.0,1672.0
15324,6.0,4475932.0,新半斤八兩,0.9149109721183776,Q11334184,Culture.Media.Films,4475932.0,4246.358046518936,12.0,1672.0
15325,6.0,4475932.0,新半斤八兩,0.4831036200523377,Q11334184,Geography.Regions.Asia.East_Asia,4475932.0,4246.358046518936,12.0,1672.0
15326,6.0,4475932.0,新半斤八兩,0.4767238368988037,Q11334184,Geography.Regions.Asia.Asia*,4475932.0,4246.358046518936,12.0,1672.0
15327,2.0,4488327.0,梁凱莉,1.0000100135803225,Q19851538,Culture.Biography.Biography*,4488327.0,3942.0,4.0,2764.0
15328,2.0,4488327.0,梁凱莉,0.9019306898117064,Q19851538,History_and_Society.Society,4488327.0,3942.0,4.0,2764.0
15329,2.0,4488327.0,梁凱莉,0.4815675487518311,Q19851538,Geography.Regions.Asia.East_Asia,4488327.0,3942.0,4.0,2764.0
15330,2.0,4488327.0,梁凱莉,0.4678661694526672,Q19851538,Geography.Regions.Asia.Asia*,4488327.0,3942.0,4.0,2764.0
15331,2.0,4488327.0,梁凱莉,0.275139719247818,Q19851538,Culture.Biography.Women,4488327.0,3942.0,4.0,2764.0
15332,2.0,4490354.0,乔治·佩尔,0.9982553720474244,Q434118,Culture.Biography.Biography*,4490354.0,3126.6431350792,10.0,5098.0
15333,2.0,4490354.0,乔治·佩尔,0.8439050912857056,Q434118,Culture.Philosophy_and_religion,4490354.0,3126.6431350792,10.0,5098.0
15334,2.0,4490354.0,乔治·佩尔,0.0,Q434118,Geography.Regions.Oceania,4490354.0,3126.6431350792,10.0,5098.0
15335,2.0,4490354.0,乔治·佩尔,0.0,Q434118,Geography.Regions.Europe.Europe*,4490354.0,3126.6431350792,10.0,5098.0
15336,2.0,4490354.0,乔治·佩尔,0.0,Q434118,Geography.Regions.Asia.Asia*,4490354.0,3126.6431350792,10.0,5098.0
15337,1.0,4497993.0,高次軒,1.0000100135803225,Q6387921,Culture.Biography.Biography*,4497993.0,0.0,10.0,2238.0
15338,1.0,4497993.0,高次軒,0.6001983880996704,Q6387921,History_and_Society.Society,4497993.0,0.0,10.0,2238.0
15339,1.0,4497993.0,高次軒,0.4949398508071899,Q6387921,Geography.Regions.Asia.East_Asia,4497993.0,0.0,10.0,2238.0
15340,1.0,4497993.0,高次軒,0.4831036200523377,Q6387921,Geography.Regions.Asia.Asia*,4497993.0,0.0,10.0,2238.0
15341,1.0,4497993.0,高次軒,0.10088862478733064,Q6387921,History_and_Society.Business_and_economics,4497993.0,0.0,10.0,2238.0
15342,1.0,4504120.0,张国伟 (跳高运动员),1.0000100135803225,Q197185,Culture.Sports,4504120.0,0.0,5.0,2356.0
15343,1.0,4504120.0,张国伟 (跳高运动员),0.997894287109375,Q197185,Culture.Biography.Biography*,4504120.0,0.0,5.0,2356.0
15344,1.0,4504120.0,张国伟 (跳高运动员),0.0,Q197185,Geography.Regions.Asia.Asia*,4504120.0,0.0,5.0,2356.0
15345,1.0,4504120.0,张国伟 (跳高运动员),0.0,Q197185,Geography.Regions.Asia.East_Asia,4504120.0,0.0,5.0,2356.0
15346,15.0,4507915.0,解救吾先生,0.9926641583442688,Q19107599,Culture.Media.Films,4507915.0,3732.790873576426,12.0,1306.0
15347,15.0,4507915.0,解救吾先生,0.99219411611557,Q19107599,Culture.Media.Media*,4507915.0,3732.790873576426,12.0,1306.0
15348,15.0,4507915.0,解救吾先生,0.30218379402160644,Q19107599,Geography.Regions.Asia.East_Asia,4507915.0,3732.790873576426,12.0,1306.0
15349,15.0,4507915.0,解救吾先生,0.16442059183120727,Q19107599,Geography.Regions.Asia.Asia*,4507915.0,3732.790873576426,12.0,1306.0
15350,4.0,4508998.0,可塑性記憶,1.0000100135803225,Q18392631,Culture.Visual_arts.Comics_and_Anime,4508998.0,5807.140660712615,13.0,3010.0
15351,4.0,4508998.0,可塑性記憶,1.0000100135803225,Q18392631,Culture.Visual_arts.Visual_arts*,4508998.0,5807.140660712615,13.0,3010.0
15352,4.0,4508998.0,可塑性記憶,1.0000100135803225,Q18392631,Culture.Literature,4508998.0,5807.140660712615,13.0,3010.0
15353,4.0,4508998.0,可塑性記憶,0.16027602553367615,Q18392631,Culture.Media.Media*,4508998.0,5807.140660712615,13.0,3010.0
15354,18.0,4513747.0,中華民國是臺灣,1.0000100135803225,Q19851748,Culture.Biography.Biography*,4513747.0,12344.616998261543,5.0,3373.0
15355,18.0,4513747.0,中華民國是臺灣,1.0000100135803225,Q19851748,History_and_Society.Society,4513747.0,12344.616998261543,5.0,3373.0
15356,18.0,4513747.0,中華民國是臺灣,0.4990100135803223,Q19851748,Geography.Regions.Asia.East_Asia,4513747.0,12344.616998261543,5.0,3373.0
15357,18.0,4513747.0,中華民國是臺灣,0.4990100135803223,Q19851748,Geography.Regions.Asia.Asia*,4513747.0,12344.616998261543,5.0,3373.0
15358,18.0,4513747.0,中華民國是臺灣,0.4843900501728058,Q19851748,STEM.STEM*,4513747.0,12344.616998261543,5.0,3373.0
15359,18.0,4513747.0,中華民國是臺灣,0.40734341740608215,Q19851748,STEM.Earth_and_environment,4513747.0,12344.616998261543,5.0,3373.0
15360,18.0,4513747.0,中華民國是臺灣,0.2509227991104126,Q19851748,History_and_Society.Politics_and_government,4513747.0,12344.616998261543,5.0,3373.0
15361,18.0,4513747.0,中華民國是臺灣,0.24509501457214355,Q19851748,Culture.Visual_arts.Architecture,4513747.0,12344.616998261543,5.0,3373.0
15362,18.0,4513747.0,中華民國是臺灣,0.21734751760959625,Q19851748,History_and_Society.Business_and_economics,4513747.0,12344.616998261543,5.0,3373.0
15363,18.0,4513747.0,中華民國是臺灣,0.2069040536880493,Q19851748,History_and_Society.Education,4513747.0,12344.616998261543,5.0,3373.0
15364,18.0,4513747.0,中華民國是臺灣,0.19194278120994568,Q19851748,Culture.Media.Television,4513747.0,12344.616998261543,5.0,3373.0
15365,18.0,4513747.0,中華民國是臺灣,0.1732981950044632,Q19851748,Culture.Visual_arts.Visual_arts*,4513747.0,12344.616998261543,5.0,3373.0
15366,18.0,4513747.0,中華民國是臺灣,0.16027602553367615,Q19851748,Culture.Media.Media*,4513747.0,12344.616998261543,5.0,3373.0
15367,2.0,4514039.0,潘冠霖,0.9996530413627625,Q18610203,Culture.Biography.Biography*,4514039.0,122.93231949909998,12.0,2621.0
15368,2.0,4514039.0,潘冠霖,0.6513648629188538,Q18610203,Culture.Biography.Women,4514039.0,122.93231949909998,12.0,2621.0
15369,2.0,4514039.0,潘冠霖,0.29719679260253906,Q18610203,Geography.Regions.Asia.Asia*,4514039.0,122.93231949909998,12.0,2621.0
15370,2.0,4514039.0,潘冠霖,0.2763098945617676,Q18610203,Geography.Regions.Asia.East_Asia,4514039.0,122.93231949909998,12.0,2621.0
15371,2.0,4514039.0,潘冠霖,0.2689514458179474,Q18610203,Culture.Visual_arts.Fashion,4514039.0,122.93231949909998,12.0,2621.0
15372,2.0,4514039.0,潘冠霖,0.14805719256401062,Q18610203,History_and_Society.Society,4514039.0,122.93231949909998,12.0,2621.0
15373,2.0,4514039.0,潘冠霖,0.14805719256401062,Q18610203,Culture.Visual_arts.Visual_arts*,4514039.0,122.93231949909998,12.0,2621.0
15374,2.0,4514039.0,潘冠霖,0.12253321707248688,Q18610203,Culture.Media.Music,4514039.0,122.93231949909998,12.0,2621.0
15375,2.0,4514039.0,潘冠霖,0.11921291798353195,Q18610203,Culture.Media.Media*,4514039.0,122.93231949909998,12.0,2621.0
15376,1.0,4520448.0,扎克·拉文,1.0000100135803225,Q15908942,Culture.Sports,4520448.0,0.0,3.0,1298.0
15377,1.0,4520448.0,扎克·拉文,0.998803436756134,Q15908942,Culture.Biography.Biography*,4520448.0,0.0,3.0,1298.0
15378,1.0,4520448.0,扎克·拉文,0.0,Q15908942,Geography.Regions.Americas.North_America,4520448.0,0.0,3.0,1298.0
15379,22.0,4522620.0,羅冠聰,0.992888569831848,Q24701019,Culture.Biography.Biography*,4522620.0,36599.14128556541,3.0,7971.0
15380,22.0,4522620.0,羅冠聰,0.37980710172653204,Q24701019,Geography.Regions.Asia.East_Asia,4522620.0,36599.14128556541,3.0,7971.0
15381,22.0,4522620.0,羅冠聰,0.32119916582107544,Q24701019,Geography.Regions.Asia.Asia*,4522620.0,36599.14128556541,3.0,7971.0
15382,4.0,4531336.0,一字千金 (電視節目),0.8519628047943115,Q19851572,Culture.Media.Television,4531336.0,9756.235554926496,4.0,1649.0
15383,4.0,4531336.0,一字千金 (電視節目),0.7773098945617676,Q19851572,Culture.Media.Media*,4531336.0,9756.235554926496,4.0,1649.0
15384,4.0,4531336.0,一字千金 (電視節目),0.0,Q19851572,Geography.Regions.Asia.Asia*,4531336.0,9756.235554926496,4.0,1649.0
15385,5.0,4538790.0,雷米·馬利克,0.9987651705741882,Q375590,Culture.Biography.Biography*,4538790.0,1431.9024169202908,6.0,2423.0
15386,5.0,4538790.0,雷米·馬利克,0.3007555902004242,Q375590,Culture.Media.Media*,4538790.0,1431.9024169202908,6.0,2423.0
15387,5.0,4538790.0,雷米·馬利克,0.29719679260253906,Q375590,Geography.Regions.Americas.North_America,4538790.0,1431.9024169202908,6.0,2423.0
15388,5.0,4538790.0,雷米·馬利克,0.16027602553367615,Q375590,Culture.Media.Films,4538790.0,1431.9024169202908,6.0,2423.0
15389,5.0,4538790.0,雷米·馬利克,0.15611489117145538,Q375590,Culture.Biography.Women,4538790.0,1431.9024169202908,6.0,2423.0
15390,5.0,4538790.0,雷米·馬利克,0.12253321707248688,Q375590,Culture.Media.Television,4538790.0,1431.9024169202908,6.0,2423.0
15391,5.0,4538790.0,雷米·馬利克,0.0,Q375590,Geography.Regions.Europe.Europe*,4538790.0,1431.9024169202908,6.0,2423.0
15392,5.0,4538790.0,雷米·馬利克,0.0,Q375590,Geography.Regions.Europe.Northern_Europe,4538790.0,1431.9024169202908,6.0,2423.0
15393,2.0,4542050.0,方保芳外科診所命案,0.2942249774932861,Q19852699,STEM.STEM*,4542050.0,0.0,4.0,3214.0
15394,2.0,4542050.0,方保芳外科診所命案,0.0,Q19852699,Geography.Regions.Asia.Asia*,4542050.0,0.0,4.0,3214.0
15395,2.0,4542050.0,方保芳外科診所命案,0.0,Q19852699,Geography.Regions.Americas.North_America,4542050.0,0.0,4.0,3214.0
15396,2.0,4542050.0,方保芳外科診所命案,0.0,Q19852699,Geography.Regions.Europe.Europe*,4542050.0,0.0,4.0,3214.0
15397,5.0,4548106.0,解碼追兇,0.839743971824646,Q19854621,Culture.Media.Media*,4548106.0,6811.06891053209,0.0,9632.0
15398,5.0,4548106.0,解碼追兇,0.8175845146179199,Q19854621,Culture.Media.Television,4548106.0,6811.06891053209,0.0,9632.0
15399,5.0,4548106.0,解碼追兇,0.37980710172653204,Q19854621,Geography.Regions.Asia.Asia*,4548106.0,6811.06891053209,0.0,9632.0
15400,5.0,4548106.0,解碼追兇,0.3429050912857056,Q19854621,Geography.Regions.Asia.East_Asia,4548106.0,6811.06891053209,0.0,9632.0
15401,1.0,4557852.0,嘻哈帝国,0.9770326614379884,Q16992512,Culture.Media.Television,4557852.0,0.0,3.0,1926.0
15402,1.0,4557852.0,嘻哈帝国,0.9732507467269896,Q16992512,Culture.Media.Media*,4557852.0,0.0,3.0,1926.0
15403,1.0,4557852.0,嘻哈帝国,0.40734341740608215,Q16992512,Culture.Media.Entertainment,4557852.0,0.0,3.0,1926.0
15404,1.0,4557852.0,嘻哈帝国,0.1713417043685913,Q16992512,Geography.Regions.Americas.North_America,4557852.0,0.0,3.0,1926.0
15405,4.0,4568177.0,死亡遊行,0.9830951094627379,Q11320614,Culture.Visual_arts.Comics_and_Anime,4568177.0,4027.594916514585,13.0,2402.0
15406,4.0,4568177.0,死亡遊行,0.9814634323120116,Q11320614,Culture.Visual_arts.Visual_arts*,4568177.0,4027.594916514585,13.0,2402.0
15407,4.0,4568177.0,死亡遊行,0.974052667617798,Q11320614,Culture.Literature,4568177.0,4027.594916514585,13.0,2402.0
15408,4.0,4568177.0,死亡遊行,0.5698626637458801,Q11320614,Culture.Media.Media*,4568177.0,4027.594916514585,13.0,2402.0
15409,4.0,4568177.0,死亡遊行,0.1778208613395691,Q11320614,Culture.Media.Films,4568177.0,4027.594916514585,13.0,2402.0
15410,4.0,4568177.0,死亡遊行,0.14034625887870789,Q11320614,Culture.Media.Television,4568177.0,4027.594916514585,13.0,2402.0
15411,4.0,4568177.0,死亡遊行,0.0,Q11320614,Geography.Regions.Asia.East_Asia,4568177.0,4027.594916514585,13.0,2402.0
15412,4.0,4568177.0,死亡遊行,0.0,Q11320614,Geography.Regions.Asia.Asia*,4568177.0,4027.594916514585,13.0,2402.0
15413,1.0,4568876.0,世界大對戰,0.9875783920288086,Q17182905,Culture.Media.Media*,4568876.0,0.0,12.0,1092.0
15414,1.0,4568876.0,世界大對戰,0.9748311638832092,Q17182905,Culture.Media.Films,4568876.0,0.0,12.0,1092.0
15415,1.0,4568876.0,世界大對戰,0.6513648629188538,Q17182905,Culture.Media.Entertainment,4568876.0,0.0,12.0,1092.0
15416,1.0,4568876.0,世界大對戰,0.1067005917429924,Q17182905,Culture.Literature,4568876.0,0.0,12.0,1092.0
15417,1.0,4568876.0,世界大對戰,0.04574816131591797,Q17182905,Geography.Regions.Americas.North_America,4568876.0,0.0,12.0,1092.0
15418,12.0,4569285.0,西游记之孙悟空三打白骨精,0.99219411611557,Q18786472,Culture.Media.Media*,4569285.0,2285.941603695865,12.0,3500.0
15419,12.0,4569285.0,西游记之孙悟空三打白骨精,0.9841036200523376,Q18786472,Culture.Media.Films,4569285.0,2285.941603695865,12.0,3500.0
15420,12.0,4569285.0,西游记之孙悟空三打白骨精,0.4669093360900879,Q18786472,Geography.Regions.Asia.Asia*,4569285.0,2285.941603695865,12.0,3500.0
15421,12.0,4569285.0,西游记之孙悟空三打白骨精,0.4638651480674744,Q18786472,Geography.Regions.Asia.East_Asia,4569285.0,2285.941603695865,12.0,3500.0
15422,2.0,4644756.0,令完成,0.997120440006256,Q19643337,Culture.Biography.Biography*,4644756.0,2949.662489951988,10.0,4226.0
15423,2.0,4644756.0,令完成,0.1259327530860901,Q19643337,History_and_Society.Business_and_economics,4644756.0,2949.662489951988,10.0,4226.0
15424,2.0,4644756.0,令完成,0.0,Q19643337,Geography.Regions.Asia.Asia*,4644756.0,2949.662489951988,10.0,4226.0
15425,2.0,4644756.0,令完成,0.0,Q19643337,Geography.Regions.Asia.East_Asia,4644756.0,2949.662489951988,10.0,4226.0
15426,8.0,4645511.0,拉達那哥欣王國,0.4985066523551941,Q1155700,Geography.Regions.Asia.Southeast_Asia,4645511.0,18370.461822683592,1.0,1569.0
15427,8.0,4645511.0,拉達那哥欣王國,0.4950646033287048,Q1155700,Geography.Regions.Asia.Asia*,4645511.0,18370.461822683592,1.0,1569.0
15428,8.0,4645511.0,拉達那哥欣王國,0.4765896201133728,Q1155700,History_and_Society.History,4645511.0,18370.461822683592,1.0,1569.0
15429,2.0,4655425.0,掰掰啾啾,0.9755869507789612,Q19852633,Culture.Biography.Biography*,4655425.0,0.0,4.0,1640.0
15430,2.0,4655425.0,掰掰啾啾,0.5000100135803223,Q19852633,Culture.Biography.Women,4655425.0,0.0,4.0,1640.0
15431,2.0,4655425.0,掰掰啾啾,0.2120788097381592,Q19852633,Culture.Media.Media*,4655425.0,0.0,4.0,1640.0
15432,2.0,4655425.0,掰掰啾啾,0.1520422399044037,Q19852633,Culture.Visual_arts.Visual_arts*,4655425.0,0.0,4.0,1640.0
15433,2.0,4655425.0,掰掰啾啾,0.0,Q19852633,Geography.Regions.Asia.Asia*,4655425.0,0.0,4.0,1640.0
15434,12.0,4657544.0,南港島綫（西段）,0.94500470161438,Q24836997,History_and_Society.Transportation,4657544.0,2536.1682645952715,10.0,1534.0
15435,12.0,4657544.0,南港島綫（西段）,0.30218379402160644,Q24836997,Geography.Regions.Asia.East_Asia,4657544.0,2536.1682645952715,10.0,1534.0
15436,12.0,4657544.0,南港島綫（西段）,0.2596606483459473,Q24836997,Geography.Regions.Asia.Asia*,4657544.0,2536.1682645952715,10.0,1534.0
15437,33.0,4657569.0,惡棍英雄：死侍,0.9947898983955384,Q19347291,Culture.Media.Media*,4657569.0,24256.75580599384,6.0,3118.0
15438,33.0,4657569.0,惡棍英雄：死侍,0.991162657737732,Q19347291,Culture.Media.Films,4657569.0,24256.75580599384,6.0,3118.0
15439,33.0,4657569.0,惡棍英雄：死侍,0.41490885615348816,Q19347291,Culture.Literature,4657569.0,24256.75580599384,6.0,3118.0
15440,33.0,4657569.0,惡棍英雄：死侍,0.3629792034626007,Q19347291,Culture.Visual_arts.Comics_and_Anime,4657569.0,24256.75580599384,6.0,3118.0
15441,33.0,4657569.0,惡棍英雄：死侍,0.3007555902004242,Q19347291,Culture.Visual_arts.Visual_arts*,4657569.0,24256.75580599384,6.0,3118.0
15442,33.0,4657569.0,惡棍英雄：死侍,0.1968362182378769,Q19347291,Culture.Media.Entertainment,4657569.0,24256.75580599384,6.0,3118.0
15443,33.0,4657569.0,惡棍英雄：死侍,0.15036486291885376,Q19347291,Geography.Regions.Americas.North_America,4657569.0,24256.75580599384,6.0,3118.0
15444,2.0,4657592.0,張人堡,0.9381340146064758,Q19825614,Culture.Biography.Biography*,4657592.0,0.0,2.0,1454.0
15445,2.0,4657592.0,張人堡,0.24217800998687744,Q19825614,Geography.Regions.Asia.Asia*,4657592.0,0.0,2.0,1454.0
15446,2.0,4657592.0,張人堡,0.18495945835113525,Q19825614,Geography.Regions.Asia.East_Asia,4657592.0,0.0,2.0,1454.0
15447,3.0,4658896.0,蘇浩才,0.9972950220108032,Q19855109,Culture.Biography.Biography*,4658896.0,208.0148518785969,12.0,2381.0
15448,3.0,4658896.0,蘇浩才,0.0,Q19855109,Geography.Regions.Asia.Asia*,4658896.0,208.0148518785969,12.0,2381.0
15449,3.0,4658896.0,蘇浩才,0.0,Q19855109,Geography.Regions.Asia.East_Asia,4658896.0,208.0148518785969,12.0,2381.0
15450,1.0,4671624.0,李蕊 (韩国演员),0.9859463572502136,Q16176528,Culture.Biography.Biography*,4671624.0,0.0,0.0,2517.0
15451,1.0,4671624.0,李蕊 (韩国演员),0.5544804334640503,Q16176528,Culture.Biography.Women,4671624.0,0.0,0.0,2517.0
15452,1.0,4671624.0,李蕊 (韩国演员),0.3696072568893433,Q16176528,Geography.Regions.Asia.East_Asia,4671624.0,0.0,0.0,2517.0
15453,1.0,4671624.0,李蕊 (韩国演员),0.3165845146179199,Q16176528,Geography.Regions.Asia.Asia*,4671624.0,0.0,0.0,2517.0
15454,18.0,4674166.0,葉問3,0.9963027834892272,Q19757672,Culture.Media.Films,4674166.0,67316.06488587432,12.0,4524.0
15455,18.0,4674166.0,葉問3,0.9958112239837646,Q19757672,Culture.Media.Media*,4674166.0,67316.06488587432,12.0,4524.0
15456,18.0,4674166.0,葉問3,0.0,Q19757672,Geography.Regions.Asia.Asia*,4674166.0,67316.06488587432,12.0,4524.0
15457,18.0,4674166.0,葉問3,0.0,Q19757672,Geography.Regions.Asia.East_Asia,4674166.0,67316.06488587432,12.0,4524.0
15458,4.0,4674557.0,出神入化2,0.9970290064811708,Q18703028,Culture.Media.Films,4674557.0,3370.416943549859,6.0,2739.0
15459,4.0,4674557.0,出神入化2,0.993317186832428,Q18703028,Culture.Media.Media*,4674557.0,3370.416943549859,6.0,2739.0
15460,4.0,4674557.0,出神入化2,0.18714269995689392,Q18703028,Culture.Visual_arts.Comics_and_Anime,4674557.0,3370.416943549859,6.0,2739.0
15461,4.0,4674557.0,出神入化2,0.16886694729328156,Q18703028,Culture.Literature,4674557.0,3370.416943549859,6.0,2739.0
15462,4.0,4674557.0,出神入化2,0.14034625887870789,Q18703028,Culture.Media.Entertainment,4674557.0,3370.416943549859,6.0,2739.0
15463,4.0,4674557.0,出神入化2,0.14034625887870789,Q18703028,Culture.Visual_arts.Visual_arts*,4674557.0,3370.416943549859,6.0,2739.0
15464,4.0,4674557.0,出神入化2,0.07650540971755981,Q18703028,Geography.Regions.Americas.North_America,4674557.0,3370.416943549859,6.0,2739.0
15465,8.0,4682976.0,阿帕契打卡案,0.6150978803634644,Q19853956,Geography.Regions.Americas.North_America,4682976.0,25668.73227866556,5.0,2664.0
15466,8.0,4682976.0,阿帕契打卡案,0.585111141204834,Q19853956,Geography.Regions.Europe.Europe*,4682976.0,25668.73227866556,5.0,2664.0
15467,8.0,4682976.0,阿帕契打卡案,0.4921981394290924,Q19853956,History_and_Society.Politics_and_government,4682976.0,25668.73227866556,5.0,2664.0
15468,8.0,4682976.0,阿帕契打卡案,0.4610267877578736,Q19853956,Geography.Regions.Asia.Asia*,4682976.0,25668.73227866556,5.0,2664.0
15469,8.0,4682976.0,阿帕契打卡案,0.3140605390071869,Q19853956,Geography.Regions.Europe.Northern_Europe,4682976.0,25668.73227866556,5.0,2664.0
15470,8.0,4682976.0,阿帕契打卡案,0.1732981950044632,Q19853956,Geography.Regions.Europe.Western_Europe,4682976.0,25668.73227866556,5.0,2664.0
15471,8.0,4682976.0,阿帕契打卡案,0.15611489117145538,Q19853956,Geography.Regions.Europe.Southern_Europe,4682976.0,25668.73227866556,5.0,2664.0
15472,8.0,4682976.0,阿帕契打卡案,0.1520422399044037,Q19853956,Geography.Regions.Asia.South_Asia,4682976.0,25668.73227866556,5.0,2664.0
15473,8.0,4682976.0,阿帕契打卡案,0.14415885508060455,Q19853956,Geography.Regions.Asia.East_Asia,4682976.0,25668.73227866556,5.0,2664.0
15474,8.0,4682976.0,阿帕契打卡案,0.1259327530860901,Q19853956,Geography.Regions.Asia.West_Asia,4682976.0,25668.73227866556,5.0,2664.0
15475,8.0,4682976.0,阿帕契打卡案,0.1067005917429924,Q19853956,History_and_Society.Military_and_warfare,4682976.0,25668.73227866556,5.0,2664.0
15476,2.0,4683315.0,五月一号,0.9836069941520692,Q19828008,Culture.Media.Media*,4683315.0,8018.9488669369275,4.0,1054.0
15477,2.0,4683315.0,五月一号,0.9648651480674744,Q19828008,Culture.Media.Films,4683315.0,8018.9488669369275,4.0,1054.0
15478,2.0,4683315.0,五月一号,0.4406641592979431,Q19828008,Geography.Regions.Asia.Asia*,4683315.0,8018.9488669369275,4.0,1054.0
15479,2.0,4683315.0,五月一号,0.40093068981170654,Q19828008,Geography.Regions.Asia.East_Asia,4683315.0,8018.9488669369275,4.0,1054.0
15480,2.0,4683315.0,五月一号,0.1968362182378769,Q19828008,Culture.Biography.Biography*,4683315.0,8018.9488669369275,4.0,1054.0
15481,3.0,4694114.0,埃尔莎·帕塔奇,0.9980832934379578,Q230123,Culture.Biography.Biography*,4694114.0,2606.7083523812616,8.0,2280.0
15482,3.0,4694114.0,埃尔莎·帕塔奇,0.4843900501728058,Q230123,Culture.Biography.Women,4694114.0,2606.7083523812616,8.0,2280.0
15483,3.0,4694114.0,埃尔莎·帕塔奇,0.022430347442626952,Q230123,Geography.Regions.Europe.Europe*,4694114.0,2606.7083523812616,8.0,2280.0
15484,2.0,4704360.0,郭万钧,0.5544804334640503,Q19825239,Culture.Biography.Women,4704360.0,3942.0,2.0,2830.0
15485,2.0,4704360.0,郭万钧,0.5078218579292297,Q19825239,Culture.Biography.Biography*,4704360.0,3942.0,2.0,2830.0
15486,2.0,4704360.0,郭万钧,0.32119916582107544,Q19825239,Geography.Regions.Asia.East_Asia,4704360.0,3942.0,2.0,2830.0
15487,2.0,4704360.0,郭万钧,0.25392501258850103,Q19825239,Geography.Regions.Asia.Asia*,4704360.0,3942.0,2.0,2830.0
15488,5.0,4704421.0,火影忍者劇場版：慕留人,0.9919480085372924,Q19363383,Culture.Visual_arts.Comics_and_Anime,4704421.0,4006.2748285052503,14.0,2899.0
15489,5.0,4704421.0,火影忍者劇場版：慕留人,0.989681839942932,Q19363383,Culture.Visual_arts.Visual_arts*,4704421.0,4006.2748285052503,14.0,2899.0
15490,5.0,4704421.0,火影忍者劇場版：慕留人,0.9841036200523376,Q19363383,Culture.Media.Media*,4704421.0,4006.2748285052503,14.0,2899.0
15491,5.0,4704421.0,火影忍者劇場版：慕留人,0.9825675487518309,Q19363383,Culture.Media.Films,4704421.0,4006.2748285052503,14.0,2899.0
15492,5.0,4704421.0,火影忍者劇場版：慕留人,0.9825675487518309,Q19363383,Culture.Literature,4704421.0,4006.2748285052503,14.0,2899.0
15493,5.0,4704421.0,火影忍者劇場版：慕留人,0.022430347442626952,Q19363383,Geography.Regions.Asia.Asia*,4704421.0,4006.2748285052503,14.0,2899.0
15494,5.0,4704421.0,火影忍者劇場版：慕留人,0.0,Q19363383,Geography.Regions.Asia.East_Asia,4704421.0,4006.2748285052503,14.0,2899.0
15495,3.0,4708531.0,新加坡科技工程有限公司,0.9579222798347472,Q3719328,History_and_Society.Business_and_economics,4708531.0,3.706755903195532,3.0,2945.0
15496,3.0,4708531.0,新加坡科技工程有限公司,0.7310686111450195,Q3719328,STEM.Technology,4708531.0,3.706755903195532,3.0,2945.0
15497,3.0,4708531.0,新加坡科技工程有限公司,0.7057950496673584,Q3719328,STEM.STEM*,4708531.0,3.706755903195532,3.0,2945.0
15498,3.0,4708531.0,新加坡科技工程有限公司,0.4334051480293274,Q3719328,Geography.Regions.Asia.Southeast_Asia,4708531.0,3.706755903195532,3.0,2945.0
15499,3.0,4708531.0,新加坡科技工程有限公司,0.41865252161026,Q3719328,Geography.Regions.Asia.Asia*,4708531.0,3.706755903195532,3.0,2945.0
15500,3.0,4708531.0,新加坡科技工程有限公司,0.2509227991104126,Q3719328,STEM.Engineering,4708531.0,3.706755903195532,3.0,2945.0
15501,3.0,4708531.0,新加坡科技工程有限公司,0.11597072333097458,Q3719328,History_and_Society.Transportation,4708531.0,3.706755903195532,3.0,2945.0
15502,3.0,4708531.0,新加坡科技工程有限公司,0.0,Q3719328,Geography.Regions.Asia.South_Asia,4708531.0,3.706755903195532,3.0,2945.0
15503,5.0,4710530.0,张鲁一,0.9841036200523376,Q20062755,Culture.Biography.Biography*,4710530.0,671.0002829114628,12.0,1887.0
15504,5.0,4710530.0,张鲁一,0.0,Q20062755,Geography.Regions.Asia.East_Asia,4710530.0,671.0002829114628,12.0,1887.0
15505,5.0,4710530.0,张鲁一,0.0,Q20062755,Geography.Regions.Asia.Asia*,4710530.0,671.0002829114628,12.0,1887.0
15506,4.0,4724902.0,也门内战 (2015年至今),0.538993239402771,Q19686631,History_and_Society.Military_and_warfare,4724902.0,5621.163326092801,17.0,3240.0
15507,4.0,4724902.0,也门内战 (2015年至今),0.275139719247818,Q19686631,History_and_Society.Politics_and_government,4724902.0,5621.163326092801,17.0,3240.0
15508,4.0,4724902.0,也门内战 (2015年至今),0.2596606483459473,Q19686631,Geography.Regions.Asia.Asia*,4724902.0,5621.163326092801,17.0,3240.0
15509,4.0,4724902.0,也门内战 (2015年至今),0.10088862478733064,Q19686631,History_and_Society.History,4724902.0,5621.163326092801,17.0,3240.0
15510,4.0,4724902.0,也门内战 (2015年至今),0.07650540971755981,Q19686631,Geography.Regions.Asia.West_Asia,4724902.0,5621.163326092801,17.0,3240.0
15511,4.0,4724902.0,也门内战 (2015年至今),0.0,Q19686631,Geography.Regions.Europe.Europe*,4724902.0,5621.163326092801,17.0,3240.0
15512,11.0,4733020.0,猎鹰 (漫画),1.0000100135803225,Q672591,Culture.Literature,4733020.0,42.224362748034025,6.0,2183.0
15513,11.0,4733020.0,猎鹰 (漫画),0.16027602553367615,Q672591,Culture.Visual_arts.Comics_and_Anime,4733020.0,42.224362748034025,6.0,2183.0
15514,11.0,4733020.0,猎鹰 (漫画),0.15611489117145538,Q672591,Culture.Visual_arts.Visual_arts*,4733020.0,42.224362748034025,6.0,2183.0
15515,1.0,4733331.0,娜塔莉·伊曼纽尔,0.997758150100708,Q6968794,Culture.Biography.Biography*,4733331.0,0.0,1.0,1681.0
15516,1.0,4733331.0,娜塔莉·伊曼纽尔,0.9715740084648132,Q6968794,Culture.Biography.Women,4733331.0,0.0,1.0,1681.0
15517,1.0,4733331.0,娜塔莉·伊曼纽尔,0.0,Q6968794,Geography.Regions.Europe.Europe*,4733331.0,0.0,1.0,1681.0
15518,1.0,4733331.0,娜塔莉·伊曼纽尔,0.0,Q6968794,Geography.Regions.Europe.Northern_Europe,4733331.0,0.0,1.0,1681.0
15519,1.0,4733331.0,娜塔莉·伊曼纽尔,0.0,Q6968794,Geography.Regions.Americas.North_America,4733331.0,0.0,1.0,1681.0
15520,3.0,4733816.0,陳昱安殺父案,0.2942249774932861,Q19850007,STEM.STEM*,4733816.0,0.0,2.0,3085.0
15521,3.0,4733816.0,陳昱安殺父案,0.0,Q19850007,Geography.Regions.Asia.Asia*,4733816.0,0.0,2.0,3085.0
15522,3.0,4733816.0,陳昱安殺父案,0.0,Q19850007,Geography.Regions.Americas.North_America,4733816.0,0.0,2.0,3085.0
15523,3.0,4733816.0,陳昱安殺父案,0.0,Q19850007,Geography.Regions.Europe.Europe*,4733816.0,0.0,2.0,3085.0
15524,5.0,4739939.0,大腦性感的時代－問題的男人,0.9777238368988036,Q19483688,Culture.Media.Television,4739939.0,9400.704061401828,0.0,3198.0
15525,5.0,4739939.0,大腦性感的時代－問題的男人,0.8933194279670715,Q19483688,Culture.Media.Media*,4739939.0,9400.704061401828,0.0,3198.0
15526,5.0,4739939.0,大腦性感的時代－問題的男人,0.43713401460647583,Q19483688,Geography.Regions.Asia.East_Asia,4739939.0,9400.704061401828,0.0,3198.0
15527,5.0,4739939.0,大腦性感的時代－問題的男人,0.3509628047943115,Q19483688,Geography.Regions.Asia.Asia*,4739939.0,9400.704061401828,0.0,3198.0
15528,4.0,4750329.0,穆罕默德·本·薩勒曼,0.997758150100708,Q6892571,Culture.Biography.Biography*,4750329.0,1322.119840847851,5.0,2529.0
15529,4.0,4750329.0,穆罕默德·本·薩勒曼,0.2596606483459473,Q6892571,Geography.Regions.Asia.Asia*,4750329.0,1322.119840847851,5.0,2529.0
15530,4.0,4750329.0,穆罕默德·本·薩勒曼,0.21124218606948847,Q6892571,Geography.Regions.Asia.West_Asia,4750329.0,1322.119840847851,5.0,2529.0
15531,2.0,4750933.0,谷懷萱,1.0000100135803225,Q19853732,Culture.Biography.Biography*,4750933.0,1070.5300316306225,2.0,1184.0
15532,2.0,4750933.0,谷懷萱,0.9978272914886476,Q19853732,History_and_Society.Society,4750933.0,1070.5300316306225,2.0,1184.0
15533,2.0,4750933.0,谷懷萱,0.9263137578964232,Q19853732,Culture.Media.Media*,4750933.0,1070.5300316306225,2.0,1184.0
15534,2.0,4750933.0,谷懷萱,0.7663036584854126,Q19853732,Culture.Biography.Women,4750933.0,1070.5300316306225,2.0,1184.0
15535,2.0,4750933.0,谷懷萱,0.4853731861114502,Q19853732,Geography.Regions.Asia.East_Asia,4750933.0,1070.5300316306225,2.0,1184.0
15536,2.0,4750933.0,谷懷萱,0.4705740084648132,Q19853732,Geography.Regions.Asia.Asia*,4750933.0,1070.5300316306225,2.0,1184.0
15537,2.0,4750933.0,谷懷萱,0.11921291798353195,Q19853732,Culture.Media.Television,4750933.0,1070.5300316306225,2.0,1184.0
15538,1.0,4751814.0,沙西米 (電影),0.9173126816749572,Q19852979,Culture.Media.Films,4751814.0,0.0,12.0,1640.0
15539,1.0,4751814.0,沙西米 (電影),0.8840492963790894,Q19852979,Culture.Media.Media*,4751814.0,0.0,12.0,1640.0
15540,1.0,4751814.0,沙西米 (電影),0.7826725244522095,Q19852979,Culture.Biography.Biography*,4751814.0,0.0,12.0,1640.0
15541,1.0,4751814.0,沙西米 (電影),0.498254584312439,Q19852979,Geography.Regions.Asia.Asia*,4751814.0,0.0,12.0,1640.0
15542,1.0,4751814.0,沙西米 (電影),0.4980700483322144,Q19852979,Geography.Regions.Asia.East_Asia,4751814.0,0.0,12.0,1640.0
15543,1.0,4751814.0,沙西米 (電影),0.287777841091156,Q19852979,History_and_Society.Society,4751814.0,0.0,12.0,1640.0
15544,24.0,4757686.0,雷霆 (最终幻想),0.9875783920288086,Q2066495,Culture.Literature,4757686.0,13.732630205006974,14.0,2058.0
15545,24.0,4757686.0,雷霆 (最终幻想),0.7122421860694885,Q2066495,Culture.Media.Media*,4757686.0,13.732630205006974,14.0,2058.0
15546,24.0,4757686.0,雷霆 (最终幻想),0.26285186409950256,Q2066495,Culture.Internet_culture,4757686.0,13.732630205006974,14.0,2058.0
15547,24.0,4757686.0,雷霆 (最终幻想),0.2393593490123749,Q2066495,Culture.Media.Television,4757686.0,13.732630205006974,14.0,2058.0
15548,24.0,4757686.0,雷霆 (最终幻想),0.12253321707248688,Q2066495,Culture.Visual_arts.Visual_arts*,4757686.0,13.732630205006974,14.0,2058.0
15549,24.0,4757686.0,雷霆 (最终幻想),0.0,Q2066495,Geography.Regions.Asia.Asia*,4757686.0,13.732630205006974,14.0,2058.0
15550,5.0,4767968.0,瑞贝尔·威尔森,0.9996055364608764,Q442897,Culture.Biography.Biography*,4767968.0,9439.85016085284,6.0,2609.0
15551,5.0,4767968.0,瑞贝尔·威尔森,0.6150978803634644,Q442897,Culture.Biography.Women,4767968.0,9439.85016085284,6.0,2609.0
15552,5.0,4767968.0,瑞贝尔·威尔森,0.16886694729328156,Q442897,Culture.Media.Media*,4767968.0,9439.85016085284,6.0,2609.0
15553,5.0,4767968.0,瑞贝尔·威尔森,0.14805719256401062,Q442897,Culture.Media.Television,4767968.0,9439.85016085284,6.0,2609.0
15554,5.0,4767968.0,瑞贝尔·威尔森,0.0,Q442897,Geography.Regions.Americas.North_America,4767968.0,9439.85016085284,6.0,2609.0
15555,5.0,4767968.0,瑞贝尔·威尔森,0.0,Q442897,Geography.Regions.Oceania,4767968.0,9439.85016085284,6.0,2609.0
15556,5.0,4767968.0,瑞贝尔·威尔森,0.0,Q442897,Geography.Regions.Europe.Northern_Europe,4767968.0,9439.85016085284,6.0,2609.0
15557,5.0,4767968.0,瑞贝尔·威尔森,0.0,Q442897,Geography.Regions.Europe.Europe*,4767968.0,9439.85016085284,6.0,2609.0
15558,10.0,4768818.0,杀破狼II,0.9949496984481812,Q16923905,Culture.Media.Media*,4768818.0,3740.6619230162432,12.0,2761.0
15559,10.0,4768818.0,杀破狼II,0.9924327731132508,Q16923905,Culture.Media.Films,4768818.0,3740.6619230162432,12.0,2761.0
15560,10.0,4768818.0,杀破狼II,0.4274188151359558,Q16923905,Geography.Regions.Asia.Asia*,4768818.0,3740.6619230162432,12.0,2761.0
15561,10.0,4768818.0,杀破狼II,0.0,Q16923905,Geography.Regions.Asia.East_Asia,4768818.0,3740.6619230162432,12.0,2761.0
15562,14.0,4770094.0,張國榮得獎與提名列表,1.0,Q20063290,Compilation.List_Disambig,4770094.0,5102.575964892302,12.0,1281.0
15563,14.0,4770094.0,張國榮得獎與提名列表,0.2227101624011993,Q20063290,STEM.STEM*,4770094.0,5102.575964892302,12.0,1281.0
15564,14.0,4770094.0,張國榮得獎與提名列表,0.1259327530860901,Q20063290,Culture.Media.Media*,4770094.0,5102.575964892302,12.0,1281.0
15565,14.0,4770094.0,張國榮得獎與提名列表,0.10088862478733064,Q20063290,Culture.Sports,4770094.0,5102.575964892302,12.0,1281.0
15566,14.0,4770094.0,張國榮得獎與提名列表,0.0,Q20063290,Geography.Regions.Americas.North_America,4770094.0,5102.575964892302,12.0,1281.0
15567,14.0,4770094.0,張國榮得獎與提名列表,0.0,Q20063290,Geography.Regions.Europe.Europe*,4770094.0,5102.575964892302,12.0,1281.0
15568,14.0,4770094.0,張國榮得獎與提名列表,0.0,Q20063290,Geography.Regions.Asia.Asia*,4770094.0,5102.575964892302,12.0,1281.0
15569,20.0,4774936.0,高文浩,0.999506652355194,Q333937,Culture.Biography.Biography*,4774936.0,1968.5825696633367,1.0,1783.0
15570,20.0,4774936.0,高文浩,0.9899964332580566,Q333937,History_and_Society.Politics_and_government,4774936.0,1968.5825696633367,1.0,1783.0
15571,20.0,4774936.0,高文浩,0.40366052293777466,Q333937,Geography.Regions.Europe.Europe*,4774936.0,1968.5825696633367,1.0,1783.0
15572,20.0,4774936.0,高文浩,0.3893042674064636,Q333937,Geography.Regions.Europe.Northern_Europe,4774936.0,1968.5825696633367,1.0,1783.0
15573,20.0,4774936.0,高文浩,0.3276783227920532,Q333937,History_and_Society.Education,4774936.0,1968.5825696633367,1.0,1783.0
15574,4.0,4784412.0,明日傳奇,0.9688661694526672,Q19863968,Culture.Media.Media*,4784412.0,318.682431397389,6.0,2831.0
15575,4.0,4784412.0,明日傳奇,0.9304682612419128,Q19863968,Culture.Media.Television,4784412.0,318.682431397389,6.0,2831.0
15576,4.0,4784412.0,明日傳奇,0.4843900501728058,Q19863968,Culture.Visual_arts.Comics_and_Anime,4784412.0,318.682431397389,6.0,2831.0
15577,4.0,4784412.0,明日傳奇,0.4225146472454071,Q19863968,Culture.Visual_arts.Visual_arts*,4784412.0,318.682431397389,6.0,2831.0
15578,4.0,4784412.0,明日傳奇,0.40734341740608215,Q19863968,Culture.Literature,4784412.0,318.682431397389,6.0,2831.0
15579,4.0,4784412.0,明日傳奇,0.19194278120994568,Q19863968,Culture.Media.Entertainment,4784412.0,318.682431397389,6.0,2831.0
15580,4.0,4784412.0,明日傳奇,0.006821857929229736,Q19863968,Geography.Regions.Americas.North_America,4784412.0,318.682431397389,6.0,2831.0
15581,3.0,4787420.0,胡耀邦下台,0.4990100135803223,Q20063974,Geography.Regions.Asia.East_Asia,4787420.0,1509.8560952214898,2.0,2390.0
15582,3.0,4787420.0,胡耀邦下台,0.49675815010070795,Q20063974,Geography.Regions.Asia.Asia*,4787420.0,1509.8560952214898,2.0,2390.0
15583,8.0,4787664.0,麻辣賤諜,0.9899964332580566,Q16389838,Culture.Media.Media*,4787664.0,29843.13354694323,6.0,7056.0
15584,8.0,4787664.0,麻辣賤諜,0.9825675487518309,Q16389838,Culture.Media.Films,4787664.0,29843.13354694323,6.0,7056.0
15585,8.0,4787664.0,麻辣賤諜,0.546748161315918,Q16389838,Culture.Media.Entertainment,4787664.0,29843.13354694323,6.0,7056.0
15586,8.0,4787664.0,麻辣賤諜,0.16442059183120727,Q16389838,Geography.Regions.Americas.North_America,4787664.0,29843.13354694323,6.0,7056.0
15587,8.0,4787664.0,麻辣賤諜,0.0,Q16389838,Geography.Regions.Europe.Europe*,4787664.0,29843.13354694323,6.0,7056.0
15588,4.0,4788437.0,西山宏太朗,0.9836069941520692,Q17211665,Culture.Biography.Biography*,4788437.0,2244.814106557953,13.0,1827.0
15589,4.0,4788437.0,西山宏太朗,0.9019306898117064,Q17211665,Culture.Visual_arts.Comics_and_Anime,4788437.0,2244.814106557953,13.0,1827.0
15590,4.0,4788437.0,西山宏太朗,0.8221991658210754,Q17211665,Culture.Visual_arts.Visual_arts*,4788437.0,2244.814106557953,13.0,1827.0
15591,4.0,4788437.0,西山宏太朗,0.7490972280502319,Q17211665,Culture.Literature,4788437.0,2244.814106557953,13.0,1827.0
15592,4.0,4788437.0,西山宏太朗,0.1713417043685913,Q17211665,Geography.Regions.Asia.East_Asia,4788437.0,2244.814106557953,13.0,1827.0
15593,4.0,4788437.0,西山宏太朗,0.053480433464050285,Q17211665,Geography.Regions.Asia.Asia*,4788437.0,2244.814106557953,13.0,1827.0
15594,1.0,4790158.0,鮫島事件,0.3509628047943115,Q11248293,Geography.Regions.Asia.East_Asia,4790158.0,0.0,6.0,2901.0
15595,1.0,4790158.0,鮫島事件,0.23616819286346435,Q11248293,Geography.Regions.Asia.Asia*,4790158.0,0.0,6.0,2901.0
15596,7.0,4791508.0,選老頂,0.9626831412315368,Q20062396,Culture.Media.Media*,4791508.0,1187.7799657859846,12.0,1701.0
15597,7.0,4791508.0,選老頂,0.9566442370414734,Q20062396,Culture.Media.Films,4791508.0,1187.7799657859846,12.0,1701.0
15598,7.0,4791508.0,選老頂,0.42531375789642334,Q20062396,Geography.Regions.Asia.Asia*,4791508.0,1187.7799657859846,12.0,1701.0
15599,7.0,4791508.0,選老頂,0.4139109721183777,Q20062396,Geography.Regions.Asia.East_Asia,4791508.0,1187.7799657859846,12.0,1701.0
15600,3.0,4792096.0,猩球崛起：終極決戰,0.9964163899421692,Q19938437,Culture.Media.Films,4792096.0,406.4143660153375,6.0,4447.0
15601,3.0,4792096.0,猩球崛起：終極決戰,0.9955416321754456,Q19938437,Culture.Media.Media*,4792096.0,406.4143660153375,6.0,4447.0
15602,3.0,4792096.0,猩球崛起：終極決戰,0.3923468291759491,Q19938437,Culture.Media.Entertainment,4792096.0,406.4143660153375,6.0,4447.0
15603,3.0,4792096.0,猩球崛起：終極決戰,0.0,Q19938437,Geography.Regions.Americas.North_America,4792096.0,406.4143660153375,6.0,4447.0
15604,1.0,4792861.0,杨健,0.5698626637458801,Q1220251,Culture.Biography.Biography*,4792861.0,0.0,12.0,1369.0
15605,1.0,4792861.0,杨健,0.3998216390609741,Q1220251,Culture.Linguistics,4792861.0,0.0,12.0,1369.0
15606,5.0,4792873.0,臺北市文化國小襲擊事件,0.275139719247818,Q20062343,STEM.STEM*,4792873.0,45009.53142768712,2.0,1514.0
15607,5.0,4792873.0,臺北市文化國小襲擊事件,0.16452647745609286,Q20062343,History_and_Society.Transportation,4792873.0,45009.53142768712,2.0,1514.0
15608,5.0,4792873.0,臺北市文化國小襲擊事件,0.0,Q20062343,Geography.Regions.Asia.Asia*,4792873.0,45009.53142768712,2.0,1514.0
15609,5.0,4792873.0,臺北市文化國小襲擊事件,0.0,Q20062343,Geography.Regions.Europe.Europe*,4792873.0,45009.53142768712,2.0,1514.0
15610,4.0,4795142.0,天降奇兵,0.9916942119598388,Q567577,Culture.Media.Films,4795142.0,5363.480150513689,6.0,2177.0
15611,4.0,4795142.0,天降奇兵,0.9886782765388488,Q567577,Culture.Media.Media*,4795142.0,5363.480150513689,6.0,2177.0
15612,4.0,4795142.0,天降奇兵,0.3007555902004242,Q567577,Culture.Literature,4795142.0,5363.480150513689,6.0,2177.0
15613,4.0,4795142.0,天降奇兵,0.2227101624011993,Q567577,Culture.Visual_arts.Comics_and_Anime,4795142.0,5363.480150513689,6.0,2177.0
15614,4.0,4795142.0,天降奇兵,0.2069040536880493,Q567577,Culture.Visual_arts.Visual_arts*,4795142.0,5363.480150513689,6.0,2177.0
15615,4.0,4795142.0,天降奇兵,0.1732981950044632,Q567577,Culture.Media.Entertainment,4795142.0,5363.480150513689,6.0,2177.0
15616,4.0,4795142.0,天降奇兵,0.0,Q567577,Geography.Regions.Europe.Europe*,4795142.0,5363.480150513689,6.0,2177.0
15617,3.0,4802043.0,富兰克林·奈特·莱恩,0.9993433356285096,Q380759,Culture.Biography.Biography*,4802043.0,3587.5182614095984,5.0,1712.0
15618,3.0,4802043.0,富兰克林·奈特·莱恩,0.4274188151359558,Q380759,Geography.Regions.Americas.North_America,4802043.0,3587.5182614095984,5.0,1712.0
15619,3.0,4802043.0,富兰克林·奈特·莱恩,0.23371636867523196,Q380759,History_and_Society.Politics_and_government,4802043.0,3587.5182614095984,5.0,1712.0
15620,1.0,4802318.0,劉一飛,0.9905974268913268,Q17165308,Culture.Biography.Biography*,4802318.0,0.0,12.0,5306.0
15621,1.0,4802318.0,劉一飛,0.4581643214225769,Q17165308,Geography.Regions.Asia.Asia*,4802318.0,0.0,12.0,5306.0
15622,1.0,4802318.0,劉一飛,0.4556442370414734,Q17165308,Geography.Regions.Asia.East_Asia,4802318.0,0.0,12.0,5306.0
15623,3.0,4805587.0,黃教安,0.9949496984481812,Q12625765,Culture.Biography.Biography*,4805587.0,1352.107117369424,0.0,1381.0
15624,3.0,4805587.0,黃教安,0.3509628047943115,Q12625765,Geography.Regions.Asia.Asia*,4805587.0,1352.107117369424,0.0,1381.0
15625,3.0,4805587.0,黃教安,0.16442059183120727,Q12625765,Geography.Regions.Asia.East_Asia,4805587.0,1352.107117369424,0.0,1381.0
15626,3.0,4805587.0,黃教安,0.10088862478733064,Q12625765,History_and_Society.Politics_and_government,4805587.0,1352.107117369424,0.0,1381.0
15627,4.0,4805595.0,沃草有限公司,1.0000100135803225,Q22773594,Culture.Biography.Biography*,4805595.0,6515.752691722528,11.0,1393.0
15628,4.0,4805595.0,沃草有限公司,1.0000100135803225,Q22773594,History_and_Society.Society,4805595.0,6515.752691722528,11.0,1393.0
15629,4.0,4805595.0,沃草有限公司,0.8872146010398865,Q22773594,History_and_Society.Business_and_economics,4805595.0,6515.752691722528,11.0,1393.0
15630,4.0,4805595.0,沃草有限公司,0.4990100135803223,Q22773594,Geography.Regions.Asia.Asia*,4805595.0,6515.752691722528,11.0,1393.0
15631,4.0,4805595.0,沃草有限公司,0.4990100135803223,Q22773594,Geography.Regions.Asia.East_Asia,4805595.0,6515.752691722528,11.0,1393.0
15632,4.0,4805595.0,沃草有限公司,0.23371636867523196,Q22773594,Culture.Media.Media*,4805595.0,6515.752691722528,11.0,1393.0
15633,4.0,4805595.0,沃草有限公司,0.2120788097381592,Q22773594,STEM.STEM*,4805595.0,6515.752691722528,11.0,1393.0
15634,4.0,4805595.0,沃草有限公司,0.1097157895565033,Q22773594,Culture.Food_and_drink,4805595.0,6515.752691722528,11.0,1393.0
15635,3.0,4806197.0,張舉能,0.9433575868606568,Q4756603,Culture.Biography.Biography*,4806197.0,7.281959332305615,3.0,2559.0
15636,3.0,4806197.0,張舉能,0.3923194279670715,Q4756603,Geography.Regions.Asia.East_Asia,4806197.0,7.281959332305615,3.0,2559.0
15637,3.0,4806197.0,張舉能,0.270853506565094,Q4756603,Geography.Regions.Asia.Asia*,4806197.0,7.281959332305615,3.0,2559.0
15638,3.0,4806197.0,張舉能,0.2069040536880493,Q4756603,History_and_Society.Politics_and_government,4806197.0,7.281959332305615,3.0,2559.0
15639,13.0,4807511.0,毛記電視,0.7310686111450195,Q20688686,History_and_Society.Business_and_economics,4807511.0,25211.915680882925,12.0,2432.0
15640,13.0,4807511.0,毛記電視,0.1778208613395691,Q20688686,Culture.Food_and_drink,4807511.0,25211.915680882925,12.0,2432.0
15641,13.0,4807511.0,毛記電視,0.16027602553367615,Q20688686,Culture.Media.Media*,4807511.0,25211.915680882925,12.0,2432.0
15642,13.0,4807511.0,毛記電視,0.0,Q20688686,Geography.Regions.Americas.North_America,4807511.0,25211.915680882925,12.0,2432.0
15643,13.0,4807511.0,毛記電視,0.0,Q20688686,Geography.Regions.Asia.Asia*,4807511.0,25211.915680882925,12.0,2432.0
15644,13.0,4807511.0,毛記電視,0.0,Q20688686,Geography.Regions.Europe.Europe*,4807511.0,25211.915680882925,12.0,2432.0
15645,13.0,4807511.0,毛記電視,0.0,Q20688686,Geography.Regions.Europe.Northern_Europe,4807511.0,25211.915680882925,12.0,2432.0
15646,1.0,4809968.0,獵巫行動：大滅絕,0.9855064153671264,Q17984058,Culture.Media.Films,4809968.0,0.0,12.0,1693.0
15647,1.0,4809968.0,獵巫行動：大滅絕,0.9802908897399902,Q17984058,Culture.Media.Media*,4809968.0,0.0,12.0,1693.0
15648,1.0,4809968.0,獵巫行動：大滅絕,0.1067005917429924,Q17984058,Culture.Media.Entertainment,4809968.0,0.0,12.0,1693.0
15649,1.0,4809968.0,獵巫行動：大滅絕,0.0991983880996704,Q17984058,Geography.Regions.Americas.North_America,4809968.0,0.0,12.0,1693.0
15650,1.0,4809968.0,獵巫行動：大滅絕,0.0,Q17984058,Geography.Regions.Europe.Europe*,4809968.0,0.0,12.0,1693.0
15651,1.0,4810931.0,邱偲琹,1.0000100135803225,Q21040483,Culture.Biography.Biography*,4810931.0,0.0,4.0,1613.0
15652,1.0,4810931.0,邱偲琹,0.7981967926025391,Q21040483,History_and_Society.Society,4810931.0,0.0,4.0,1613.0
15653,1.0,4810931.0,邱偲琹,0.6224693655967712,Q21040483,Culture.Biography.Women,4810931.0,0.0,4.0,1613.0
15654,1.0,4810931.0,邱偲琹,0.3624016513824463,Q21040483,Geography.Regions.Asia.East_Asia,4810931.0,0.0,4.0,1613.0
15655,1.0,4810931.0,邱偲琹,0.32119916582107544,Q21040483,Geography.Regions.Asia.Asia*,4810931.0,0.0,4.0,1613.0
15656,1.0,4810931.0,邱偲琹,0.14415885508060455,Q21040483,Culture.Media.Media*,4810931.0,0.0,4.0,1613.0
15657,2.0,4813275.0,王子涵,0.9976868629455566,Q20688789,Culture.Biography.Biography*,4813275.0,282.4595776502278,12.0,2299.0
15658,2.0,4813275.0,王子涵,0.4471645226478577,Q20688789,Geography.Regions.Asia.East_Asia,4813275.0,282.4595776502278,12.0,2299.0
15659,2.0,4813275.0,王子涵,0.41865252161026,Q20688789,Geography.Regions.Asia.Asia*,4813275.0,282.4595776502278,12.0,2299.0
15660,2.0,4813275.0,王子涵,0.348655104637146,Q20688789,Culture.Biography.Women,4813275.0,282.4595776502278,12.0,2299.0
15661,1.0,4816148.0,許冠傑演唱會列表,1.0,Q20689062,Compilation.List_Disambig,4816148.0,0.0,12.0,2600.0
15662,1.0,4816148.0,許冠傑演唱會列表,0.2227101624011993,Q20689062,STEM.STEM*,4816148.0,0.0,12.0,2600.0
15663,1.0,4816148.0,許冠傑演唱會列表,0.1259327530860901,Q20689062,Culture.Media.Media*,4816148.0,0.0,12.0,2600.0
15664,1.0,4816148.0,許冠傑演唱會列表,0.10088862478733064,Q20689062,Culture.Sports,4816148.0,0.0,12.0,2600.0
15665,1.0,4816148.0,許冠傑演唱會列表,0.0,Q20689062,Geography.Regions.Americas.North_America,4816148.0,0.0,12.0,2600.0
15666,1.0,4816148.0,許冠傑演唱會列表,0.0,Q20689062,Geography.Regions.Europe.Europe*,4816148.0,0.0,12.0,2600.0
15667,1.0,4816148.0,許冠傑演唱會列表,0.0,Q20689062,Geography.Regions.Asia.Asia*,4816148.0,0.0,12.0,2600.0
15668,3.0,4816152.0,許冠傑音樂專輯列表,1.0,Q20689064,Compilation.List_Disambig,4816152.0,105.81309263670308,12.0,3090.0
15669,3.0,4816152.0,許冠傑音樂專輯列表,0.2227101624011993,Q20689064,STEM.STEM*,4816152.0,105.81309263670308,12.0,3090.0
15670,3.0,4816152.0,許冠傑音樂專輯列表,0.1259327530860901,Q20689064,Culture.Media.Media*,4816152.0,105.81309263670308,12.0,3090.0
15671,3.0,4816152.0,許冠傑音樂專輯列表,0.10088862478733064,Q20689064,Culture.Sports,4816152.0,105.81309263670308,12.0,3090.0
15672,3.0,4816152.0,許冠傑音樂專輯列表,0.0,Q20689064,Geography.Regions.Americas.North_America,4816152.0,105.81309263670308,12.0,3090.0
15673,3.0,4816152.0,許冠傑音樂專輯列表,0.0,Q20689064,Geography.Regions.Europe.Europe*,4816152.0,105.81309263670308,12.0,3090.0
15674,3.0,4816152.0,許冠傑音樂專輯列表,0.0,Q20689064,Geography.Regions.Asia.Asia*,4816152.0,105.81309263670308,12.0,3090.0
15675,3.0,4818132.0,艾德·斯克林,0.9992778301239014,Q5335413,Culture.Biography.Biography*,4818132.0,1501.0006278755905,6.0,2008.0
15676,3.0,4818132.0,艾德·斯克林,0.1520422399044037,Q5335413,Culture.Media.Media*,4818132.0,1501.0006278755905,6.0,2008.0
15677,3.0,4818132.0,艾德·斯克林,0.0,Q5335413,Geography.Regions.Europe.Europe*,4818132.0,1501.0006278755905,6.0,2008.0
15678,3.0,4818132.0,艾德·斯克林,0.0,Q5335413,Geography.Regions.Europe.Northern_Europe,4818132.0,1501.0006278755905,6.0,2008.0
15679,4.0,4818983.0,楊偉雄,1.0000100135803225,Q7026443,Culture.Biography.Biography*,4818983.0,342.74302067298765,3.0,1370.0
15680,4.0,4818983.0,楊偉雄,0.10088862478733064,Q7026443,History_and_Society.Business_and_economics,4818983.0,342.74302067298765,3.0,1370.0
15681,4.0,4818983.0,楊偉雄,0.014629947185516357,Q7026443,Geography.Regions.Asia.Asia*,4818983.0,342.74302067298765,3.0,1370.0
15682,4.0,4818983.0,楊偉雄,0.0,Q7026443,Geography.Regions.Asia.East_Asia,4818983.0,342.74302067298765,3.0,1370.0
15683,6.0,4834627.0,Delete愛人,0.9399233460426332,Q16800973,Culture.Media.Films,4834627.0,1066.5416047057643,12.0,775.0
15684,6.0,4834627.0,Delete愛人,0.9324633479118348,Q16800973,Culture.Media.Media*,4834627.0,1066.5416047057643,12.0,775.0
15685,6.0,4834627.0,Delete愛人,0.4649096002578735,Q16800973,Geography.Regions.Asia.Asia*,4834627.0,1066.5416047057643,12.0,775.0
15686,6.0,4834627.0,Delete愛人,0.4314633479118347,Q16800973,Geography.Regions.Asia.East_Asia,4834627.0,1066.5416047057643,12.0,775.0
15687,3.0,4840198.0,P.T.,1.0000100135803225,Q18182633,Culture.Internet_culture,4840198.0,578.6942437968625,1.0,1851.0
15688,3.0,4840198.0,P.T.,1.0000100135803225,Q18182633,Culture.Media.Video_games,4840198.0,578.6942437968625,1.0,1851.0
15689,3.0,4840198.0,P.T.,0.9993433356285096,Q18182633,Culture.Media.Media*,4840198.0,578.6942437968625,1.0,1851.0
15690,4.0,4845601.0,魔神英雄傳,0.16027602553367615,Q17222326,History_and_Society.Politics_and_government,4845601.0,11820.0,14.0,3033.0
15691,4.0,4845601.0,魔神英雄傳,0.14415885508060455,Q17222326,STEM.STEM*,4845601.0,11820.0,14.0,3033.0
15692,4.0,4845601.0,魔神英雄傳,0.11280541121959685,Q17222326,Culture.Media.Media*,4845601.0,11820.0,14.0,3033.0
15693,4.0,4845601.0,魔神英雄傳,0.10088862478733064,Q17222326,Culture.Media.Television,4845601.0,11820.0,14.0,3033.0
15694,4.0,4845601.0,魔神英雄傳,0.0,Q17222326,Geography.Regions.Europe.Europe*,4845601.0,11820.0,14.0,3033.0
15695,4.0,4845601.0,魔神英雄傳,0.0,Q17222326,Geography.Regions.Asia.Asia*,4845601.0,11820.0,14.0,3033.0
15696,4.0,4845601.0,魔神英雄傳,0.0,Q17222326,Geography.Regions.Americas.North_America,4845601.0,11820.0,14.0,3033.0
15697,1.0,4857142.0,張勝祖,0.9919480085372924,Q18685050,Culture.Biography.Biography*,4857142.0,0.0,13.0,2211.0
15698,1.0,4857142.0,張勝祖,0.2047950496673584,Q18685050,Geography.Regions.Asia.Asia*,4857142.0,0.0,13.0,2211.0
15699,1.0,4857142.0,張勝祖,0.12146936559677125,Q18685050,Geography.Regions.Asia.East_Asia,4857142.0,0.0,13.0,2211.0
15700,4.0,4857645.0,基滙資本,0.6370407938957214,Q20665553,History_and_Society.Business_and_economics,4857645.0,2043.5721502444144,10.0,3006.0
15701,4.0,4857645.0,基滙資本,0.2393593490123749,Q20665553,STEM.STEM*,4857645.0,2043.5721502444144,10.0,3006.0
15702,4.0,4857645.0,基滙資本,0.0,Q20665553,Geography.Regions.Americas.North_America,4857645.0,2043.5721502444144,10.0,3006.0
15703,4.0,4858102.0,內田雄馬,0.9935217499732972,Q17349748,Culture.Visual_arts.Comics_and_Anime,4858102.0,820.3799476929657,13.0,4325.0
15704,4.0,4858102.0,內田雄馬,0.9859463572502136,Q17349748,Culture.Visual_arts.Visual_arts*,4858102.0,820.3799476929657,13.0,4325.0
15705,4.0,4858102.0,內田雄馬,0.9836069941520692,Q17349748,Culture.Biography.Biography*,4858102.0,820.3799476929657,13.0,4325.0
15706,4.0,4858102.0,內田雄馬,0.9344051480293274,Q17349748,Culture.Literature,4858102.0,820.3799476929657,13.0,4325.0
15707,4.0,4858102.0,內田雄馬,0.03021936321258545,Q17349748,Geography.Regions.Asia.East_Asia,4858102.0,820.3799476929657,13.0,4325.0
15708,4.0,4858102.0,內田雄馬,0.0,Q17349748,Geography.Regions.Asia.Asia*,4858102.0,820.3799476929657,13.0,4325.0
15709,2.0,4869806.0,愛吃拉麵的小泉同學,1.0000100135803225,Q20631862,Culture.Visual_arts.Visual_arts*,4869806.0,0.0,13.0,2675.0
15710,2.0,4869806.0,愛吃拉麵的小泉同學,1.0000100135803225,Q20631862,Culture.Visual_arts.Comics_and_Anime,4869806.0,0.0,13.0,2675.0
15711,2.0,4869806.0,愛吃拉麵的小泉同學,0.9991804361343384,Q20631862,Culture.Literature,4869806.0,0.0,13.0,2675.0
15712,4.0,4896639.0,赞达亚,0.9973783493041992,Q189489,Culture.Biography.Biography*,4896639.0,20193.212384690712,6.0,2595.0
15713,4.0,4896639.0,赞达亚,0.9219318628311156,Q189489,Culture.Biography.Women,4896639.0,20193.212384690712,6.0,2595.0
15714,4.0,4896639.0,赞达亚,0.5775054097175598,Q189489,Culture.Media.Media*,4896639.0,20193.212384690712,6.0,2595.0
15715,4.0,4896639.0,赞达亚,0.3415925204753876,Q189489,Culture.Media.Music,4896639.0,20193.212384690712,6.0,2595.0
15716,4.0,4896639.0,赞达亚,0.19165198707580566,Q189489,Geography.Regions.Americas.North_America,4896639.0,20193.212384690712,6.0,2595.0
15717,4.0,4896639.0,赞达亚,0.16452647745609286,Q189489,Culture.Media.Television,4896639.0,20193.212384690712,6.0,2595.0
15718,3.0,4898754.0,雷亞遊戲,1.0000100135803225,Q21016956,Culture.Biography.Biography*,4898754.0,7882.0,16.0,2638.0
15719,3.0,4898754.0,雷亞遊戲,0.9983615279197692,Q21016956,History_and_Society.Society,4898754.0,7882.0,16.0,2638.0
15720,3.0,4898754.0,雷亞遊戲,0.9284188151359558,Q21016956,Culture.Media.Media*,4898754.0,7882.0,16.0,2638.0
15721,3.0,4898754.0,雷亞遊戲,0.8031837940216064,Q21016956,History_and_Society.Business_and_economics,4898754.0,7882.0,16.0,2638.0
15722,3.0,4898754.0,雷亞遊戲,0.7773098945617676,Q21016956,Culture.Internet_culture,4898754.0,7882.0,16.0,2638.0
15723,3.0,4898754.0,雷亞遊戲,0.7606606483459473,Q21016956,Culture.Media.Video_games,4898754.0,7882.0,16.0,2638.0
15724,3.0,4898754.0,雷亞遊戲,0.4936250915527344,Q21016956,Geography.Regions.Asia.East_Asia,4898754.0,7882.0,16.0,2638.0
15725,3.0,4898754.0,雷亞遊戲,0.4820951094627381,Q21016956,Geography.Regions.Asia.Asia*,4898754.0,7882.0,16.0,2638.0
15726,3.0,4909454.0,碧血书香梦,0.8991314172744751,Q21000345,Culture.Media.Media*,4909454.0,0.0,4.0,6037.0
15727,3.0,4909454.0,碧血书香梦,0.4378334879875183,Q21000345,Culture.Media.Music,4909454.0,0.0,4.0,6037.0
15728,3.0,4909454.0,碧血书香梦,0.4114462008476257,Q21000345,Geography.Regions.Asia.East_Asia,4909454.0,0.0,4.0,6037.0
15729,3.0,4909454.0,碧血书香梦,0.3629792034626007,Q21000345,Culture.Biography.Women,4909454.0,0.0,4.0,6037.0
15730,3.0,4909454.0,碧血书香梦,0.3557848632335663,Q21000345,History_and_Society.Society,4909454.0,0.0,4.0,6037.0
15731,3.0,4909454.0,碧血书香梦,0.32119916582107544,Q21000345,Geography.Regions.Asia.Asia*,4909454.0,0.0,4.0,6037.0
15732,3.0,4909454.0,碧血书香梦,0.287777841091156,Q21000345,Culture.Media.Television,4909454.0,0.0,4.0,6037.0
15733,3.0,4909454.0,碧血书香梦,0.2509227991104126,Q21000345,Culture.Biography.Biography*,4909454.0,0.0,4.0,6037.0
15734,3.0,4909454.0,碧血书香梦,0.2227101624011993,Q21000345,Culture.Media.Films,4909454.0,0.0,4.0,6037.0
15735,3.0,4909454.0,碧血书香梦,0.20182321965694427,Q21000345,Culture.Internet_culture,4909454.0,0.0,4.0,6037.0
15736,2.0,4923760.0,喬爾·埃哲頓,1.0000100135803225,Q381768,Culture.Biography.Biography*,4923760.0,393.25980162949463,11.0,1551.0
15737,2.0,4923760.0,喬爾·埃哲頓,0.0,Q381768,Geography.Regions.Oceania,4923760.0,393.25980162949463,11.0,1551.0
15738,2.0,4923760.0,喬爾·埃哲頓,0.0,Q381768,Geography.Regions.Americas.North_America,4923760.0,393.25980162949463,11.0,1551.0
15739,2.0,4923760.0,喬爾·埃哲頓,0.0,Q381768,Geography.Regions.Europe.Europe*,4923760.0,393.25980162949463,11.0,1551.0
15740,2.0,4923760.0,喬爾·埃哲頓,0.0,Q381768,Geography.Regions.Europe.Northern_Europe,4923760.0,393.25980162949463,11.0,1551.0
15741,2.0,4923760.0,喬爾·埃哲頓,0.0,Q381768,Geography.Regions.Asia.Asia*,4923760.0,393.25980162949463,11.0,1551.0
15742,3.0,4930829.0,高盟傑,0.9965265989303588,Q21040298,Culture.Biography.Biography*,4930829.0,1225.0365071269675,4.0,1296.0
15743,3.0,4930829.0,高盟傑,0.6001983880996704,Q21040298,History_and_Society.Society,4930829.0,1225.0365071269675,4.0,1296.0
15744,3.0,4930829.0,高盟傑,0.4845064153671265,Q21040298,Geography.Regions.Asia.East_Asia,4930829.0,1225.0365071269675,4.0,1296.0
15745,3.0,4930829.0,高盟傑,0.4753205647468567,Q21040298,Geography.Regions.Asia.Asia*,4930829.0,1225.0365071269675,4.0,1296.0
15746,10.0,4938778.0,民王,0.7310686111450195,Q19921130,Culture.Media.Media*,4938778.0,19702.08411686666,13.0,2709.0
15747,10.0,4938778.0,民王,0.26285186409950256,Q19921130,Culture.Media.Television,4938778.0,19702.08411686666,13.0,2709.0
15748,10.0,4938778.0,民王,0.18495945835113525,Q19921130,Geography.Regions.Asia.Asia*,4938778.0,19702.08411686666,13.0,2709.0
15749,10.0,4938778.0,民王,0.0,Q19921130,Geography.Regions.Asia.East_Asia,4938778.0,19702.08411686666,13.0,2709.0
15750,5.0,4944997.0,新·大雄的日本誕生,0.9937201142311096,Q20654828,Culture.Media.Films,4944997.0,21822.725631795023,16.0,1647.0
15751,5.0,4944997.0,新·大雄的日本誕生,0.9790457487106324,Q20654828,Culture.Media.Media*,4944997.0,21822.725631795023,16.0,1647.0
15752,5.0,4944997.0,新·大雄的日本誕生,0.8439050912857056,Q20654828,Culture.Visual_arts.Visual_arts*,4944997.0,21822.725631795023,16.0,1647.0
15753,5.0,4944997.0,新·大雄的日本誕生,0.839743971824646,Q20654828,Culture.Literature,4944997.0,21822.725631795023,16.0,1647.0
15754,5.0,4944997.0,新·大雄的日本誕生,0.8031837940216064,Q20654828,Culture.Visual_arts.Comics_and_Anime,4944997.0,21822.725631795023,16.0,1647.0
15755,5.0,4944997.0,新·大雄的日本誕生,0.4089169969558716,Q20654828,Geography.Regions.Asia.East_Asia,4944997.0,21822.725631795023,16.0,1647.0
15756,5.0,4944997.0,新·大雄的日本誕生,0.3301530351638794,Q20654828,Geography.Regions.Asia.Asia*,4944997.0,21822.725631795023,16.0,1647.0
15757,5.0,4944997.0,新·大雄的日本誕生,0.1778208613395691,Q20654828,Culture.Media.Entertainment,4944997.0,21822.725631795023,16.0,1647.0
15758,4.0,4946356.0,趙粵,0.990301549434662,Q21017044,Culture.Biography.Biography*,4946356.0,30.924388026195587,7.0,2581.0
15759,4.0,4946356.0,趙粵,0.6859594583511353,Q21017044,Culture.Biography.Women,4946356.0,30.924388026195587,7.0,2581.0
15760,4.0,4946356.0,趙粵,0.1520422399044037,Q21017044,Culture.Media.Music,4946356.0,30.924388026195587,7.0,2581.0
15761,4.0,4946356.0,趙粵,0.14415885508060455,Q21017044,Culture.Media.Media*,4946356.0,30.924388026195587,7.0,2581.0
15762,4.0,4946356.0,趙粵,0.0,Q21017044,Geography.Regions.Asia.Asia*,4946356.0,30.924388026195587,7.0,2581.0
15763,4.0,4946356.0,趙粵,0.0,Q21017044,Geography.Regions.Asia.East_Asia,4946356.0,30.924388026195587,7.0,2581.0
15764,12.0,4947487.0,大話西遊3 (電影),0.952584147453308,Q21000359,Culture.Media.Films,4947487.0,5294.49007214779,12.0,2369.0
15765,12.0,4947487.0,大話西遊3 (電影),0.9416641592979432,Q21000359,Culture.Media.Media*,4947487.0,5294.49007214779,12.0,2369.0
15766,12.0,4947487.0,大話西遊3 (電影),0.4978405108451843,Q21000359,Geography.Regions.Asia.East_Asia,4947487.0,5294.49007214779,12.0,2369.0
15767,12.0,4947487.0,大話西遊3 (電影),0.4972553720474243,Q21000359,Geography.Regions.Asia.Asia*,4947487.0,5294.49007214779,12.0,2369.0
15768,12.0,4947487.0,大話西遊3 (電影),0.16027602553367615,Q21000359,Culture.Biography.Biography*,4947487.0,5294.49007214779,12.0,2369.0
15769,2.0,4947663.0,HERO (2015年電影),0.9919480085372924,Q20746204,Culture.Media.Films,4947663.0,3942.0,13.0,2599.0
15770,2.0,4947663.0,HERO (2015年電影),0.9899964332580566,Q20746204,Culture.Media.Media*,4947663.0,3942.0,13.0,2599.0
15771,2.0,4947663.0,HERO (2015年電影),0.4406641592979431,Q20746204,Geography.Regions.Asia.Asia*,4947663.0,3942.0,13.0,2599.0
15772,2.0,4947663.0,HERO (2015年電影),0.43892334604263306,Q20746204,Geography.Regions.Asia.East_Asia,4947663.0,3942.0,13.0,2599.0
15773,1.0,4954226.0,星之子,0.2942249774932861,Q24834453,STEM.STEM*,4954226.0,0.0,3.0,645.0
15774,1.0,4954226.0,星之子,0.0,Q24834453,Geography.Regions.Asia.Asia*,4954226.0,0.0,3.0,645.0
15775,1.0,4954226.0,星之子,0.0,Q24834453,Geography.Regions.Americas.North_America,4954226.0,0.0,3.0,645.0
15776,1.0,4954226.0,星之子,0.0,Q24834453,Geography.Regions.Europe.Europe*,4954226.0,0.0,3.0,645.0
15777,10.0,4959008.0,吉田羊,0.998977780342102,Q11414057,Culture.Biography.Biography*,4959008.0,47246.77937772208,13.0,2442.0
15778,10.0,4959008.0,吉田羊,0.6150978803634644,Q11414057,Culture.Biography.Women,4959008.0,47246.77937772208,13.0,2442.0
15779,10.0,4959008.0,吉田羊,0.2816725244522095,Q11414057,Geography.Regions.Asia.Asia*,4959008.0,47246.77937772208,13.0,2442.0
15780,10.0,4959008.0,吉田羊,0.1713417043685913,Q11414057,Geography.Regions.Asia.East_Asia,4959008.0,47246.77937772208,13.0,2442.0
15781,3.0,4966985.0,实习生 (电影),0.9964163899421692,Q18151084,Culture.Media.Films,4966985.0,8228.094972003304,12.0,3890.0
15782,3.0,4966985.0,实习生 (电影),0.99219411611557,Q18151084,Culture.Media.Media*,4966985.0,8228.094972003304,12.0,3890.0
15783,3.0,4966985.0,实习生 (电影),0.3070772161483765,Q18151084,Geography.Regions.Americas.North_America,4966985.0,8228.094972003304,12.0,3890.0
15784,3.0,4966985.0,实习生 (电影),0.1824355274438858,Q18151084,Culture.Media.Entertainment,4966985.0,8228.094972003304,12.0,3890.0
15785,3.0,4968084.0,芬太尼,0.9995794296264648,Q407541,STEM.Medicine_&_Health,4968084.0,1074.756182839241,10.0,3494.0
15786,3.0,4968084.0,芬太尼,0.9982553720474244,Q407541,STEM.STEM*,4968084.0,1074.756182839241,10.0,3494.0
15787,3.0,4968084.0,芬太尼,0.5621865391731262,Q407541,STEM.Chemistry,4968084.0,1074.756182839241,10.0,3494.0
15788,27.0,4968231.0,賭城風雲III,0.9149109721183776,Q21015106,Culture.Media.Media*,4968231.0,68332.22979489781,12.0,2861.0
15789,27.0,4968231.0,賭城風雲III,0.8439050912857056,Q21015106,Culture.Media.Films,4968231.0,68332.22979489781,12.0,2861.0
15790,27.0,4968231.0,賭城風雲III,0.4901626577377319,Q21015106,Geography.Regions.Asia.Asia*,4968231.0,68332.22979489781,12.0,2861.0
15791,27.0,4968231.0,賭城風雲III,0.4898843636512756,Q21015106,Geography.Regions.Asia.East_Asia,4968231.0,68332.22979489781,12.0,2861.0
15792,1.0,4968350.0,蔡小洪,0.9073222279548644,Q21040475,Culture.Biography.Biography*,4968350.0,0.0,3.0,1076.0
15793,1.0,4968350.0,蔡小洪,0.538993239402771,Q21040475,Culture.Sports,4968350.0,0.0,3.0,1076.0
15794,1.0,4968350.0,蔡小洪,0.3660457601547241,Q21040475,Geography.Regions.Asia.East_Asia,4968350.0,0.0,3.0,1076.0
15795,1.0,4968350.0,蔡小洪,0.3469777574539185,Q21040475,Geography.Regions.Asia.Asia*,4968350.0,0.0,3.0,1076.0
15796,1.0,4968350.0,蔡小洪,0.23371636867523196,Q21040475,Culture.Biography.Women,4968350.0,0.0,3.0,1076.0
15797,1.0,4968350.0,蔡小洪,0.14805719256401062,Q21040475,History_and_Society.Society,4968350.0,0.0,3.0,1076.0
15798,1.0,4969744.0,紀梵希,0.989681839942932,Q759210,Culture.Visual_arts.Fashion,4969744.0,0.0,12.0,1809.0
15799,1.0,4969744.0,紀梵希,0.9724247455596924,Q759210,Culture.Visual_arts.Visual_arts*,4969744.0,0.0,12.0,1809.0
15800,1.0,4969744.0,紀梵希,0.9073222279548644,Q759210,History_and_Society.Business_and_economics,4969744.0,0.0,12.0,1809.0
15801,1.0,4969744.0,紀梵希,0.3257217874526977,Q759210,Geography.Regions.Europe.Europe*,4969744.0,0.0,12.0,1809.0
15802,1.0,4969744.0,紀梵希,0.29719679260253906,Q759210,Geography.Regions.Europe.Western_Europe,4969744.0,0.0,12.0,1809.0
15803,3.0,4971924.0,克里斯汀·貝爾作品列表,1.0,Q5109310,Compilation.List_Disambig,4971924.0,1725.7297173002084,6.0,1602.0
15804,3.0,4971924.0,克里斯汀·貝爾作品列表,0.9972090721130372,Q5109310,Culture.Media.Media*,4971924.0,1725.7297173002084,6.0,1602.0
15805,3.0,4971924.0,克里斯汀·貝爾作品列表,0.9724247455596924,Q5109310,Culture.Media.Films,4971924.0,1725.7297173002084,6.0,1602.0
15806,3.0,4971924.0,克里斯汀·貝爾作品列表,0.0,Q5109310,Geography.Regions.Asia.Asia*,4971924.0,1725.7297173002084,6.0,1602.0
15807,3.0,4972994.0,黃益中,1.0000100135803225,Q21016952,History_and_Society.Society,4972994.0,0.0,2.0,1478.0
15808,3.0,4972994.0,黃益中,1.0000100135803225,Q21016952,Culture.Biography.Biography*,4972994.0,0.0,2.0,1478.0
15809,3.0,4972994.0,黃益中,0.4904325475692749,Q21016952,Geography.Regions.Asia.East_Asia,4972994.0,0.0,2.0,1478.0
15810,3.0,4972994.0,黃益中,0.4804634323120117,Q21016952,Geography.Regions.Asia.Asia*,4972994.0,0.0,2.0,1478.0
15811,18.0,4975210.0,傑瑞米·柯賓,0.9990989565849304,Q291169,Culture.Biography.Biography*,4975210.0,2057.3786379450603,1.0,1619.0
15812,18.0,4975210.0,傑瑞米·柯賓,0.9949496984481812,Q291169,History_and_Society.Politics_and_government,4975210.0,2057.3786379450603,1.0,1619.0
15813,18.0,4975210.0,傑瑞米·柯賓,0.2596606483459473,Q291169,Geography.Regions.Europe.Europe*,4975210.0,2057.3786379450603,1.0,1619.0
15814,18.0,4975210.0,傑瑞米·柯賓,0.21124218606948847,Q291169,Geography.Regions.Europe.Northern_Europe,4975210.0,2057.3786379450603,1.0,1619.0
15815,18.0,4975210.0,傑瑞米·柯賓,0.1732981950044632,Q291169,History_and_Society.Education,4975210.0,2057.3786379450603,1.0,1619.0
15816,18.0,4975210.0,傑瑞米·柯賓,0.14415885508060455,Q291169,History_and_Society.Society,4975210.0,2057.3786379450603,1.0,1619.0
15817,18.0,4975210.0,傑瑞米·柯賓,0.1097157895565033,Q291169,History_and_Society.Business_and_economics,4975210.0,2057.3786379450603,1.0,1619.0
15818,4.0,5014074.0,下町火箭,0.9875783920288086,Q11361234,Culture.Literature,5014074.0,8476.333544747304,13.0,2535.0
15819,4.0,5014074.0,下町火箭,0.9553291201591492,Q11361234,Culture.Media.Media*,5014074.0,8476.333544747304,13.0,2535.0
15820,4.0,5014074.0,下町火箭,0.7122421860694885,Q11361234,Culture.Media.Books,5014074.0,8476.333544747304,13.0,2535.0
15821,4.0,5014074.0,下町火箭,0.17818872833251953,Q11361234,Geography.Regions.Asia.Asia*,5014074.0,8476.333544747304,13.0,2535.0
15822,4.0,5014074.0,下町火箭,0.15036486291885376,Q11361234,Geography.Regions.Asia.East_Asia,5014074.0,8476.333544747304,13.0,2535.0
15823,4.0,5014074.0,下町火箭,0.13297423720359802,Q11361234,Culture.Visual_arts.Visual_arts*,5014074.0,8476.333544747304,13.0,2535.0
15824,4.0,5014074.0,下町火箭,0.11921291798353195,Q11361234,Culture.Visual_arts.Comics_and_Anime,5014074.0,8476.333544747304,13.0,2535.0
15825,3.0,5021012.0,黃亮鈞,0.9688661694526672,Q21094139,Culture.Biography.Biography*,5021012.0,1780.9374186046427,4.0,4119.0
15826,3.0,5021012.0,黃亮鈞,0.15036486291885376,Q21094139,Geography.Regions.Asia.Asia*,5021012.0,1780.9374186046427,4.0,4119.0
15827,3.0,5021012.0,黃亮鈞,0.0,Q21094139,Geography.Regions.Asia.East_Asia,5021012.0,1780.9374186046427,4.0,4119.0
15828,1.0,5021070.0,下一任：前任,0.951152205467224,Q22100075,Culture.Media.Media*,5021070.0,0.0,12.0,1262.0
15829,1.0,5021070.0,下一任：前任,0.8991314172744751,Q22100075,Culture.Media.Films,5021070.0,0.0,12.0,1262.0
15830,1.0,5021070.0,下一任：前任,0.2921159734725952,Q22100075,Geography.Regions.Asia.Asia*,5021070.0,0.0,12.0,1262.0
15831,1.0,5021070.0,下一任：前任,0.0,Q22100075,Geography.Regions.Asia.East_Asia,5021070.0,0.0,12.0,1262.0
15832,2.0,5023403.0,北美洲各國最低合法性交年齡,0.2942249774932861,Q3280593,STEM.STEM*,5023403.0,967.936599953088,12.0,1641.0
15833,2.0,5023403.0,北美洲各國最低合法性交年齡,0.0,Q3280593,Geography.Regions.Asia.Asia*,5023403.0,967.936599953088,12.0,1641.0
15834,2.0,5023403.0,北美洲各國最低合法性交年齡,0.0,Q3280593,Geography.Regions.Americas.North_America,5023403.0,967.936599953088,12.0,1641.0
15835,2.0,5023403.0,北美洲各國最低合法性交年齡,0.0,Q3280593,Geography.Regions.Europe.Europe*,5023403.0,967.936599953088,12.0,1641.0
15836,1.0,5024105.0,食人煉獄,0.9926641583442688,Q14644726,Culture.Media.Media*,5024105.0,0.0,10.0,919.0
15837,1.0,5024105.0,食人煉獄,0.991162657737732,Q14644726,Culture.Media.Films,5024105.0,0.0,10.0,919.0
15838,1.0,5024105.0,食人煉獄,0.0,Q14644726,Geography.Regions.Americas.North_America,5024105.0,0.0,10.0,919.0
15839,3.0,5024497.0,謝志宏案,0.2942249774932861,Q22079196,STEM.STEM*,5024497.0,18.324555472901192,2.0,2045.0
15840,3.0,5024497.0,謝志宏案,0.0,Q22079196,Geography.Regions.Asia.Asia*,5024497.0,18.324555472901192,2.0,2045.0
15841,3.0,5024497.0,謝志宏案,0.0,Q22079196,Geography.Regions.Americas.North_America,5024497.0,18.324555472901192,2.0,2045.0
15842,3.0,5024497.0,謝志宏案,0.0,Q22079196,Geography.Regions.Europe.Europe*,5024497.0,18.324555472901192,2.0,2045.0
15843,1.0,5026062.0,周亭羽,1.0000100135803225,Q21040342,History_and_Society.Society,5026062.0,0.0,2.0,12257.0
15844,1.0,5026062.0,周亭羽,1.0000100135803225,Q21040342,Culture.Biography.Biography*,5026062.0,0.0,2.0,12257.0
15845,1.0,5026062.0,周亭羽,0.839743971824646,Q21040342,Culture.Biography.Women,5026062.0,0.0,2.0,12257.0
15846,1.0,5026062.0,周亭羽,0.812877357006073,Q21040342,Culture.Media.Media*,5026062.0,0.0,2.0,12257.0
15847,1.0,5026062.0,周亭羽,0.4990100135803223,Q21040342,Geography.Regions.Asia.East_Asia,5026062.0,0.0,2.0,12257.0
15848,1.0,5026062.0,周亭羽,0.4981269707679749,Q21040342,Geography.Regions.Asia.Asia*,5026062.0,0.0,2.0,12257.0
15849,3.0,5026720.0,丽贝卡·弗格森,1.0000100135803225,Q4947838,Culture.Biography.Biography*,5026720.0,3737.0355203969225,6.0,2606.0
15850,3.0,5026720.0,丽贝卡·弗格森,0.6859594583511353,Q4947838,Culture.Biography.Women,5026720.0,3737.0355203969225,6.0,2606.0
15851,3.0,5026720.0,丽贝卡·弗格森,0.18495945835113525,Q4947838,Geography.Regions.Europe.Northern_Europe,5026720.0,3737.0355203969225,6.0,2606.0
15852,3.0,5026720.0,丽贝卡·弗格森,0.0,Q4947838,Geography.Regions.Europe.Europe*,5026720.0,3737.0355203969225,6.0,2606.0
15853,9.0,5026802.0,岩田剛典,0.9777238368988036,Q11475452,Culture.Biography.Biography*,5026802.0,9740.629284759843,13.0,1806.0
15854,9.0,5026802.0,岩田剛典,0.3469777574539185,Q11475452,Geography.Regions.Asia.East_Asia,5026802.0,9740.629284759843,13.0,1806.0
15855,9.0,5026802.0,岩田剛典,0.3257217874526977,Q11475452,Geography.Regions.Asia.Asia*,5026802.0,9740.629284759843,13.0,1806.0
15856,9.0,5026802.0,岩田剛典,0.1097157895565033,Q11475452,Culture.Media.Media*,5026802.0,9740.629284759843,13.0,1806.0
15857,1.0,5028123.0,紀念日 (電影),0.9381340146064758,Q21487988,Culture.Media.Films,5028123.0,0.0,12.0,1653.0
15858,1.0,5028123.0,紀念日 (電影),0.8670457601547241,Q21487988,Culture.Media.Media*,5028123.0,0.0,12.0,1653.0
15859,1.0,5028123.0,紀念日 (電影),0.497142421245575,Q21487988,Geography.Regions.Asia.Asia*,5028123.0,0.0,12.0,1653.0
15860,1.0,5028123.0,紀念日 (電影),0.4963783493041992,Q21487988,Geography.Regions.Asia.East_Asia,5028123.0,0.0,12.0,1653.0
15861,1.0,5028123.0,紀念日 (電影),0.1824355274438858,Q21487988,Culture.Biography.Biography*,5028123.0,0.0,12.0,1653.0
15862,1.0,5028681.0,郭嘉文,0.99593985080719,Q20970505,Culture.Biography.Biography*,5028681.0,0.0,7.0,2347.0
15863,1.0,5028681.0,郭嘉文,0.3893042674064636,Q20970505,Geography.Regions.Asia.East_Asia,5028681.0,0.0,7.0,2347.0
15864,1.0,5028681.0,郭嘉文,0.3548611869812012,Q20970505,Geography.Regions.Asia.Asia*,5028681.0,0.0,7.0,2347.0
15865,1.0,5028681.0,郭嘉文,0.22816647589206696,Q20970505,Culture.Biography.Women,5028681.0,0.0,7.0,2347.0
15866,1.0,5028681.0,郭嘉文,0.13297423720359802,Q20970505,Culture.Sports,5028681.0,0.0,7.0,2347.0
15867,1.0,5029764.0,高鳳仙,0.8479777574539185,Q22099813,Culture.Biography.Biography*,5029764.0,0.0,2.0,1084.0
15868,1.0,5029764.0,高鳳仙,0.2596606483459473,Q22099813,Geography.Regions.Asia.East_Asia,5029764.0,0.0,2.0,1084.0
15869,1.0,5029764.0,高鳳仙,0.1824355274438858,Q22099813,History_and_Society.Society,5029764.0,0.0,2.0,1084.0
15870,1.0,5029764.0,高鳳仙,0.16886694729328156,Q22099813,Culture.Biography.Women,5029764.0,0.0,2.0,1084.0
15871,1.0,5029764.0,高鳳仙,0.13297423720359802,Q22099813,Culture.Philosophy_and_religion,5029764.0,0.0,2.0,1084.0
15872,1.0,5029764.0,高鳳仙,0.037993239402771,Q22099813,Geography.Regions.Asia.Asia*,5029764.0,0.0,2.0,1084.0
15873,2.0,5030918.0,新網球王子角色列表,1.0,Q24834086,Compilation.List_Disambig,5030918.0,3942.0,13.0,2200.0
15874,2.0,5030918.0,新網球王子角色列表,0.2227101624011993,Q24834086,STEM.STEM*,5030918.0,3942.0,13.0,2200.0
15875,2.0,5030918.0,新網球王子角色列表,0.1259327530860901,Q24834086,Culture.Media.Media*,5030918.0,3942.0,13.0,2200.0
15876,2.0,5030918.0,新網球王子角色列表,0.10088862478733064,Q24834086,Culture.Sports,5030918.0,3942.0,13.0,2200.0
15877,2.0,5030918.0,新網球王子角色列表,0.0,Q24834086,Geography.Regions.Americas.North_America,5030918.0,3942.0,13.0,2200.0
15878,2.0,5030918.0,新網球王子角色列表,0.0,Q24834086,Geography.Regions.Europe.Europe*,5030918.0,3942.0,13.0,2200.0
15879,2.0,5030918.0,新網球王子角色列表,0.0,Q24834086,Geography.Regions.Asia.Asia*,5030918.0,3942.0,13.0,2200.0
15880,9.0,5047611.0,中華民國與捷克關係,0.9994572401046752,Q22078790,Culture.Biography.Biography*,5047611.0,6789.344096925959,5.0,1390.0
15881,9.0,5047611.0,中華民國與捷克關係,0.9989112615585328,Q22078790,History_and_Society.Society,5047611.0,6789.344096925959,5.0,1390.0
15882,9.0,5047611.0,中華民國與捷克關係,0.9433575868606568,Q22078790,History_and_Society.Politics_and_government,5047611.0,6789.344096925959,5.0,1390.0
15883,9.0,5047611.0,中華民國與捷克關係,0.4638651480674744,Q22078790,Geography.Regions.Asia.Asia*,5047611.0,6789.344096925959,5.0,1390.0
15884,9.0,5047611.0,中華民國與捷克關係,0.2816725244522095,Q22078790,Geography.Regions.Asia.East_Asia,5047611.0,6789.344096925959,5.0,1390.0
15885,2.0,5057477.0,國定殺戮日系列,0.9992306232452391,Q18393677,Culture.Media.Media*,5057477.0,0.0,12.0,4623.0
15886,2.0,5057477.0,國定殺戮日系列,0.9988405108451844,Q18393677,Culture.Media.Films,5057477.0,0.0,12.0,4623.0
15887,2.0,5057477.0,國定殺戮日系列,0.9149109721183776,Q18393677,Culture.Media.Entertainment,5057477.0,0.0,12.0,4623.0
15888,2.0,5057477.0,國定殺戮日系列,0.0,Q18393677,Geography.Regions.Americas.North_America,5057477.0,0.0,12.0,4623.0
15889,6.0,5057899.0,薛晉寧,0.993317186832428,Q21405625,Culture.Biography.Biography*,5057899.0,200.10850837944318,12.0,1291.0
15890,6.0,5057899.0,薛晉寧,0.3730872144699097,Q21405625,Geography.Regions.Asia.East_Asia,5057899.0,200.10850837944318,12.0,1291.0
15891,6.0,5057899.0,薛晉寧,0.311877357006073,Q21405625,Geography.Regions.Asia.Asia*,5057899.0,200.10850837944318,12.0,1291.0
15892,2.0,5059073.0,叛艦喋血記 (1962年電影),0.9954004287719728,Q59084,Culture.Media.Films,5059073.0,0.0,5.0,790.0
15893,2.0,5059073.0,叛艦喋血記 (1962年電影),0.9890230894088744,Q59084,Culture.Media.Media*,5059073.0,0.0,5.0,790.0
15894,2.0,5059073.0,叛艦喋血記 (1962年電影),0.10375863313674928,Q59084,History_and_Society.Military_and_warfare,5059073.0,0.0,5.0,790.0
15895,2.0,5059073.0,叛艦喋血記 (1962年電影),0.0,Q59084,Geography.Regions.Americas.North_America,5059073.0,0.0,5.0,790.0
15896,3.0,5060031.0,哪一天我們會飛,0.9790457487106324,Q21405491,Culture.Media.Films,5060031.0,1092.7225947673855,12.0,1404.0
15897,3.0,5060031.0,哪一天我們會飛,0.9770326614379884,Q21405491,Culture.Media.Media*,5060031.0,1092.7225947673855,12.0,1404.0
15898,3.0,5060031.0,哪一天我們會飛,0.4638651480674744,Q21405491,Geography.Regions.Asia.Asia*,5060031.0,1092.7225947673855,12.0,1404.0
15899,3.0,5060031.0,哪一天我們會飛,0.43892334604263306,Q21405491,Geography.Regions.Asia.East_Asia,5060031.0,1092.7225947673855,12.0,1404.0
15900,2.0,5061588.0,交通部中央氣象局地震震度分級,1.0000100135803225,Q21652180,Culture.Biography.Biography*,5061588.0,1088.2745223260918,5.0,1680.0
15901,2.0,5061588.0,交通部中央氣象局地震震度分級,1.0000100135803225,Q21652180,History_and_Society.Society,5061588.0,1088.2745223260918,5.0,1680.0
15902,2.0,5061588.0,交通部中央氣象局地震震度分級,0.9979592561721802,Q21652180,STEM.Earth_and_environment,5061588.0,1088.2745223260918,5.0,1680.0
15903,2.0,5061588.0,交通部中央氣象局地震震度分級,0.9591643214225768,Q21652180,STEM.STEM*,5061588.0,1088.2745223260918,5.0,1680.0
15904,2.0,5061588.0,交通部中央氣象局地震震度分級,0.4990100135803223,Q21652180,Geography.Regions.Asia.East_Asia,5061588.0,1088.2745223260918,5.0,1680.0
15905,2.0,5061588.0,交通部中央氣象局地震震度分級,0.4979450573921204,Q21652180,Geography.Regions.Asia.Asia*,5061588.0,1088.2745223260918,5.0,1680.0
15906,2.0,5061588.0,交通部中央氣象局地震震度分級,0.3007555902004242,Q21652180,History_and_Society.Politics_and_government,5061588.0,1088.2745223260918,5.0,1680.0
15907,3.0,5061689.0,遵理學校,0.7057950496673584,Q28408488,History_and_Society.Education,5061689.0,1497.6504117431998,3.0,2352.0
15908,3.0,5061689.0,遵理學校,0.43713401460647583,Q28408488,Geography.Regions.Asia.East_Asia,5061689.0,1497.6504117431998,3.0,2352.0
15909,3.0,5061689.0,遵理學校,0.2921159734725952,Q28408488,Geography.Regions.Asia.Asia*,5061689.0,1497.6504117431998,3.0,2352.0
15910,3.0,5061689.0,遵理學校,0.10375863313674928,Q28408488,Culture.Media.Media*,5061689.0,1497.6504117431998,3.0,2352.0
15911,3.0,5062074.0,灣生回家,0.9836069941520692,Q22099102,Culture.Biography.Biography*,5062074.0,5481.916462631041,12.0,2019.0
15912,3.0,5062074.0,灣生回家,0.9688661694526672,Q22099102,Culture.Media.Media*,5062074.0,5481.916462631041,12.0,2019.0
15913,3.0,5062074.0,灣生回家,0.966924011707306,Q22099102,Culture.Media.Films,5062074.0,5481.916462631041,12.0,2019.0
15914,3.0,5062074.0,灣生回家,0.8933194279670715,Q22099102,History_and_Society.Society,5062074.0,5481.916462631041,12.0,2019.0
15915,3.0,5062074.0,灣生回家,0.4980989565849304,Q22099102,Geography.Regions.Asia.East_Asia,5062074.0,5481.916462631041,12.0,2019.0
15916,3.0,5062074.0,灣生回家,0.4945416321754456,Q22099102,Geography.Regions.Asia.Asia*,5062074.0,5481.916462631041,12.0,2019.0
15917,3.0,5069440.0,超級整蠱霸王,0.880807101726532,Q22099688,Culture.Media.Films,5069440.0,3604.7081936214677,12.0,1101.0
15918,3.0,5069440.0,超級整蠱霸王,0.7773098945617676,Q22099688,History_and_Society.Society,5069440.0,3604.7081936214677,12.0,1101.0
15919,3.0,5069440.0,超級整蠱霸王,0.7663036584854126,Q22099688,Culture.Media.Media*,5069440.0,3604.7081936214677,12.0,1101.0
15920,3.0,5069440.0,超級整蠱霸王,0.546748161315918,Q22099688,Culture.Biography.Biography*,5069440.0,3604.7081936214677,12.0,1101.0
15921,3.0,5069440.0,超級整蠱霸王,0.4961204400062561,Q22099688,Geography.Regions.Asia.Asia*,5069440.0,3604.7081936214677,12.0,1101.0
15922,3.0,5069440.0,超級整蠱霸王,0.4945416321754456,Q22099688,Geography.Regions.Asia.East_Asia,5069440.0,3604.7081936214677,12.0,1101.0
15923,1.0,5072422.0,最後的王國,0.9748311638832092,Q18085820,Culture.Media.Media*,5072422.0,0.0,6.0,2314.0
15924,1.0,5072422.0,最後的王國,0.5698626637458801,Q18085820,Culture.Media.Television,5072422.0,0.0,6.0,2314.0
15925,1.0,5072422.0,最後的王國,0.1520422399044037,Q18085820,Culture.Media.Films,5072422.0,0.0,6.0,2314.0
15926,1.0,5072422.0,最後的王國,0.0,Q18085820,Geography.Regions.Europe.Europe*,5072422.0,0.0,6.0,2314.0
15927,4.0,5072697.0,曾健超,0.9659096002578736,Q21168548,Culture.Biography.Biography*,5072697.0,2241.3992868552386,3.0,1522.0
15928,4.0,5072697.0,曾健超,0.4946784844398498,Q21168548,Geography.Regions.Asia.East_Asia,5072697.0,2241.3992868552386,3.0,1522.0
15929,4.0,5072697.0,曾健超,0.4820951094627381,Q21168548,Geography.Regions.Asia.Asia*,5072697.0,2241.3992868552386,3.0,1522.0
15930,2.0,5072716.0,神隱任務：永不回頭,0.9979592561721802,Q21168538,Culture.Media.Films,5072716.0,2624.896039026167,11.0,1975.0
15931,2.0,5072716.0,神隱任務：永不回頭,0.9952548146247864,Q21168538,Culture.Media.Media*,5072716.0,2624.896039026167,11.0,1975.0
15932,2.0,5072716.0,神隱任務：永不回頭,0.18495945835113525,Q21168538,Geography.Regions.Americas.North_America,5072716.0,2624.896039026167,11.0,1975.0
15933,2.0,5072716.0,神隱任務：永不回頭,0.11280541121959685,Q21168538,Culture.Visual_arts.Comics_and_Anime,5072716.0,2624.896039026167,11.0,1975.0
15934,2.0,5076210.0,潤泰企業集團,0.18714269995689392,Q21449249,Culture.Media.Media*,5076210.0,3942.0,3.0,2851.0
15935,2.0,5076210.0,潤泰企業集團,0.16886694729328156,Q21449249,History_and_Society.Business_and_economics,5076210.0,3942.0,3.0,2851.0
15936,2.0,5076210.0,潤泰企業集團,0.16027602553367615,Q21449249,STEM.STEM*,5076210.0,3942.0,3.0,2851.0
15937,2.0,5076210.0,潤泰企業集團,0.16027602553367615,Q21449249,Culture.Sports,5076210.0,3942.0,3.0,2851.0
15938,2.0,5076210.0,潤泰企業集團,0.1520422399044037,Q21449249,History_and_Society.Society,5076210.0,3942.0,3.0,2851.0
15939,2.0,5076210.0,潤泰企業集團,0.14805719256401062,Q21449249,History_and_Society.Politics_and_government,5076210.0,3942.0,3.0,2851.0
15940,2.0,5076210.0,潤泰企業集團,0.11280541121959685,Q21449249,Culture.Philosophy_and_religion,5076210.0,3942.0,3.0,2851.0
15941,2.0,5076210.0,潤泰企業集團,0.0,Q21449249,Geography.Regions.Europe.Europe*,5076210.0,3942.0,3.0,2851.0
15942,2.0,5076210.0,潤泰企業集團,0.0,Q21449249,Geography.Regions.Asia.Asia*,5076210.0,3942.0,3.0,2851.0
15943,2.0,5076210.0,潤泰企業集團,0.0,Q21449249,Geography.Regions.Americas.North_America,5076210.0,3942.0,3.0,2851.0
15944,2.0,5076210.0,潤泰企業集團,0.0,Q21449249,Geography.Regions.Europe.Northern_Europe,5076210.0,3942.0,3.0,2851.0
15945,2.0,5076210.0,潤泰企業集團,0.0,Q21449249,Geography.Regions.Asia.East_Asia,5076210.0,3942.0,3.0,2851.0
15946,2.0,5076210.0,潤泰企業集團,0.0,Q21449249,Geography.Regions.Asia.South_Asia,5076210.0,3942.0,3.0,2851.0
15947,3.0,5077155.0,中華民國與厄瓜多關係,0.9992306232452391,Q22078758,History_and_Society.Society,5077155.0,4570.369929129995,5.0,2916.0
15948,3.0,5077155.0,中華民國與厄瓜多關係,0.9989450573921204,Q22078758,Culture.Biography.Biography*,5077155.0,4570.369929129995,5.0,2916.0
15949,3.0,5077155.0,中華民國與厄瓜多關係,0.8634016513824463,Q22078758,History_and_Society.Politics_and_government,5077155.0,4570.369929129995,5.0,2916.0
15950,3.0,5077155.0,中華民國與厄瓜多關係,0.4314633479118347,Q22078758,Geography.Regions.Asia.Asia*,5077155.0,4570.369929129995,5.0,2916.0
15951,3.0,5077155.0,中華民國與厄瓜多關係,0.42531375789642334,Q22078758,Geography.Regions.Asia.East_Asia,5077155.0,4570.369929129995,5.0,2916.0
15952,9.0,5077988.0,產科醫鴻鳥,0.9099169969558716,Q18337121,Culture.Visual_arts.Comics_and_Anime,5077988.0,15207.906797984775,13.0,2270.0
15953,9.0,5077988.0,產科醫鴻鳥,0.8706072568893433,Q18337121,Culture.Literature,5077988.0,15207.906797984775,13.0,2270.0
15954,9.0,5077988.0,產科醫鴻鳥,0.8479777574539185,Q18337121,Culture.Visual_arts.Visual_arts*,5077988.0,15207.906797984775,13.0,2270.0
15955,9.0,5077988.0,產科醫鴻鳥,0.7248802781105042,Q18337121,Culture.Media.Television,5077988.0,15207.906797984775,13.0,2270.0
15956,9.0,5077988.0,產科醫鴻鳥,0.4225146472454071,Q18337121,Culture.Media.Media*,5077988.0,15207.906797984775,13.0,2270.0
15957,9.0,5077988.0,產科醫鴻鳥,0.0,Q18337121,Geography.Regions.Asia.East_Asia,5077988.0,15207.906797984775,13.0,2270.0
15958,9.0,5077988.0,產科醫鴻鳥,0.0,Q18337121,Geography.Regions.Asia.Asia*,5077988.0,15207.906797984775,13.0,2270.0
15959,2.0,5078378.0,無彩限的幻影世界,1.0000100135803225,Q20856118,Culture.Literature,5078378.0,2980.2017540485967,13.0,2696.0
15960,2.0,5078378.0,無彩限的幻影世界,0.9973783493041992,Q20856118,Culture.Visual_arts.Comics_and_Anime,5078378.0,2980.2017540485967,13.0,2696.0
15961,2.0,5078378.0,無彩限的幻影世界,0.9949496984481812,Q20856118,Culture.Visual_arts.Visual_arts*,5078378.0,2980.2017540485967,13.0,2696.0
15962,2.0,5078378.0,無彩限的幻影世界,0.1097157895565033,Q20856118,Culture.Media.Books,5078378.0,2980.2017540485967,13.0,2696.0
15963,2.0,5079482.0,尼克·強納斯,0.9981998205184937,Q201656,Culture.Biography.Biography*,5079482.0,341.6144834669318,8.0,3155.0
15964,2.0,5079482.0,尼克·強納斯,0.8558611869812012,Q201656,Culture.Media.Media*,5079482.0,341.6144834669318,8.0,3155.0
15965,2.0,5079482.0,尼克·強納斯,0.7122421860694885,Q201656,Culture.Media.Music,5079482.0,341.6144834669318,8.0,3155.0
15966,2.0,5079482.0,尼克·強納斯,0.16886694729328156,Q201656,Culture.Biography.Women,5079482.0,341.6144834669318,8.0,3155.0
15967,2.0,5079482.0,尼克·強納斯,0.022430347442626952,Q201656,Geography.Regions.Americas.North_America,5079482.0,341.6144834669318,8.0,3155.0
15968,4.0,5079964.0,何潔柔,1.0000100135803225,Q22077834,Culture.Biography.Biography*,5079964.0,7947.049961119576,4.0,3020.0
15969,4.0,5079964.0,何潔柔,0.967909336090088,Q22077834,History_and_Society.Society,5079964.0,7947.049961119576,4.0,3020.0
15970,4.0,5079964.0,何潔柔,0.4921981394290924,Q22077834,Culture.Biography.Women,5079964.0,7947.049961119576,4.0,3020.0
15971,4.0,5079964.0,何潔柔,0.4835854640007019,Q22077834,Geography.Regions.Asia.East_Asia,5079964.0,7947.049961119576,4.0,3020.0
15972,4.0,5079964.0,何潔柔,0.4753205647468567,Q22077834,Geography.Regions.Asia.Asia*,5079964.0,7947.049961119576,4.0,3020.0
15973,4.0,5079964.0,何潔柔,0.16452647745609286,Q22077834,Culture.Media.Media*,5079964.0,7947.049961119576,4.0,3020.0
15974,4.0,5079964.0,何潔柔,0.14805719256401062,Q22077834,Culture.Media.Music,5079964.0,7947.049961119576,4.0,3020.0
15975,2.0,5081448.0,安苡愛,0.960371196269989,Q21449256,Culture.Biography.Biography*,5081448.0,34.555270486120875,4.0,2390.0
15976,2.0,5081448.0,安苡愛,0.4515841474533081,Q21449256,Geography.Regions.Asia.East_Asia,5081448.0,34.555270486120875,4.0,2390.0
15977,2.0,5081448.0,安苡愛,0.38304929637908935,Q21449256,Geography.Regions.Asia.Asia*,5081448.0,34.555270486120875,4.0,2390.0
15978,2.0,5081448.0,安苡愛,0.348655104637146,Q21449256,Culture.Sports,5081448.0,34.555270486120875,4.0,2390.0
15979,2.0,5081448.0,安苡愛,0.23371636867523196,Q21449256,Culture.Biography.Women,5081448.0,34.555270486120875,4.0,2390.0
15980,5.0,5091371.0,彩娟,0.9916942119598388,Q24959134,Culture.Biography.Biography*,5091371.0,2063.4516396046106,0.0,2078.0
15981,5.0,5091371.0,彩娟,0.9124462008476256,Q24959134,Culture.Biography.Women,5091371.0,2063.4516396046106,0.0,2078.0
15982,5.0,5091371.0,彩娟,0.8175845146179199,Q24959134,Culture.Media.Music,5091371.0,2063.4516396046106,0.0,2078.0
15983,5.0,5091371.0,彩娟,0.5775054097175598,Q24959134,Culture.Media.Media*,5091371.0,2063.4516396046106,0.0,2078.0
15984,5.0,5091371.0,彩娟,0.4423575868606568,Q24959134,Geography.Regions.Asia.East_Asia,5091371.0,2063.4516396046106,0.0,2078.0
15985,5.0,5091371.0,彩娟,0.4352950325012207,Q24959134,Geography.Regions.Asia.Asia*,5091371.0,2063.4516396046106,0.0,2078.0
15986,5.0,5091878.0,女超人 (電視劇),0.9732507467269896,Q18844732,Culture.Media.Media*,5091878.0,1462.0976793266955,6.0,3142.0
15987,5.0,5091878.0,女超人 (電視劇),0.951152205467224,Q18844732,Culture.Media.Television,5091878.0,1462.0976793266955,6.0,3142.0
15988,5.0,5091878.0,女超人 (電視劇),0.2568419873714447,Q18844732,Culture.Visual_arts.Comics_and_Anime,5091878.0,1462.0976793266955,6.0,3142.0
15989,5.0,5091878.0,女超人 (電視劇),0.20182321965694427,Q18844732,Culture.Visual_arts.Visual_arts*,5091878.0,1462.0976793266955,6.0,3142.0
15990,5.0,5091878.0,女超人 (電視劇),0.18714269995689392,Q18844732,Culture.Media.Films,5091878.0,1462.0976793266955,6.0,3142.0
15991,5.0,5091878.0,女超人 (電視劇),0.1732981950044632,Q18844732,Culture.Literature,5091878.0,1462.0976793266955,6.0,3142.0
15992,5.0,5091878.0,女超人 (電視劇),0.14805719256401062,Q18844732,Culture.Media.Entertainment,5091878.0,1462.0976793266955,6.0,3142.0
15993,5.0,5091878.0,女超人 (電視劇),0.0,Q18844732,Geography.Regions.Americas.North_America,5091878.0,1462.0976793266955,6.0,3142.0
15994,2.0,5094184.0,甄淑賢,0.996185541152954,Q21481661,Culture.Biography.Biography*,5094184.0,0.0,3.0,1755.0
15995,8.0,5102866.0,荷魯斯之眼：王者爭霸,0.9935217499732972,Q15972938,Culture.Media.Films,5102866.0,9359.170121227437,11.0,3137.0
15996,8.0,5102866.0,荷魯斯之眼：王者爭霸,0.9850529432296752,Q15972938,Culture.Media.Media*,5102866.0,9359.170121227437,11.0,3137.0
15997,8.0,5102866.0,荷魯斯之眼：王者爭霸,0.0,Q15972938,Geography.Regions.Americas.North_America,5102866.0,9359.170121227437,11.0,3137.0
15998,8.0,5102866.0,荷魯斯之眼：王者爭霸,0.0,Q15972938,Geography.Regions.Oceania,5102866.0,9359.170121227437,11.0,3137.0
15999,1.0,5113206.0,陀地驅魔人,0.9955416321754456,Q22099473,Culture.Media.Films,5113206.0,0.0,12.0,2888.0
16000,1.0,5113206.0,陀地驅魔人,0.9908843636512756,Q22099473,Culture.Media.Media*,5113206.0,0.0,12.0,2888.0
16001,1.0,5113206.0,陀地驅魔人,0.4760326614379883,Q22099473,Geography.Regions.Asia.East_Asia,5113206.0,0.0,12.0,2888.0
16002,1.0,5113206.0,陀地驅魔人,0.459371196269989,Q22099473,Geography.Regions.Asia.Asia*,5113206.0,0.0,12.0,2888.0
16003,1.0,5125149.0,吉村洋文,0.996185541152954,Q21529384,Culture.Biography.Biography*,5125149.0,0.0,13.0,1811.0
16004,1.0,5125149.0,吉村洋文,0.14034625887870789,Q21529384,History_and_Society.Politics_and_government,5125149.0,0.0,13.0,1811.0
16005,1.0,5125149.0,吉村洋文,0.11409788036346435,Q21529384,Geography.Regions.Asia.Asia*,5125149.0,0.0,13.0,1811.0
16006,1.0,5125149.0,吉村洋文,0.0,Q21529384,Geography.Regions.Asia.East_Asia,5125149.0,0.0,13.0,1811.0
16007,1.0,5127485.0,何啟明 (民協),0.990301549434662,Q21593907,Culture.Biography.Biography*,5127485.0,0.0,3.0,1799.0
16008,11.0,5138895.0,Plan A娛樂,0.2942249774932861,Q65045725,STEM.STEM*,5138895.0,1041.5567771471208,0.0,2125.0
16009,11.0,5138895.0,Plan A娛樂,0.0,Q65045725,Geography.Regions.Asia.Asia*,5138895.0,1041.5567771471208,0.0,2125.0
16010,11.0,5138895.0,Plan A娛樂,0.0,Q65045725,Geography.Regions.Americas.North_America,5138895.0,1041.5567771471208,0.0,2125.0
16011,11.0,5138895.0,Plan A娛樂,0.0,Q65045725,Geography.Regions.Europe.Europe*,5138895.0,1041.5567771471208,0.0,2125.0
16012,2.0,5139450.0,师父 (电影),0.9985088109970092,Q22078686,Culture.Media.Films,5139450.0,440.9631784769866,12.0,3561.0
16013,2.0,5139450.0,师父 (电影),0.9949496984481812,Q22078686,Culture.Media.Media*,5139450.0,440.9631784769866,12.0,3561.0
16014,2.0,5139450.0,师父 (电影),0.16442059183120727,Q22078686,Geography.Regions.Asia.Asia*,5139450.0,440.9631784769866,12.0,3561.0
16015,2.0,5139450.0,师父 (电影),0.053480433464050285,Q22078686,Geography.Regions.Asia.East_Asia,5139450.0,440.9631784769866,12.0,3561.0
16016,4.0,5156247.0,歐迪·費爾,0.9996179938316344,Q127996,Culture.Biography.Biography*,5156247.0,2153.652897148607,9.0,958.0
16017,4.0,5156247.0,歐迪·費爾,0.11921291798353195,Q127996,Culture.Media.Media*,5156247.0,2153.652897148607,9.0,958.0
16018,4.0,5156247.0,歐迪·費爾,0.0,Q127996,Geography.Regions.Asia.West_Asia,5156247.0,2153.652897148607,9.0,958.0
16019,4.0,5156247.0,歐迪·費爾,0.0,Q127996,Geography.Regions.Asia.Asia*,5156247.0,2153.652897148607,9.0,958.0
16020,4.0,5156247.0,歐迪·費爾,0.0,Q127996,Geography.Regions.Europe.Europe*,5156247.0,2153.652897148607,9.0,958.0
16021,3.0,5160135.0,町田啟太,0.9796776771545409,Q11578287,Culture.Biography.Biography*,5160135.0,1293.876095928334,13.0,2122.0
16022,3.0,5160135.0,町田啟太,0.0,Q11578287,Geography.Regions.Asia.Asia*,5160135.0,1293.876095928334,13.0,2122.0
16023,3.0,5160135.0,町田啟太,0.0,Q11578287,Geography.Regions.Asia.East_Asia,5160135.0,1293.876095928334,13.0,2122.0
16024,6.0,5160250.0,901型综合补给舰,0.9626831412315368,Q21706094,History_and_Society.Transportation,5160250.0,506.9302534537142,5.0,1794.0
16025,6.0,5160250.0,901型综合补给舰,0.6150978803634644,Q21706094,History_and_Society.Military_and_warfare,5160250.0,506.9302534537142,5.0,1794.0
16026,10.0,5160532.0,布丽·拉尔森,0.9908843636512756,Q29328,Culture.Biography.Biography*,5160532.0,5732.431925664338,6.0,3994.0
16027,10.0,5160532.0,布丽·拉尔森,0.8740872144699097,Q29328,Culture.Biography.Women,5160532.0,5732.431925664338,6.0,3994.0
16028,10.0,5160532.0,布丽·拉尔森,0.40734341740608215,Q29328,Culture.Media.Media*,5160532.0,5732.431925664338,6.0,3994.0
16029,10.0,5160532.0,布丽·拉尔森,0.1968362182378769,Q29328,Culture.Literature,5160532.0,5732.431925664338,6.0,3994.0
16030,10.0,5160532.0,布丽·拉尔森,0.1520422399044037,Q29328,Culture.Media.Music,5160532.0,5732.431925664338,6.0,3994.0
16031,10.0,5160532.0,布丽·拉尔森,0.1259327530860901,Q29328,History_and_Society.Society,5160532.0,5732.431925664338,6.0,3994.0
16032,10.0,5160532.0,布丽·拉尔森,0.09167657995224,Q29328,Geography.Regions.Americas.North_America,5160532.0,5732.431925664338,6.0,3994.0
16033,10.0,5160532.0,布丽·拉尔森,0.0,Q29328,Geography.Regions.Europe.Europe*,5160532.0,5732.431925664338,6.0,3994.0
16034,15.0,5165737.0,不朽的名曲：傳說在歌唱,0.9820237755775452,Q12599275,Culture.Media.Television,5165737.0,35423.1045251165,0.0,3808.0
16035,15.0,5165737.0,不朽的名曲：傳說在歌唱,0.9399233460426332,Q12599275,Culture.Media.Media*,5165737.0,35423.1045251165,0.0,3808.0
16036,15.0,5165737.0,不朽的名曲：傳說在歌唱,0.4294682612419128,Q12599275,Geography.Regions.Asia.East_Asia,5165737.0,35423.1045251165,0.0,3808.0
16037,15.0,5165737.0,不朽的名曲：傳說在歌唱,0.3696072568893433,Q12599275,Geography.Regions.Asia.Asia*,5165737.0,35423.1045251165,0.0,3808.0
16038,2.0,5172816.0,航海王電影：GOLD,0.9955416321754456,Q21646817,Culture.Media.Films,5172816.0,8034.058325772843,14.0,1551.0
16039,2.0,5172816.0,航海王電影：GOLD,0.9875783920288086,Q21646817,Culture.Media.Media*,5172816.0,8034.058325772843,14.0,1551.0
16040,2.0,5172816.0,航海王電影：GOLD,0.9241518378257751,Q21646817,Culture.Visual_arts.Comics_and_Anime,5172816.0,8034.058325772843,14.0,1551.0
16041,2.0,5172816.0,航海王電影：GOLD,0.9046605229377748,Q21646817,Culture.Visual_arts.Visual_arts*,5172816.0,8034.058325772843,14.0,1551.0
16042,2.0,5172816.0,航海王電影：GOLD,0.8519628047943115,Q21646817,Culture.Literature,5172816.0,8034.058325772843,14.0,1551.0
16043,2.0,5172816.0,航海王電影：GOLD,0.03021936321258545,Q21646817,Geography.Regions.Asia.East_Asia,5172816.0,8034.058325772843,14.0,1551.0
16044,2.0,5172816.0,航海王電影：GOLD,0.0,Q21646817,Geography.Regions.Asia.Asia*,5172816.0,8034.058325772843,14.0,1551.0
16045,18.0,5172877.0,Viu,0.9637899398803712,Q23697711,Culture.Media.Media*,5172877.0,72501.64640413661,13.0,3212.0
16046,18.0,5172877.0,Viu,0.9173126816749572,Q23697711,Culture.Media.Television,5172877.0,72501.64640413661,13.0,3212.0
16047,18.0,5172877.0,Viu,0.0,Q23697711,Geography.Regions.Americas.North_America,5172877.0,72501.64640413661,13.0,3212.0
16048,18.0,5172877.0,Viu,0.0,Q23697711,Geography.Regions.Asia.Asia*,5172877.0,72501.64640413661,13.0,3212.0
16049,5.0,5173430.0,大顯神威,0.9763205647468568,Q22100039,Culture.Media.Media*,5173430.0,12355.775773457008,4.0,2588.0
16050,5.0,5173430.0,大顯神威,0.8740872144699097,Q22100039,Culture.Media.Films,5173430.0,12355.775773457008,4.0,2588.0
16051,5.0,5173430.0,大顯神威,0.40366052293777466,Q22100039,Geography.Regions.Asia.Asia*,5173430.0,12355.775773457008,4.0,2588.0
16052,5.0,5173430.0,大顯神威,0.29719679260253906,Q22100039,Geography.Regions.Asia.East_Asia,5173430.0,12355.775773457008,4.0,2588.0
16053,5.0,5173430.0,大顯神威,0.14034625887870789,Q22100039,History_and_Society.Society,5173430.0,12355.775773457008,4.0,2588.0
16054,2.0,5173838.0,阿蘇卡德利動物樂園,0.9954004287719728,Q11657616,STEM.Biology,5173838.0,0.0,13.0,997.0
16055,2.0,5173838.0,阿蘇卡德利動物樂園,0.9841036200523376,Q11657616,STEM.STEM*,5173838.0,0.0,13.0,997.0
16056,2.0,5173838.0,阿蘇卡德利動物樂園,0.9724247455596924,Q11657616,Geography.Regions.Asia.Asia*,5173838.0,0.0,13.0,997.0
16057,2.0,5173838.0,阿蘇卡德利動物樂園,0.9591643214225768,Q11657616,Geography.Regions.Asia.East_Asia,5173838.0,0.0,13.0,997.0
16058,3.0,5175670.0,佩德羅·桑切斯,0.9969346523284912,Q6070218,Culture.Biography.Biography*,5175670.0,4219.354646267756,1.0,1852.0
16059,3.0,5175670.0,佩德羅·桑切斯,0.2763098945617676,Q6070218,Geography.Regions.Europe.Europe*,5175670.0,4219.354646267756,1.0,1852.0
16060,3.0,5175670.0,佩德羅·桑切斯,0.22816647589206696,Q6070218,History_and_Society.Politics_and_government,5175670.0,4219.354646267756,1.0,1852.0
16061,3.0,5175670.0,佩德羅·桑切斯,0.2047950496673584,Q6070218,Geography.Regions.Europe.Southern_Europe,5175670.0,4219.354646267756,1.0,1852.0
16062,8.0,5175785.0,精武風雲·陳真,0.9755869507789612,Q2087602,Culture.Media.Films,5175785.0,5564.711384172856,12.0,965.0
16063,8.0,5175785.0,精武風雲·陳真,0.9637899398803712,Q2087602,Culture.Media.Media*,5175785.0,5564.711384172856,12.0,965.0
16064,8.0,5175785.0,精武風雲·陳真,0.4767238368988037,Q2087602,Geography.Regions.Asia.Asia*,5175785.0,5564.711384172856,12.0,965.0
16065,8.0,5175785.0,精武風雲·陳真,0.4730526676177978,Q2087602,Geography.Regions.Asia.East_Asia,5175785.0,5564.711384172856,12.0,965.0
16066,8.0,5175785.0,精武風雲·陳真,0.2814156115055084,Q2087602,Culture.Literature,5175785.0,5564.711384172856,12.0,965.0
16067,8.0,5175785.0,精武風雲·陳真,0.2568419873714447,Q2087602,Culture.Visual_arts.Comics_and_Anime,5175785.0,5564.711384172856,12.0,965.0
16068,8.0,5175785.0,精武風雲·陳真,0.24509501457214355,Q2087602,Culture.Visual_arts.Visual_arts*,5175785.0,5564.711384172856,12.0,965.0
16069,1.0,5178627.0,窦靖童,0.966924011707306,Q22101203,Culture.Biography.Biography*,5178627.0,0.0,12.0,2907.0
16070,1.0,5178627.0,窦靖童,0.3557848632335663,Q22101203,Culture.Biography.Women,5178627.0,0.0,12.0,2907.0
16071,1.0,5178627.0,窦靖童,0.287777841091156,Q22101203,Culture.Media.Media*,5178627.0,0.0,12.0,2907.0
16072,1.0,5178627.0,窦靖童,0.24809722805023196,Q22101203,Geography.Regions.Asia.Asia*,5178627.0,0.0,12.0,2907.0
16073,1.0,5178627.0,窦靖童,0.2069040536880493,Q22101203,Culture.Media.Music,5178627.0,0.0,12.0,2907.0
16074,1.0,5178627.0,窦靖童,0.12878464365005493,Q22101203,Geography.Regions.Asia.East_Asia,5178627.0,0.0,12.0,2907.0
16075,4.0,5179707.0,佛教如來宗,1.0000100135803225,Q22101430,Culture.Philosophy_and_religion,5179707.0,4787.323178250237,2.0,1425.0
16076,4.0,5179707.0,佛教如來宗,1.0000100135803225,Q22101430,Culture.Biography.Biography*,5179707.0,4787.323178250237,2.0,1425.0
16077,4.0,5179707.0,佛教如來宗,0.9099169969558716,Q22101430,History_and_Society.Society,5179707.0,4787.323178250237,2.0,1425.0
16078,4.0,5179707.0,佛教如來宗,0.4921061863899231,Q22101430,Geography.Regions.Asia.Asia*,5179707.0,4787.323178250237,2.0,1425.0
16079,4.0,5179707.0,佛教如來宗,0.4773946871757507,Q22101430,Geography.Regions.Asia.East_Asia,5179707.0,4787.323178250237,2.0,1425.0
16080,4.0,5179707.0,佛教如來宗,0.1259327530860901,Q22101430,History_and_Society.Business_and_economics,5179707.0,4787.323178250237,2.0,1425.0
16081,2.0,5187242.0,恶棍天使,0.9899964332580566,Q21869292,Culture.Media.Films,5187242.0,147.22834920554106,7.0,1109.0
16082,2.0,5187242.0,恶棍天使,0.9893575310707092,Q21869292,Culture.Media.Media*,5187242.0,147.22834920554106,7.0,1109.0
16083,2.0,5187242.0,恶棍天使,0.3981314172744751,Q21869292,Geography.Regions.Asia.Asia*,5187242.0,147.22834920554106,7.0,1109.0
16084,2.0,5187242.0,恶棍天使,0.3509628047943115,Q21869292,Geography.Regions.Asia.East_Asia,5187242.0,147.22834920554106,7.0,1109.0
16085,2.0,5187242.0,恶棍天使,0.1067005917429924,Q21869292,Culture.Media.Entertainment,5187242.0,147.22834920554106,7.0,1109.0
16086,7.0,5187684.0,葉毓蘭,1.0000100135803225,Q22099059,Culture.Biography.Biography*,5187684.0,67.03023004546856,2.0,23390.0
16087,7.0,5187684.0,葉毓蘭,0.9931061863899232,Q22099059,History_and_Society.Society,5187684.0,67.03023004546856,2.0,23390.0
16088,7.0,5187684.0,葉毓蘭,0.9637899398803712,Q22099059,Culture.Biography.Women,5187684.0,67.03023004546856,2.0,23390.0
16089,7.0,5187684.0,葉毓蘭,0.4898843636512756,Q22099059,Geography.Regions.Asia.East_Asia,5187684.0,67.03023004546856,2.0,23390.0
16090,7.0,5187684.0,葉毓蘭,0.4627899398803711,Q22099059,Geography.Regions.Asia.Asia*,5187684.0,67.03023004546856,2.0,23390.0
16091,1.0,5191302.0,与奴隶的生活 -Teaching Feeling-,0.9994907379150392,Q22774188,Culture.Media.Video_games,5191302.0,0.0,8.0,2391.0
16092,1.0,5191302.0,与奴隶的生活 -Teaching Feeling-,0.9976133108139038,Q22774188,Culture.Internet_culture,5191302.0,0.0,8.0,2391.0
16093,1.0,5191302.0,与奴隶的生活 -Teaching Feeling-,0.9890230894088744,Q22774188,Culture.Media.Media*,5191302.0,0.0,8.0,2391.0
16094,1.0,5193226.0,中尾暢樹,0.984585464000702,Q21855069,Culture.Biography.Biography*,5193226.0,0.0,13.0,3312.0
16095,1.0,5193226.0,中尾暢樹,0.04574816131591797,Q21855069,Geography.Regions.Asia.Asia*,5193226.0,0.0,13.0,3312.0
16096,1.0,5193226.0,中尾暢樹,0.037993239402771,Q21855069,Geography.Regions.Asia.East_Asia,5193226.0,0.0,13.0,3312.0
16097,2.0,5194603.0,三姐弟布丁事件,0.2942249774932861,Q22773584,STEM.STEM*,5194603.0,4027.331358976391,4.0,1375.0
16098,2.0,5194603.0,三姐弟布丁事件,0.0,Q22773584,Geography.Regions.Asia.Asia*,5194603.0,4027.331358976391,4.0,1375.0
16099,2.0,5194603.0,三姐弟布丁事件,0.0,Q22773584,Geography.Regions.Americas.North_America,5194603.0,4027.331358976391,4.0,1375.0
16100,2.0,5194603.0,三姐弟布丁事件,0.0,Q22773584,Geography.Regions.Europe.Europe*,5194603.0,4027.331358976391,4.0,1375.0
16101,8.0,5195207.0,金星秀,0.5621865391731262,Q22098808,Culture.Media.Media*,5195207.0,7962.501813411623,12.0,1838.0
16102,8.0,5195207.0,金星秀,0.42531375789642334,Q22098808,Geography.Regions.Asia.East_Asia,5195207.0,7962.501813411623,12.0,1838.0
16103,8.0,5195207.0,金星秀,0.3629792034626007,Q22098808,Culture.Media.Television,5195207.0,7962.501813411623,12.0,1838.0
16104,8.0,5195207.0,金星秀,0.3165845146179199,Q22098808,Geography.Regions.Asia.Asia*,5195207.0,7962.501813411623,12.0,1838.0
16105,8.0,5195207.0,金星秀,0.10375863313674928,Q22098808,Culture.Internet_culture,5195207.0,7962.501813411623,12.0,1838.0
16106,8.0,5195207.0,金星秀,0.10375863313674928,Q22098808,History_and_Society.Society,5195207.0,7962.501813411623,12.0,1838.0
16107,5.0,5197892.0,焦曼婷,1.0000100135803225,Q22100957,Culture.Biography.Biography*,5197892.0,15472.525397681009,7.0,6256.0
16108,5.0,5197892.0,焦曼婷,0.9697954058647156,Q22100957,History_and_Society.Society,5197892.0,15472.525397681009,7.0,6256.0
16109,5.0,5197892.0,焦曼婷,0.7057950496673584,Q22100957,Culture.Biography.Women,5197892.0,15472.525397681009,7.0,6256.0
16110,5.0,5197892.0,焦曼婷,0.4869562258720398,Q22100957,Geography.Regions.Asia.East_Asia,5197892.0,15472.525397681009,7.0,6256.0
16111,5.0,5197892.0,焦曼婷,0.4696977605819702,Q22100957,Geography.Regions.Asia.Asia*,5197892.0,15472.525397681009,7.0,6256.0
16112,5.0,5197892.0,焦曼婷,0.10088862478733064,Q22100957,Culture.Media.Media*,5197892.0,15472.525397681009,7.0,6256.0
16113,1.0,5205460.0,梅根·凯利,0.9947898983955384,Q293260,Culture.Biography.Biography*,5205460.0,0.0,11.0,2731.0
16114,1.0,5205460.0,梅根·凯利,0.6723417043685913,Q293260,Culture.Biography.Women,5205460.0,0.0,11.0,2731.0
16115,1.0,5205460.0,梅根·凯利,0.6584275364875793,Q293260,Culture.Media.Media*,5205460.0,0.0,11.0,2731.0
16116,1.0,5205460.0,梅根·凯利,0.2653036584854126,Q293260,Geography.Regions.Americas.North_America,5205460.0,0.0,11.0,2731.0
16117,1.0,5205460.0,梅根·凯利,0.1824355274438858,Q293260,Culture.Media.Television,5205460.0,0.0,11.0,2731.0
16118,1.0,5205460.0,梅根·凯利,0.1778208613395691,Q293260,History_and_Society.Politics_and_government,5205460.0,0.0,11.0,2731.0
16119,1.0,5205460.0,梅根·凯利,0.1732981950044632,Q293260,Culture.Literature,5205460.0,0.0,11.0,2731.0
16120,1.0,5205539.0,2016年帝吧出征事件,0.5698626637458801,Q22773802,STEM.STEM*,5205539.0,0.0,3.0,2100.0
16121,1.0,5205539.0,2016年帝吧出征事件,0.41865252161026,Q22773802,Geography.Regions.Asia.East_Asia,5205539.0,0.0,3.0,2100.0
16122,1.0,5205539.0,2016年帝吧出征事件,0.40734341740608215,Q22773802,History_and_Society.Politics_and_government,5205539.0,0.0,3.0,2100.0
16123,1.0,5205539.0,2016年帝吧出征事件,0.24809722805023196,Q22773802,Geography.Regions.Asia.Asia*,5205539.0,0.0,3.0,2100.0
16124,1.0,5205539.0,2016年帝吧出征事件,0.23371636867523196,Q22773802,History_and_Society.Society,5205539.0,0.0,3.0,2100.0
16125,1.0,5205539.0,2016年帝吧出征事件,0.14805719256401062,Q22773802,STEM.Earth_and_environment,5205539.0,0.0,3.0,2100.0
16126,1.0,5205539.0,2016年帝吧出征事件,0.14034625887870789,Q22773802,Culture.Media.Television,5205539.0,0.0,3.0,2100.0
16127,1.0,5205539.0,2016年帝吧出征事件,0.1067005917429924,Q22773802,Culture.Internet_culture,5205539.0,0.0,3.0,2100.0
16128,7.0,5208155.0,大撲,0.7931159734725952,Q22326445,Culture.Media.Media*,5208155.0,4313.564131620923,13.0,2493.0
16129,7.0,5208155.0,大撲,0.4883575310707092,Q22326445,Geography.Regions.Asia.East_Asia,5208155.0,4313.564131620923,13.0,2493.0
16130,7.0,5208155.0,大撲,0.4857871999740601,Q22326445,Geography.Regions.Asia.Asia*,5208155.0,4313.564131620923,13.0,2493.0
16131,7.0,5208155.0,大撲,0.4225146472454071,Q22326445,Culture.Media.Television,5208155.0,4313.564131620923,13.0,2493.0
16132,8.0,5220276.0,正宗哥吉拉,0.9969346523284912,Q20899737,Culture.Media.Media*,5220276.0,20669.40378480991,13.0,1895.0
16133,8.0,5220276.0,正宗哥吉拉,0.9951046109199524,Q20899737,Culture.Media.Films,5220276.0,20669.40378480991,13.0,1895.0
16134,8.0,5220276.0,正宗哥吉拉,0.3923194279670715,Q20899737,Geography.Regions.Asia.Asia*,5220276.0,20669.40378480991,13.0,1895.0
16135,8.0,5220276.0,正宗哥吉拉,0.348655104637146,Q20899737,Culture.Media.Entertainment,5220276.0,20669.40378480991,13.0,1895.0
16136,8.0,5220276.0,正宗哥吉拉,0.275139719247818,Q20899737,Culture.Literature,5220276.0,20669.40378480991,13.0,1895.0
16137,8.0,5220276.0,正宗哥吉拉,0.23616819286346435,Q20899737,Geography.Regions.Asia.East_Asia,5220276.0,20669.40378480991,13.0,1895.0
16138,8.0,5220276.0,正宗哥吉拉,0.2227101624011993,Q20899737,Culture.Visual_arts.Visual_arts*,5220276.0,20669.40378480991,13.0,1895.0
16139,8.0,5220276.0,正宗哥吉拉,0.16886694729328156,Q20899737,Culture.Visual_arts.Comics_and_Anime,5220276.0,20669.40378480991,13.0,1895.0
16140,8.0,5224908.0,2016年高雄美濃地震,0.9993638396263124,Q22662663,Geography.Regions.Asia.East_Asia,5224908.0,12983.476876800307,5.0,2639.0
16141,8.0,5224908.0,2016年高雄美濃地震,0.9983615279197692,Q22662663,History_and_Society.Society,5224908.0,12983.476876800307,5.0,2639.0
16142,8.0,5224908.0,2016年高雄美濃地震,0.997120440006256,Q22662663,Geography.Regions.Asia.Asia*,5224908.0,12983.476876800307,5.0,2639.0
16143,8.0,5224908.0,2016年高雄美濃地震,0.9949496984481812,Q22662663,Culture.Biography.Biography*,5224908.0,12983.476876800307,5.0,2639.0
16144,8.0,5224908.0,2016年高雄美濃地震,0.9919480085372924,Q22662663,STEM.Earth_and_environment,5224908.0,12983.476876800307,5.0,2639.0
16145,8.0,5224908.0,2016年高雄美濃地震,0.9748311638832092,Q22662663,STEM.STEM*,5224908.0,12983.476876800307,5.0,2639.0
16146,8.0,5224908.0,2016年高雄美濃地震,0.9219318628311156,Q22662663,History_and_Society.Politics_and_government,5224908.0,12983.476876800307,5.0,2639.0
16147,1.0,5225499.0,翠绿石板,0.41490885615348816,Q181681,History_and_Society.Politics_and_government,5225499.0,0.0,16.0,2861.0
16148,1.0,5225499.0,翠绿石板,0.41490885615348816,Q181681,History_and_Society.Military_and_warfare,5225499.0,0.0,16.0,2861.0
16149,1.0,5225499.0,翠绿石板,0.3415925204753876,Q181681,Culture.Philosophy_and_religion,5225499.0,0.0,16.0,2861.0
16150,1.0,5225499.0,翠绿石板,0.2509227991104126,Q181681,STEM.STEM*,5225499.0,0.0,16.0,2861.0
16151,1.0,5225499.0,翠绿石板,0.1968362182378769,Q181681,History_and_Society.Business_and_economics,5225499.0,0.0,16.0,2861.0
16152,1.0,5225499.0,翠绿石板,0.12253321707248688,Q181681,History_and_Society.Society,5225499.0,0.0,16.0,2861.0
16153,1.0,5225499.0,翠绿石板,0.12253321707248688,Q181681,Culture.Biography.Biography*,5225499.0,0.0,16.0,2861.0
16154,1.0,5225499.0,翠绿石板,0.1067005917429924,Q181681,History_and_Society.History,5225499.0,0.0,16.0,2861.0
16155,1.0,5225499.0,翠绿石板,0.0,Q181681,Geography.Regions.Europe.Southern_Europe,5225499.0,0.0,16.0,2861.0
16156,1.0,5225499.0,翠绿石板,0.0,Q181681,Geography.Regions.Europe.Europe*,5225499.0,0.0,16.0,2861.0
16157,1.0,5225499.0,翠绿石板,0.0,Q181681,Geography.Regions.Americas.North_America,5225499.0,0.0,16.0,2861.0
16158,1.0,5225499.0,翠绿石板,0.0,Q181681,Geography.Regions.Europe.Western_Europe,5225499.0,0.0,16.0,2861.0
16159,1.0,5225499.0,翠绿石板,0.0,Q181681,Geography.Regions.Americas.South_America,5225499.0,0.0,16.0,2861.0
16160,1.0,5225499.0,翠绿石板,0.0,Q181681,Geography.Regions.Europe.Eastern_Europe,5225499.0,0.0,16.0,2861.0
16161,1.0,5225499.0,翠绿石板,0.0,Q181681,Geography.Geographical,5225499.0,0.0,16.0,2861.0
16162,1.0,5225499.0,翠绿石板,0.0,Q181681,Geography.Regions.Americas.Central_America,5225499.0,0.0,16.0,2861.0
16163,1.0,5225499.0,翠绿石板,0.0,Q181681,Geography.Regions.Asia.North_Asia,5225499.0,0.0,16.0,2861.0
16164,1.0,5225910.0,維冠金龍大樓倒塌事故,1.0000100135803225,Q22774109,History_and_Society.Society,5225910.0,0.0,5.0,3216.0
16165,1.0,5225910.0,維冠金龍大樓倒塌事故,1.0000100135803225,Q22774109,Culture.Biography.Biography*,5225910.0,0.0,5.0,3216.0
16166,1.0,5225910.0,維冠金龍大樓倒塌事故,0.9916942119598388,Q22774109,Geography.Regions.Asia.East_Asia,5225910.0,0.0,5.0,3216.0
16167,1.0,5225910.0,維冠金龍大樓倒塌事故,0.9893575310707092,Q22774109,Geography.Regions.Asia.Asia*,5225910.0,0.0,5.0,3216.0
16168,1.0,5225910.0,維冠金龍大樓倒塌事故,0.8479777574539185,Q22774109,History_and_Society.Transportation,5225910.0,0.0,5.0,3216.0
16169,1.0,5225910.0,維冠金龍大樓倒塌事故,0.6076731681823729,Q22774109,Geography.Geographical,5225910.0,0.0,5.0,3216.0
16170,1.0,5225910.0,維冠金龍大樓倒塌事故,0.3557848632335663,Q22774109,STEM.STEM*,5225910.0,0.0,5.0,3216.0
16171,1.0,5225910.0,維冠金龍大樓倒塌事故,0.3073680400848389,Q22774109,STEM.Engineering,5225910.0,0.0,5.0,3216.0
16172,1.0,5225910.0,維冠金龍大樓倒塌事故,0.15611489117145538,Q22774109,History_and_Society.Politics_and_government,5225910.0,0.0,5.0,3216.0
16173,2.0,5227584.0,提格雷人民解放阵线,0.8740872144699097,Q1699287,History_and_Society.Politics_and_government,5227584.0,0.0,0.0,8397.0
16174,2.0,5227584.0,提格雷人民解放阵线,0.4722507467269898,Q1699287,Geography.Regions.Africa.Eastern_Africa,5227584.0,0.0,0.0,8397.0
16175,2.0,5227584.0,提格雷人民解放阵线,0.3509628047943115,Q1699287,Geography.Regions.Africa.Africa*,5227584.0,0.0,0.0,8397.0
16176,3.0,5227596.0,埃塞俄比亚人民革命民主阵线,0.8774868249893188,Q1145280,History_and_Society.Politics_and_government,5227596.0,1419.9970961760166,0.0,1787.0
16177,3.0,5227596.0,埃塞俄比亚人民革命民主阵线,0.09167657995224,Q1145280,Geography.Regions.Africa.Africa*,5227596.0,1419.9970961760166,0.0,1787.0
16178,3.0,5227596.0,埃塞俄比亚人民革命民主阵线,0.0,Q1145280,Geography.Regions.Africa.Eastern_Africa,5227596.0,1419.9970961760166,0.0,1787.0
16179,3.0,5227596.0,埃塞俄比亚人民革命民主阵线,0.0,Q1145280,Geography.Regions.Europe.Europe*,5227596.0,1419.9970961760166,0.0,1787.0
16180,3.0,5229507.0,冰原歷險記：笑星撞地球,0.9973783493041992,Q15965953,Culture.Media.Media*,5229507.0,1825.9643430012202,6.0,1176.0
16181,3.0,5229507.0,冰原歷險記：笑星撞地球,0.9964163899421692,Q15965953,Culture.Media.Films,5229507.0,1825.9643430012202,6.0,1176.0
16182,3.0,5229507.0,冰原歷險記：笑星撞地球,0.1294127255678177,Q15965953,Culture.Media.Entertainment,5229507.0,1825.9643430012202,6.0,1176.0
16183,3.0,5229507.0,冰原歷險記：笑星撞地球,0.0,Q15965953,Geography.Regions.Americas.North_America,5229507.0,1825.9643430012202,6.0,1176.0
16184,16.0,5230782.0,X教授,0.989681839942932,Q838076,Culture.Literature,5230782.0,2354.3603899191417,6.0,2076.0
16185,16.0,5230782.0,X教授,0.12253321707248688,Q838076,Culture.Visual_arts.Comics_and_Anime,5230782.0,2354.3603899191417,6.0,2076.0
16186,3.0,5234292.0,神鬼認證：傑森包恩,0.9965265989303588,Q19481099,Culture.Media.Films,5234292.0,0.0,12.0,2154.0
16187,3.0,5234292.0,神鬼認證：傑森包恩,0.994455099105835,Q19481099,Culture.Media.Media*,5234292.0,0.0,12.0,2154.0
16188,3.0,5234292.0,神鬼認證：傑森包恩,0.0,Q19481099,Geography.Regions.Americas.North_America,5234292.0,0.0,12.0,2154.0
16189,3.0,5234292.0,神鬼認證：傑森包恩,0.0,Q19481099,Geography.Regions.Europe.Europe*,5234292.0,0.0,12.0,2154.0
16190,5.0,5241218.0,Qualidea Code,1.0000100135803225,Q21777275,Culture.Visual_arts.Visual_arts*,5241218.0,4300.245977212225,13.0,2059.0
16191,5.0,5241218.0,Qualidea Code,1.0000100135803225,Q21777275,Culture.Visual_arts.Comics_and_Anime,5241218.0,4300.245977212225,13.0,2059.0
16192,5.0,5241218.0,Qualidea Code,1.0000100135803225,Q21777275,Culture.Literature,5241218.0,4300.245977212225,13.0,2059.0
16193,5.0,5241218.0,Qualidea Code,0.546748161315918,Q21777275,Culture.Media.Media*,5241218.0,4300.245977212225,13.0,2059.0
16194,5.0,5241218.0,Qualidea Code,0.4455395638942719,Q21777275,Culture.Media.Books,5241218.0,4300.245977212225,13.0,2059.0
16195,1.0,5242141.0,魔裝學園H×H,1.0000100135803225,Q21015835,Culture.Visual_arts.Comics_and_Anime,5242141.0,0.0,13.0,3303.0
16196,1.0,5242141.0,魔裝學園H×H,1.0000100135803225,Q21015835,Culture.Visual_arts.Visual_arts*,5242141.0,0.0,13.0,3303.0
16197,1.0,5242141.0,魔裝學園H×H,1.0000100135803225,Q21015835,Culture.Literature,5242141.0,0.0,13.0,3303.0
16198,2.0,5247117.0,帝國戰神：巴霍巴利王,0.9924327731132508,Q13897247,Culture.Media.Media*,5247117.0,3942.0,11.0,3908.0
16199,2.0,5247117.0,帝國戰神：巴霍巴利王,0.99219411611557,Q13897247,Culture.Media.Films,5247117.0,3942.0,11.0,3908.0
16200,2.0,5247117.0,帝國戰神：巴霍巴利王,0.23616819286346435,Q13897247,Geography.Regions.Asia.Asia*,5247117.0,3942.0,11.0,3908.0
16201,2.0,5247117.0,帝國戰神：巴霍巴利王,0.022430347442626952,Q13897247,Geography.Regions.Asia.South_Asia,5247117.0,3942.0,11.0,3908.0
16202,46.0,5251558.0,ViuTV節目列表,1.0,Q23888337,Compilation.List_Disambig,5251558.0,272097.1992433509,12.0,3430.0
16203,46.0,5251558.0,ViuTV節目列表,0.2227101624011993,Q23888337,STEM.STEM*,5251558.0,272097.1992433509,12.0,3430.0
16204,46.0,5251558.0,ViuTV節目列表,0.1259327530860901,Q23888337,Culture.Media.Media*,5251558.0,272097.1992433509,12.0,3430.0
16205,46.0,5251558.0,ViuTV節目列表,0.10088862478733064,Q23888337,Culture.Sports,5251558.0,272097.1992433509,12.0,3430.0
16206,46.0,5251558.0,ViuTV節目列表,0.0,Q23888337,Geography.Regions.Americas.North_America,5251558.0,272097.1992433509,12.0,3430.0
16207,46.0,5251558.0,ViuTV節目列表,0.0,Q23888337,Geography.Regions.Europe.Europe*,5251558.0,272097.1992433509,12.0,3430.0
16208,46.0,5251558.0,ViuTV節目列表,0.0,Q23888337,Geography.Regions.Asia.Asia*,5251558.0,272097.1992433509,12.0,3430.0
16209,5.0,5256875.0,凱爾·斯塔摩,0.9972950220108032,Q6383803,Culture.Biography.Biography*,5256875.0,8.391313108006281,1.0,5790.0
16210,5.0,5256875.0,凱爾·斯塔摩,0.9659096002578736,Q6383803,History_and_Society.Politics_and_government,5256875.0,8.391313108006281,1.0,5790.0
16211,5.0,5256875.0,凱爾·斯塔摩,0.30218379402160644,Q6383803,Geography.Regions.Europe.Europe*,5256875.0,8.391313108006281,1.0,5790.0
16212,5.0,5256875.0,凱爾·斯塔摩,0.2653036584854126,Q6383803,Geography.Regions.Europe.Northern_Europe,5256875.0,8.391313108006281,1.0,5790.0
16213,5.0,5256875.0,凱爾·斯塔摩,0.12253321707248688,Q6383803,History_and_Society.Education,5256875.0,8.391313108006281,1.0,5790.0
16214,12.0,5256987.0,約·約翰遜,0.990301549434662,Q728063,Culture.Biography.Biography*,5256987.0,41.54526101215364,1.0,1491.0
16215,12.0,5256987.0,約·約翰遜,0.9263137578964232,Q728063,History_and_Society.Politics_and_government,5256987.0,41.54526101215364,1.0,1491.0
16216,12.0,5256987.0,約·約翰遜,0.3548611869812012,Q728063,Geography.Regions.Europe.Europe*,5256987.0,41.54526101215364,1.0,1491.0
16217,12.0,5256987.0,約·約翰遜,0.311877357006073,Q728063,Geography.Regions.Europe.Northern_Europe,5256987.0,41.54526101215364,1.0,1491.0
16218,12.0,5256987.0,約·約翰遜,0.287777841091156,Q728063,History_and_Society.Education,5256987.0,41.54526101215364,1.0,1491.0
16219,12.0,5256987.0,約·約翰遜,0.1294127255678177,Q728063,Culture.Media.Media*,5256987.0,41.54526101215364,1.0,1491.0
16220,2.0,5258483.0,檢察官外傳,0.9987257122993468,Q21057612,Culture.Media.Films,5258483.0,3948.455203277416,0.0,2096.0
16221,2.0,5258483.0,檢察官外傳,0.9979592561721802,Q21057612,Culture.Media.Media*,5258483.0,3948.455203277416,0.0,2096.0
16222,2.0,5258483.0,檢察官外傳,0.4984215965270996,Q21057612,Geography.Regions.Asia.East_Asia,5258483.0,3948.455203277416,0.0,2096.0
16223,2.0,5258483.0,檢察官外傳,0.4971998205184937,Q21057612,Geography.Regions.Asia.Asia*,5258483.0,3948.455203277416,0.0,2096.0
16224,4.0,5259556.0,歡樂好聲音,0.9983093142509459,Q20762698,Culture.Media.Films,5259556.0,7359.158869165225,16.0,6940.0
16225,4.0,5259556.0,歡樂好聲音,0.99593985080719,Q20762698,Culture.Media.Media*,5259556.0,7359.158869165225,16.0,6940.0
16226,4.0,5259556.0,歡樂好聲音,0.2509227991104126,Q20762698,Culture.Media.Entertainment,5259556.0,7359.158869165225,16.0,6940.0
16227,4.0,5259556.0,歡樂好聲音,0.11921291798353195,Q20762698,Culture.Literature,5259556.0,7359.158869165225,16.0,6940.0
16228,4.0,5259556.0,歡樂好聲音,0.11280541121959685,Q20762698,Culture.Visual_arts.Comics_and_Anime,5259556.0,7359.158869165225,16.0,6940.0
16229,4.0,5259556.0,歡樂好聲音,0.0,Q20762698,Geography.Regions.Americas.North_America,5259556.0,7359.158869165225,16.0,6940.0
16230,19.0,5259674.0,瑞斯·薩納克,0.9960646033287048,Q20055561,Culture.Biography.Biography*,5259674.0,6798.786153674375,1.0,2161.0
16231,19.0,5259674.0,瑞斯·薩納克,0.9841036200523376,Q20055561,History_and_Society.Politics_and_government,5259674.0,6798.786153674375,1.0,2161.0
16232,19.0,5259674.0,瑞斯·薩納克,0.4843900501728058,Q20055561,History_and_Society.Education,5259674.0,6798.786153674375,1.0,2161.0
16233,19.0,5259674.0,瑞斯·薩納克,0.3548611869812012,Q20055561,Geography.Regions.Europe.Europe*,5259674.0,6798.786153674375,1.0,2161.0
16234,19.0,5259674.0,瑞斯·薩納克,0.311877357006073,Q20055561,Geography.Regions.Europe.Northern_Europe,5259674.0,6798.786153674375,1.0,2161.0
16235,18.0,5259876.0,多米尼克·拉布,0.9955416321754456,Q268584,Culture.Biography.Biography*,5259876.0,1780.7013538472675,1.0,14736.0
16236,18.0,5259876.0,多米尼克·拉布,0.9591643214225768,Q268584,History_and_Society.Politics_and_government,5259876.0,1780.7013538472675,1.0,14736.0
16237,18.0,5259876.0,多米尼克·拉布,0.4089169969558716,Q268584,Geography.Regions.Europe.Europe*,5259876.0,1780.7013538472675,1.0,14736.0
16238,18.0,5259876.0,多米尼克·拉布,0.3548611869812012,Q268584,Geography.Regions.Europe.Northern_Europe,5259876.0,1780.7013538472675,1.0,14736.0
16239,18.0,5259876.0,多米尼克·拉布,0.15611489117145538,Q268584,History_and_Society.Education,5259876.0,1780.7013538472675,1.0,14736.0
16240,1.0,5260939.0,黃士修,1.0000100135803225,Q24835070,History_and_Society.Society,5260939.0,0.0,2.0,1820.0
16241,1.0,5260939.0,黃士修,1.0000100135803225,Q24835070,Culture.Biography.Biography*,5260939.0,0.0,2.0,1820.0
16242,1.0,5260939.0,黃士修,0.4889964332580566,Q24835070,Geography.Regions.Asia.East_Asia,5260939.0,0.0,2.0,1820.0
16243,1.0,5260939.0,黃士修,0.4886818399429321,Q24835070,Geography.Regions.Asia.Asia*,5260939.0,0.0,2.0,1820.0
16244,3.0,5261745.0,海灘救護隊 (電影),0.9983093142509459,Q23016495,Culture.Media.Films,5261745.0,1198.843576209982,6.0,2773.0
16245,3.0,5261745.0,海灘救護隊 (電影),0.99567848443985,Q23016495,Culture.Media.Media*,5261745.0,1198.843576209982,6.0,2773.0
16246,3.0,5261745.0,海灘救護隊 (電影),0.12253321707248688,Q23016495,Culture.Media.Entertainment,5261745.0,1198.843576209982,6.0,2773.0
16247,3.0,5261745.0,海灘救護隊 (電影),0.08411114120483397,Q23016495,Geography.Regions.Americas.North_America,5261745.0,1198.843576209982,6.0,2773.0
16248,5.0,5263488.0,Apink影視作品列表,1.0,Q23044089,Compilation.List_Disambig,5263488.0,31.04422629238433,0.0,2525.0
16249,5.0,5263488.0,Apink影視作品列表,0.9173126816749572,Q23044089,Culture.Media.Media*,5263488.0,31.04422629238433,0.0,2525.0
16250,5.0,5263488.0,Apink影視作品列表,0.8962613940238953,Q23044089,Culture.Media.Music,5263488.0,31.04422629238433,0.0,2525.0
16251,5.0,5263488.0,Apink影視作品列表,0.0,Q23044089,Geography.Regions.Asia.Asia*,5263488.0,31.04422629238433,0.0,2525.0
16252,5.0,5263488.0,Apink影視作品列表,0.0,Q23044089,Geography.Regions.Asia.East_Asia,5263488.0,31.04422629238433,0.0,2525.0
16253,1.0,5263885.0,自給自足一人農業,0.18714269995689392,Q24834651,Culture.Media.Television,5263885.0,0.0,13.0,2565.0
16254,1.0,5263885.0,自給自足一人農業,0.11921291798353195,Q24834651,STEM.STEM*,5263885.0,0.0,13.0,2565.0
16255,1.0,5263885.0,自給自足一人農業,0.0,Q24834651,Geography.Regions.Asia.Asia*,5263885.0,0.0,13.0,2565.0
16256,2.0,5266036.0,52 Hz I Love You,0.9732507467269896,Q24834419,Culture.Media.Media*,5266036.0,12478.505935228834,4.0,1509.0
16257,2.0,5266036.0,52 Hz I Love You,0.9732507467269896,Q24834419,History_and_Society.Society,5266036.0,12478.505935228834,4.0,1509.0
16258,2.0,5266036.0,52 Hz I Love You,0.9496793746948242,Q24834419,Culture.Media.Films,5266036.0,12478.505935228834,4.0,1509.0
16259,2.0,5266036.0,52 Hz I Love You,0.91965252161026,Q24834419,Culture.Biography.Biography*,5266036.0,12478.505935228834,4.0,1509.0
16260,2.0,5266036.0,52 Hz I Love You,0.2869412174224853,Q24834419,Geography.Regions.Asia.Asia*,5266036.0,12478.505935228834,4.0,1509.0
16261,2.0,5266036.0,52 Hz I Love You,0.270853506565094,Q24834419,Geography.Regions.Asia.East_Asia,5266036.0,12478.505935228834,4.0,1509.0
16262,2.0,5266036.0,52 Hz I Love You,0.1294127255678177,Q24834419,Culture.Media.Music,5266036.0,12478.505935228834,4.0,1509.0
16263,3.0,5267020.0,陳意嵐,0.9770326614379884,Q24834317,Culture.Biography.Biography*,5267020.0,428.24775327134284,12.0,1803.0
16264,3.0,5267020.0,陳意嵐,0.3923468291759491,Q24834317,Culture.Biography.Women,5267020.0,428.24775327134284,12.0,1803.0
16265,3.0,5267020.0,陳意嵐,0.13604079389572146,Q24834317,Geography.Regions.Asia.Asia*,5267020.0,428.24775327134284,12.0,1803.0
16266,3.0,5267020.0,陳意嵐,0.03021936321258545,Q24834317,Geography.Regions.Asia.East_Asia,5267020.0,428.24775327134284,12.0,1803.0
16267,3.0,5268821.0,怪奇孤兒院 (電影),0.9949496984481812,Q19321019,Culture.Media.Films,5268821.0,18388.392256090745,6.0,2672.0
16268,3.0,5268821.0,怪奇孤兒院 (電影),0.9924327731132508,Q19321019,Culture.Media.Media*,5268821.0,18388.392256090745,6.0,2672.0
16269,3.0,5268821.0,怪奇孤兒院 (電影),0.2069040536880493,Q19321019,Culture.Literature,5268821.0,18388.392256090745,6.0,2672.0
16270,3.0,5268821.0,怪奇孤兒院 (電影),0.15611489117145538,Q19321019,Culture.Visual_arts.Visual_arts*,5268821.0,18388.392256090745,6.0,2672.0
16271,3.0,5268821.0,怪奇孤兒院 (電影),0.14805719256401062,Q19321019,Culture.Visual_arts.Comics_and_Anime,5268821.0,18388.392256090745,6.0,2672.0
16272,3.0,5268821.0,怪奇孤兒院 (電影),0.13297423720359802,Q19321019,Culture.Media.Entertainment,5268821.0,18388.392256090745,6.0,2672.0
16273,3.0,5268821.0,怪奇孤兒院 (電影),0.0,Q19321019,Geography.Regions.Americas.North_America,5268821.0,18388.392256090745,6.0,2672.0
16274,3.0,5268821.0,怪奇孤兒院 (電影),0.0,Q19321019,Geography.Regions.Europe.Europe*,5268821.0,18388.392256090745,6.0,2672.0
16275,1.0,5270729.0,UNDER LOVER,0.6442351341247559,Q24834167,Culture.Media.Music,5270729.0,0.0,4.0,3546.0
16276,1.0,5270729.0,UNDER LOVER,0.6076731681823729,Q24834167,Culture.Media.Media*,5270729.0,0.0,4.0,3546.0
16277,1.0,5270729.0,UNDER LOVER,0.4610267877578736,Q24834167,Culture.Biography.Biography*,5270729.0,0.0,4.0,3546.0
16278,1.0,5270729.0,UNDER LOVER,0.0,Q24834167,Geography.Regions.Europe.Europe*,5270729.0,0.0,4.0,3546.0
16279,1.0,5270729.0,UNDER LOVER,0.0,Q24834167,Geography.Regions.Asia.Asia*,5270729.0,0.0,4.0,3546.0
16280,5.0,5277078.0,鮑比·坎納瓦爾,0.9995927214622498,Q428819,Culture.Biography.Biography*,5277078.0,5492.355117361116,6.0,1546.0
16281,5.0,5277078.0,鮑比·坎納瓦爾,0.1294127255678177,Q428819,Culture.Performing_arts,5277078.0,5492.355117361116,6.0,1546.0
16282,5.0,5277078.0,鮑比·坎納瓦爾,0.1259327530860901,Q428819,Culture.Media.Media*,5277078.0,5492.355117361116,6.0,1546.0
16283,5.0,5277078.0,鮑比·坎納瓦爾,0.053480433464050285,Q428819,Geography.Regions.Americas.North_America,5277078.0,5492.355117361116,6.0,1546.0
16284,5.0,5277078.0,鮑比·坎納瓦爾,0.0,Q428819,Geography.Regions.Europe.Europe*,5277078.0,5492.355117361116,6.0,1546.0
16285,5.0,5277078.0,鮑比·坎納瓦爾,0.0,Q428819,Geography.Regions.Europe.Northern_Europe,5277078.0,5492.355117361116,6.0,1546.0
16286,2.0,5284156.0,無故冤殺,0.951152205467224,Q11241668,History_and_Society.Politics_and_government,5284156.0,822.0547510209012,0.0,85607.0
16287,2.0,5284156.0,無故冤殺,0.1824355274438858,Q11241668,History_and_Society.Society,5284156.0,822.0547510209012,0.0,85607.0
16288,2.0,5284156.0,無故冤殺,0.0,Q11241668,Geography.Regions.Europe.Europe*,5284156.0,822.0547510209012,0.0,85607.0
16289,2.0,5284156.0,無故冤殺,0.0,Q11241668,Geography.Regions.Europe.Eastern_Europe,5284156.0,822.0547510209012,0.0,85607.0
16290,2.0,5284156.0,無故冤殺,0.0,Q11241668,Geography.Regions.Europe.Western_Europe,5284156.0,822.0547510209012,0.0,85607.0
16291,3.0,5285307.0,災防告警細胞廣播訊息系統,1.0000100135803225,Q23978253,Culture.Biography.Biography*,5285307.0,4713.738085307334,5.0,3846.0
16292,3.0,5285307.0,災防告警細胞廣播訊息系統,0.9987257122993468,Q23978253,History_and_Society.Society,5285307.0,4713.738085307334,5.0,3846.0
16293,3.0,5285307.0,災防告警細胞廣播訊息系統,0.5544804334640503,Q23978253,History_and_Society.Politics_and_government,5285307.0,4713.738085307334,5.0,3846.0
16294,3.0,5285307.0,災防告警細胞廣播訊息系統,0.4909480085372925,Q23978253,Geography.Regions.Asia.East_Asia,5285307.0,4713.738085307334,5.0,3846.0
16295,3.0,5285307.0,災防告警細胞廣播訊息系統,0.4696977605819702,Q23978253,Geography.Regions.Asia.Asia*,5285307.0,4713.738085307334,5.0,3846.0
16296,3.0,5285307.0,災防告警細胞廣播訊息系統,0.41490885615348816,Q23978253,Culture.Media.Television,5285307.0,4713.738085307334,5.0,3846.0
16297,3.0,5285307.0,災防告警細胞廣播訊息系統,0.33459946513175964,Q23978253,Culture.Media.Media*,5285307.0,4713.738085307334,5.0,3846.0
16298,3.0,5285307.0,災防告警細胞廣播訊息系統,0.275139719247818,Q23978253,STEM.Earth_and_environment,5285307.0,4713.738085307334,5.0,3846.0
16299,3.0,5285307.0,災防告警細胞廣播訊息系統,0.26285186409950256,Q23978253,STEM.STEM*,5285307.0,4713.738085307334,5.0,3846.0
16300,3.0,5285307.0,災防告警細胞廣播訊息系統,0.2069040536880493,Q23978253,History_and_Society.Military_and_warfare,5285307.0,4713.738085307334,5.0,3846.0
16301,3.0,5285307.0,災防告警細胞廣播訊息系統,0.16452647745609286,Q23978253,Culture.Media.Radio,5285307.0,4713.738085307334,5.0,3846.0
16302,3.0,5285307.0,災防告警細胞廣播訊息系統,0.13661839067935946,Q23978253,Culture.Visual_arts.Visual_arts*,5285307.0,4713.738085307334,5.0,3846.0
16303,1.0,5286871.0,蘇皓兒,0.91965252161026,Q20828338,Culture.Biography.Biography*,5286871.0,0.0,7.0,2277.0
16304,1.0,5286871.0,蘇皓兒,0.0,Q20828338,Geography.Regions.Asia.Asia*,5286871.0,0.0,7.0,2277.0
16305,1.0,5286871.0,蘇皓兒,0.0,Q20828338,Geography.Regions.Asia.East_Asia,5286871.0,0.0,7.0,2277.0
16306,4.0,5287300.0,點五步,0.9579222798347472,Q23888488,Culture.Media.Media*,5287300.0,3152.37194941322,12.0,2634.0
16307,4.0,5287300.0,點五步,0.9304682612419128,Q23888488,Culture.Media.Films,5287300.0,3152.37194941322,12.0,2634.0
16308,4.0,5287300.0,點五步,0.4714247455596924,Q23888488,Geography.Regions.Asia.Asia*,5287300.0,3152.37194941322,12.0,2634.0
16309,4.0,5287300.0,點五步,0.43713401460647583,Q23888488,Geography.Regions.Asia.East_Asia,5287300.0,3152.37194941322,12.0,2634.0
16310,2.0,5290232.0,愛我請回頭,0.9964163899421692,Q24840679,Culture.Biography.Biography*,5290232.0,449.3033950570273,4.0,1039.0
16311,2.0,5290232.0,愛我請回頭,0.9946250915527344,Q24840679,Culture.Media.Media*,5290232.0,449.3033950570273,4.0,1039.0
16312,2.0,5290232.0,愛我請回頭,0.98678719997406,Q24840679,History_and_Society.Society,5290232.0,449.3033950570273,4.0,1039.0
16313,2.0,5290232.0,愛我請回頭,0.7931159734725952,Q24840679,Culture.Media.Television,5290232.0,449.3033950570273,4.0,1039.0
16314,2.0,5290232.0,愛我請回頭,0.7663036584854126,Q24840679,Culture.Media.Films,5290232.0,449.3033950570273,4.0,1039.0
16315,2.0,5290232.0,愛我請回頭,0.4627899398803711,Q24840679,Geography.Regions.Asia.East_Asia,5290232.0,449.3033950570273,4.0,1039.0
16316,2.0,5290232.0,愛我請回頭,0.41865252161026,Q24840679,Geography.Regions.Asia.Asia*,5290232.0,449.3033950570273,4.0,1039.0
16317,21.0,5290630.0,香港眾志,0.812877357006073,Q23739107,History_and_Society.Politics_and_government,5290630.0,28461.17908468936,3.0,3347.0
16318,21.0,5290630.0,香港眾志,0.3257217874526977,Q23739107,Geography.Regions.Asia.Asia*,5290630.0,28461.17908468936,3.0,3347.0
16319,21.0,5290630.0,香港眾志,0.32119916582107544,Q23739107,Geography.Regions.Asia.East_Asia,5290630.0,28461.17908468936,3.0,3347.0
16320,5.0,5290724.0,神風動畫,0.7057950496673584,Q11591037,History_and_Society.Business_and_economics,5290724.0,15670.292101994617,13.0,2278.0
16321,5.0,5290724.0,神風動畫,0.30218379402160644,Q11591037,Geography.Regions.Asia.East_Asia,5290724.0,15670.292101994617,13.0,2278.0
16322,5.0,5290724.0,神風動畫,0.2596606483459473,Q11591037,Geography.Regions.Asia.Asia*,5290724.0,15670.292101994617,13.0,2278.0
16323,5.0,5290724.0,神風動畫,0.1968362182378769,Q11591037,Culture.Media.Media*,5290724.0,15670.292101994617,13.0,2278.0
16324,5.0,5290724.0,神風動畫,0.1259327530860901,Q11591037,STEM.STEM*,5290724.0,15670.292101994617,13.0,2278.0
16325,6.0,5290906.0,熱情姊妹,0.9814634323120116,Q24840427,Culture.Sports,5290906.0,4112.106167101572,4.0,2021.0
16326,6.0,5290906.0,熱情姊妹,0.4921981394290924,Q24840427,Culture.Biography.Biography*,5290906.0,4112.106167101572,4.0,2021.0
16327,6.0,5290906.0,熱情姊妹,0.21124218606948847,Q24840427,Geography.Regions.Asia.East_Asia,5290906.0,4112.106167101572,4.0,2021.0
16328,6.0,5290906.0,熱情姊妹,0.15742753648757934,Q24840427,Geography.Regions.Asia.Asia*,5290906.0,4112.106167101572,4.0,2021.0
16329,6.0,5290906.0,熱情姊妹,0.0,Q24840427,Geography.Regions.Oceania,5290906.0,4112.106167101572,4.0,2021.0
16330,6.0,5290906.0,熱情姊妹,0.0,Q24840427,Geography.Regions.Americas.North_America,5290906.0,4112.106167101572,4.0,2021.0
16331,7.0,5291554.0,金剛：骷髏島,0.9954004287719728,Q21203766,Culture.Media.Films,5291554.0,11262.118431326142,6.0,2869.0
16332,7.0,5291554.0,金剛：骷髏島,0.9914325475692748,Q21203766,Culture.Media.Media*,5291554.0,11262.118431326142,6.0,2869.0
16333,7.0,5291554.0,金剛：骷髏島,0.22816647589206696,Q21203766,Culture.Media.Entertainment,5291554.0,11262.118431326142,6.0,2869.0
16334,7.0,5291554.0,金剛：骷髏島,0.18714269995689392,Q21203766,Culture.Literature,5291554.0,11262.118431326142,6.0,2869.0
16335,7.0,5291554.0,金剛：骷髏島,0.1294127255678177,Q21203766,Culture.Visual_arts.Visual_arts*,5291554.0,11262.118431326142,6.0,2869.0
16336,7.0,5291554.0,金剛：骷髏島,0.1067005917429924,Q21203766,Culture.Visual_arts.Comics_and_Anime,5291554.0,11262.118431326142,6.0,2869.0
16337,7.0,5291554.0,金剛：骷髏島,0.06118653917312623,Q21203766,Geography.Regions.Americas.North_America,5291554.0,11262.118431326142,6.0,2869.0
16338,3.0,5291868.0,李健宏,0.9790457487106324,Q24839746,Culture.Biography.Biography*,5291868.0,676.5588881518931,12.0,1922.0
16339,3.0,5291868.0,李健宏,0.2393593490123749,Q24839746,Culture.Visual_arts.Visual_arts*,5291868.0,676.5588881518931,12.0,1922.0
16340,3.0,5291868.0,李健宏,0.15036486291885376,Q24839746,Geography.Regions.Asia.East_Asia,5291868.0,676.5588881518931,12.0,1922.0
16341,3.0,5291868.0,李健宏,0.11921291798353195,Q24839746,Culture.Biography.Women,5291868.0,676.5588881518931,12.0,1922.0
16342,3.0,5291868.0,李健宏,0.006821857929229736,Q24839746,Geography.Regions.Asia.Asia*,5291868.0,676.5588881518931,12.0,1922.0
16343,10.0,5295501.0,神鬼傳奇 (2017年電影),0.9970290064811708,Q23759268,Culture.Media.Films,5295501.0,32542.814490791294,6.0,4184.0
16344,10.0,5295501.0,神鬼傳奇 (2017年電影),0.9949496984481812,Q23759268,Culture.Media.Media*,5295501.0,32542.814490791294,6.0,4184.0
16345,10.0,5295501.0,神鬼傳奇 (2017年電影),0.1259327530860901,Q23759268,Culture.Literature,5295501.0,32542.814490791294,6.0,4184.0
16346,10.0,5295501.0,神鬼傳奇 (2017年電影),0.0,Q23759268,Geography.Regions.Americas.North_America,5295501.0,32542.814490791294,6.0,4184.0
16347,15.0,5296739.0,刑警兄弟,0.9777238368988036,Q4185397,Culture.Media.Films,5296739.0,1027.925255680008,12.0,1011.0
16348,15.0,5296739.0,刑警兄弟,0.9566442370414734,Q4185397,Culture.Media.Media*,5296739.0,1027.925255680008,12.0,1011.0
16349,15.0,5296739.0,刑警兄弟,0.4911941161155701,Q4185397,Geography.Regions.Asia.East_Asia,5296739.0,1027.925255680008,12.0,1011.0
16350,15.0,5296739.0,刑警兄弟,0.4798859825134277,Q4185397,Geography.Regions.Asia.Asia*,5296739.0,1027.925255680008,12.0,1011.0
16351,5.0,5296907.0,神偷奶爸3,0.9993433356285096,Q22997984,Culture.Media.Films,5296907.0,11297.146195323718,16.0,1632.0
16352,5.0,5296907.0,神偷奶爸3,0.998142421245575,Q22997984,Culture.Media.Media*,5296907.0,11297.146195323718,16.0,1632.0
16353,5.0,5296907.0,神偷奶爸3,0.3923468291759491,Q22997984,Culture.Media.Entertainment,5296907.0,11297.146195323718,16.0,1632.0
16354,5.0,5296907.0,神偷奶爸3,0.014629947185516357,Q22997984,Geography.Regions.Americas.North_America,5296907.0,11297.146195323718,16.0,1632.0
16355,4.0,5298102.0,陳俞希,0.9886782765388488,Q20645011,Culture.Biography.Biography*,5298102.0,3822.3303291867546,12.0,1948.0
16356,4.0,5298102.0,陳俞希,0.3073680400848389,Q20645011,Culture.Biography.Women,5298102.0,3822.3303291867546,12.0,1948.0
16357,4.0,5298102.0,陳俞希,0.2816725244522095,Q20645011,Geography.Regions.Asia.East_Asia,5298102.0,3822.3303291867546,12.0,1948.0
16358,4.0,5298102.0,陳俞希,0.19826446676254272,Q20645011,Geography.Regions.Asia.Asia*,5298102.0,3822.3303291867546,12.0,1948.0
16359,5.0,5301779.0,黨媒姓黨,0.4990100135803223,Q24837568,Geography.Regions.Asia.East_Asia,5301779.0,8166.1491257390235,3.0,3081.0
16360,5.0,5301779.0,黨媒姓黨,0.49675815010070795,Q24837568,Geography.Regions.Asia.Asia*,5301779.0,8166.1491257390235,3.0,3081.0
16361,10.0,5302310.0,GNZ48,0.7371681928634644,Q23901200,Culture.Media.Media*,5302310.0,24838.12636576356,7.0,2682.0
16362,10.0,5302310.0,GNZ48,0.4301573634147644,Q23901200,Culture.Media.Music,5302310.0,24838.12636576356,7.0,2682.0
16363,10.0,5302310.0,GNZ48,0.3862146010398865,Q23901200,Geography.Regions.Asia.East_Asia,5302310.0,24838.12636576356,7.0,2682.0
16364,10.0,5302310.0,GNZ48,0.3344935646057129,Q23901200,Geography.Regions.Asia.Asia*,5302310.0,24838.12636576356,7.0,2682.0
16365,10.0,5302310.0,GNZ48,0.2942249774932861,Q23901200,Culture.Biography.Biography*,5302310.0,24838.12636576356,7.0,2682.0
16366,10.0,5302310.0,GNZ48,0.1824355274438858,Q23901200,Culture.Media.Television,5302310.0,24838.12636576356,7.0,2682.0
16367,25.0,5303062.0,拆弹专家 (电影),0.9871888160705566,Q23987018,Culture.Media.Media*,5303062.0,22909.41939614196,12.0,2059.0
16368,25.0,5303062.0,拆弹专家 (电影),0.9724247455596924,Q23987018,Culture.Media.Films,5303062.0,22909.41939614196,12.0,2059.0
16369,25.0,5303062.0,拆弹专家 (电影),0.18495945835113525,Q23987018,Geography.Regions.Asia.Asia*,5303062.0,22909.41939614196,12.0,2059.0
16370,25.0,5303062.0,拆弹专家 (电影),0.06886266374588013,Q23987018,Geography.Regions.Asia.East_Asia,5303062.0,22909.41939614196,12.0,2059.0
16371,2.0,5303968.0,林正財,0.94500470161438,Q24837342,Culture.Biography.Biography*,5303968.0,0.0,3.0,1312.0
16372,2.0,5303968.0,林正財,0.3981314172744751,Q24837342,Geography.Regions.Asia.East_Asia,5303968.0,0.0,3.0,1312.0
16373,2.0,5303968.0,林正財,0.270853506565094,Q24837342,Geography.Regions.Asia.Asia*,5303968.0,0.0,3.0,1312.0
16374,6.0,5304986.0,朱育賢,0.9979592561721802,Q24837188,Culture.Biography.Biography*,5304986.0,0.0,4.0,743.0
16375,6.0,5304986.0,朱育賢,0.991162657737732,Q24837188,Culture.Sports,5304986.0,0.0,4.0,743.0
16376,6.0,5304986.0,朱育賢,0.6370407938957214,Q24837188,Culture.Biography.Women,5304986.0,0.0,4.0,743.0
16377,6.0,5304986.0,朱育賢,0.4678661694526672,Q24837188,Geography.Regions.Asia.East_Asia,5304986.0,0.0,4.0,743.0
16378,6.0,5304986.0,朱育賢,0.4532718360424042,Q24837188,History_and_Society.Society,5304986.0,0.0,4.0,743.0
16379,6.0,5304986.0,朱育賢,0.40366052293777466,Q24837188,Geography.Regions.Asia.Asia*,5304986.0,0.0,4.0,743.0
16380,6.0,5305237.0,封神传奇,0.99593985080719,Q20058718,Culture.Media.Media*,5305237.0,13744.984749955349,12.0,2070.0
16381,6.0,5305237.0,封神传奇,0.989681839942932,Q20058718,Culture.Media.Films,5305237.0,13744.984749955349,12.0,2070.0
16382,6.0,5305237.0,封神传奇,0.4114462008476257,Q20058718,Geography.Regions.Asia.East_Asia,5305237.0,13744.984749955349,12.0,2070.0
16383,6.0,5305237.0,封神传奇,0.35867373847961426,Q20058718,Geography.Regions.Asia.Asia*,5305237.0,13744.984749955349,12.0,2070.0
16384,2.0,5310294.0,假面騎士Amazons,0.9263137578964232,Q23931472,Culture.Media.Television,5310294.0,704.8337751282072,13.0,2645.0
16385,2.0,5310294.0,假面騎士Amazons,0.7981967926025391,Q23931472,Culture.Media.Media*,5310294.0,704.8337751282072,13.0,2645.0
16386,2.0,5310294.0,假面騎士Amazons,0.1294127255678177,Q23931472,Culture.Visual_arts.Visual_arts*,5310294.0,704.8337751282072,13.0,2645.0
16387,2.0,5310294.0,假面騎士Amazons,0.0,Q23931472,Geography.Regions.Asia.Asia*,5310294.0,704.8337751282072,13.0,2645.0
16388,2.0,5310294.0,假面騎士Amazons,0.0,Q23931472,Geography.Regions.Asia.East_Asia,5310294.0,704.8337751282072,13.0,2645.0
16389,3.0,5311024.0,兩個不能否定,0.4990100135803223,Q24836118,Geography.Regions.Asia.East_Asia,5311024.0,423.8801350220662,3.0,1825.0
16390,3.0,5311024.0,兩個不能否定,0.49675815010070795,Q24836118,Geography.Regions.Asia.Asia*,5311024.0,423.8801350220662,3.0,1825.0
16391,5.0,5311231.0,新英雄本色,0.9697954058647156,Q24836102,Culture.Media.Films,5311231.0,2145.238892612882,12.0,1804.0
16392,5.0,5311231.0,新英雄本色,0.94500470161438,Q24836102,Culture.Media.Media*,5311231.0,2145.238892612882,12.0,1804.0
16393,5.0,5311231.0,新英雄本色,0.4486793746948242,Q24836102,Geography.Regions.Asia.Asia*,5311231.0,2145.238892612882,12.0,1804.0
16394,5.0,5311231.0,新英雄本色,0.4440047016143799,Q24836102,Geography.Regions.Asia.East_Asia,5311231.0,2145.238892612882,12.0,1804.0
16395,5.0,5311231.0,新英雄本色,0.3775506913661957,Q24836102,History_and_Society.Society,5311231.0,2145.238892612882,12.0,1804.0
16396,5.0,5311231.0,新英雄本色,0.24509501457214355,Q24836102,Culture.Biography.Biography*,5311231.0,2145.238892612882,12.0,1804.0
16397,32.0,5313891.0,銀河守護隊2,0.9863731861114502,Q20001199,Culture.Media.Media*,5313891.0,7013.739606742217,6.0,2842.0
16398,32.0,5313891.0,銀河守護隊2,0.9830951094627379,Q20001199,Culture.Media.Films,5313891.0,7013.739606742217,6.0,2842.0
16399,32.0,5313891.0,銀河守護隊2,0.5312193632125854,Q20001199,Culture.Literature,5313891.0,7013.739606742217,6.0,2842.0
16400,32.0,5313891.0,銀河守護隊2,0.348655104637146,Q20001199,Culture.Visual_arts.Comics_and_Anime,5313891.0,7013.739606742217,6.0,2842.0
16401,32.0,5313891.0,銀河守護隊2,0.3276783227920532,Q20001199,Culture.Visual_arts.Visual_arts*,5313891.0,7013.739606742217,6.0,2842.0
16402,32.0,5313891.0,銀河守護隊2,0.1294127255678177,Q20001199,Culture.Media.Entertainment,5313891.0,7013.739606742217,6.0,2842.0
16403,32.0,5313891.0,銀河守護隊2,0.0,Q20001199,Geography.Regions.Americas.North_America,5313891.0,7013.739606742217,6.0,2842.0
16404,3.0,5316002.0,纳粹德国对中国人的迫害,0.2942249774932861,Q24013791,STEM.STEM*,5316002.0,3013.9208780109916,10.0,1237.0
16405,3.0,5316002.0,纳粹德国对中国人的迫害,0.0,Q24013791,Geography.Regions.Asia.Asia*,5316002.0,3013.9208780109916,10.0,1237.0
16406,3.0,5316002.0,纳粹德国对中国人的迫害,0.0,Q24013791,Geography.Regions.Americas.North_America,5316002.0,3013.9208780109916,10.0,1237.0
16407,3.0,5316002.0,纳粹德国对中国人的迫害,0.0,Q24013791,Geography.Regions.Europe.Europe*,5316002.0,3013.9208780109916,10.0,1237.0
16408,7.0,5316582.0,早子老師，要結婚是真的嗎？,0.9732507467269896,Q23832745,Culture.Media.Media*,5316582.0,7589.847839118731,13.0,3663.0
16409,7.0,5316582.0,早子老師，要結婚是真的嗎？,0.5621865391731262,Q23832745,Culture.Media.Television,5316582.0,7589.847839118731,13.0,3663.0
16410,7.0,5316582.0,早子老師，要結婚是真的嗎？,0.23006861114501956,Q23832745,Geography.Regions.Asia.South_Asia,5316582.0,7589.847839118731,13.0,3663.0
16411,7.0,5316582.0,早子老師，要結婚是真的嗎？,0.1520422399044037,Q23832745,History_and_Society.Society,5316582.0,7589.847839118731,13.0,3663.0
16412,7.0,5316582.0,早子老師，要結婚是真的嗎？,0.08411114120483397,Q23832745,Geography.Regions.Asia.Asia*,5316582.0,7589.847839118731,13.0,3663.0
16413,7.0,5316582.0,早子老師，要結婚是真的嗎？,0.0,Q23832745,Geography.Regions.Africa.Western_Africa,5316582.0,7589.847839118731,13.0,3663.0
16414,7.0,5316582.0,早子老師，要結婚是真的嗎？,0.0,Q23832745,Geography.Regions.Africa.Africa*,5316582.0,7589.847839118731,13.0,3663.0
16415,1.0,5316595.0,TRAPPIST-1,1.0000100135803225,Q23986556,STEM.Space,5316595.0,0.0,7.0,699.0
16416,1.0,5316595.0,TRAPPIST-1,0.9995371699333192,Q23986556,STEM.STEM*,5316595.0,0.0,7.0,699.0
16417,1.0,5316761.0,程晓农,0.9942797422409058,Q16197658,Culture.Biography.Biography*,5316761.0,0.0,2.0,2719.0
16418,1.0,5316761.0,程晓农,0.538993239402771,Q16197658,History_and_Society.Business_and_economics,5316761.0,0.0,2.0,2719.0
16419,1.0,5316761.0,程晓农,0.0,Q16197658,Geography.Regions.Asia.East_Asia,5316761.0,0.0,2.0,2719.0
16420,1.0,5316761.0,程晓农,0.0,Q16197658,Geography.Regions.Asia.Asia*,5316761.0,0.0,2.0,2719.0
16421,1.0,5320986.0,極樂宿舍,0.9732507467269896,Q24834345,Culture.Media.Films,5320986.0,0.0,12.0,2892.0
16422,1.0,5320986.0,極樂宿舍,0.9637899398803712,Q24834345,Culture.Media.Media*,5320986.0,0.0,12.0,2892.0
16423,1.0,5320986.0,極樂宿舍,0.0,Q24834345,Geography.Regions.Asia.Asia*,5320986.0,0.0,12.0,2892.0
16424,1.0,5320986.0,極樂宿舍,0.0,Q24834345,Geography.Regions.Asia.South_Asia,5320986.0,0.0,12.0,2892.0
16425,3.0,5324081.0,會計師 (2016年電影),0.9954004287719728,Q18883455,Culture.Media.Films,5324081.0,7434.537645906995,6.0,3309.0
16426,3.0,5324081.0,會計師 (2016年電影),0.989681839942932,Q18883455,Culture.Media.Media*,5324081.0,7434.537645906995,6.0,3309.0
16427,3.0,5324081.0,會計師 (2016年電影),0.35867373847961426,Q18883455,Geography.Regions.Americas.North_America,5324081.0,7434.537645906995,6.0,3309.0
16428,4.0,5324285.0,必勝練習生,0.9969346523284912,Q24833692,Culture.Biography.Biography*,5324285.0,3765.840767916433,4.0,4712.0
16429,4.0,5324285.0,必勝練習生,0.966924011707306,Q24833692,History_and_Society.Society,5324285.0,3765.840767916433,4.0,4712.0
16430,4.0,5324285.0,必勝練習生,0.9241518378257751,Q24833692,Culture.Media.Television,5324285.0,3765.840767916433,4.0,4712.0
16431,4.0,5324285.0,必勝練習生,0.9241518378257751,Q24833692,Culture.Media.Media*,5324285.0,3765.840767916433,4.0,4712.0
16432,4.0,5324285.0,必勝練習生,0.4705740084648132,Q24833692,Geography.Regions.Asia.East_Asia,5324285.0,3765.840767916433,4.0,4712.0
16433,4.0,5324285.0,必勝練習生,0.4605437984466553,Q24833692,Geography.Regions.Asia.Asia*,5324285.0,3765.840767916433,4.0,4712.0
16434,3.0,5325523.0,左翼民粹主義,0.880807101726532,Q11900614,History_and_Society.Politics_and_government,5325523.0,831.8945926819017,10.0,5970.0
16435,3.0,5325523.0,左翼民粹主義,0.2568419873714447,Q11900614,Culture.Philosophy_and_religion,5325523.0,831.8945926819017,10.0,5970.0
16436,3.0,5325523.0,左翼民粹主義,0.0,Q11900614,Geography.Regions.Asia.Asia*,5325523.0,831.8945926819017,10.0,5970.0
16437,3.0,5325523.0,左翼民粹主義,0.0,Q11900614,Geography.Regions.Oceania,5325523.0,831.8945926819017,10.0,5970.0
16438,3.0,5325523.0,左翼民粹主義,0.0,Q11900614,Geography.Regions.Americas.North_America,5325523.0,831.8945926819017,10.0,5970.0
16439,3.0,5325523.0,左翼民粹主義,0.0,Q11900614,Geography.Regions.Asia.East_Asia,5325523.0,831.8945926819017,10.0,5970.0
16440,3.0,5325523.0,左翼民粹主義,0.0,Q11900614,Geography.Regions.Asia.Southeast_Asia,5325523.0,831.8945926819017,10.0,5970.0
16441,2.0,5329174.0,特朗普集團,0.5544804334640503,Q2462124,History_and_Society.Business_and_economics,5329174.0,2118.496065286414,6.0,2457.0
16442,2.0,5329174.0,特朗普集團,0.2921159734725952,Q2462124,Geography.Regions.Americas.North_America,5329174.0,2118.496065286414,6.0,2457.0
16443,2.0,5329174.0,特朗普集團,0.2227101624011993,Q2462124,Culture.Visual_arts.Visual_arts*,5329174.0,2118.496065286414,6.0,2457.0
16444,2.0,5329174.0,特朗普集團,0.13297423720359802,Q2462124,Culture.Media.Media*,5329174.0,2118.496065286414,6.0,2457.0
16445,2.0,5329174.0,特朗普集團,0.11921291798353195,Q2462124,Culture.Visual_arts.Architecture,5329174.0,2118.496065286414,6.0,2457.0
16446,2.0,5329174.0,特朗普集團,0.0,Q2462124,Geography.Regions.Europe.Europe*,5329174.0,2118.496065286414,6.0,2457.0
16447,11.0,5341952.0,西游记·女儿国,0.9980222582817078,Q24831917,Culture.Media.Films,5341952.0,1087.1754946211076,12.0,3068.0
16448,11.0,5341952.0,西游记·女儿国,0.997758150100708,Q24831917,Culture.Media.Media*,5341952.0,1087.1754946211076,12.0,3068.0
16449,11.0,5341952.0,西游记·女儿国,0.3070772161483765,Q24831917,Geography.Regions.Asia.East_Asia,5341952.0,1087.1754946211076,12.0,3068.0
16450,11.0,5341952.0,西游记·女儿国,0.22388027811050412,Q24831917,Geography.Regions.Asia.Asia*,5341952.0,1087.1754946211076,12.0,3068.0
16451,2.0,5343752.0,龚宇,0.992888569831848,Q24831637,Culture.Biography.Biography*,5343752.0,0.0,2.0,857.0
16452,2.0,5343752.0,龚宇,0.3165845146179199,Q24831637,Geography.Regions.Asia.East_Asia,5343752.0,0.0,2.0,857.0
16453,2.0,5343752.0,龚宇,0.3007555902004242,Q24831637,History_and_Society.Business_and_economics,5343752.0,0.0,2.0,857.0
16454,2.0,5343752.0,龚宇,0.16027602553367615,Q24831637,Culture.Biography.Women,5343752.0,0.0,2.0,857.0
16455,2.0,5343752.0,龚宇,0.15036486291885376,Q24831637,Geography.Regions.Asia.Asia*,5343752.0,0.0,2.0,857.0
16456,2.0,5343752.0,龚宇,0.11921291798353195,Q24831637,Culture.Sports,5343752.0,0.0,2.0,857.0
16457,2.0,5343752.0,龚宇,0.11597072333097458,Q24831637,STEM.Technology,5343752.0,0.0,2.0,857.0
16458,2.0,5343752.0,龚宇,0.0,Q24831637,Geography.Regions.Americas.North_America,5343752.0,0.0,2.0,857.0
16459,1.0,5348016.0,寇特妮·伊顿,0.998803436756134,Q16728739,Culture.Biography.Biography*,5348016.0,0.0,11.0,1581.0
16460,1.0,5348016.0,寇特妮·伊顿,0.7606606483459473,Q16728739,Culture.Biography.Women,5348016.0,0.0,11.0,1581.0
16461,1.0,5348016.0,寇特妮·伊顿,0.0,Q16728739,Geography.Regions.Oceania,5348016.0,0.0,11.0,1581.0
16462,1.0,5348016.0,寇特妮·伊顿,0.0,Q16728739,Geography.Regions.Americas.North_America,5348016.0,0.0,11.0,1581.0
16463,4.0,5348148.0,陳宜民,1.0000100135803225,Q24839448,Culture.Biography.Biography*,5348148.0,5451.5852805822715,2.0,1398.0
16464,4.0,5348148.0,陳宜民,0.9890230894088744,Q24839448,History_and_Society.Society,5348148.0,5451.5852805822715,2.0,1398.0
16465,4.0,5348148.0,陳宜民,0.4556442370414734,Q24839448,Geography.Regions.Asia.East_Asia,5348148.0,5451.5852805822715,2.0,1398.0
16466,4.0,5348148.0,陳宜民,0.4501522054672241,Q24839448,Geography.Regions.Asia.Asia*,5348148.0,5451.5852805822715,2.0,1398.0
16467,4.0,5350016.0,法妻當自強,0.967909336090088,Q24043019,Culture.Media.Television,5350016.0,1326.4558930460119,13.0,4097.0
16468,4.0,5350016.0,法妻當自強,0.8706072568893433,Q24043019,Culture.Media.Media*,5350016.0,1326.4558930460119,13.0,4097.0
16469,4.0,5350016.0,法妻當自強,0.21124218606948847,Q24043019,Geography.Regions.Asia.East_Asia,5350016.0,1326.4558930460119,13.0,4097.0
16470,4.0,5350016.0,法妻當自強,0.17818872833251953,Q24043019,Geography.Regions.Asia.Asia*,5350016.0,1326.4558930460119,13.0,4097.0
16471,16.0,5351400.0,魔形女,0.9985088109970092,Q737236,Culture.Literature,5351400.0,185.81028000712442,6.0,2299.0
16472,16.0,5351400.0,魔形女,0.5621865391731262,Q737236,Culture.Visual_arts.Visual_arts*,5351400.0,185.81028000712442,6.0,2299.0
16473,16.0,5351400.0,魔形女,0.5312193632125854,Q737236,Culture.Visual_arts.Comics_and_Anime,5351400.0,185.81028000712442,6.0,2299.0
16474,16.0,5351400.0,魔形女,0.1259327530860901,Q737236,Culture.Media.Media*,5351400.0,185.81028000712442,6.0,2299.0
16475,16.0,5351400.0,魔形女,0.0,Q737236,Geography.Regions.Americas.North_America,5351400.0,185.81028000712442,6.0,2299.0
16476,15.0,5353091.0,变形金刚5：最后的骑士,0.997120440006256,Q24251026,Culture.Media.Films,5353091.0,31955.369570195224,6.0,4069.0
16477,15.0,5353091.0,变形金刚5：最后的骑士,0.9966334104537964,Q24251026,Culture.Media.Media*,5353091.0,31955.369570195224,6.0,4069.0
16478,15.0,5353091.0,变形金刚5：最后的骑士,0.3140605390071869,Q24251026,Culture.Media.Entertainment,5353091.0,31955.369570195224,6.0,4069.0
16479,15.0,5353091.0,变形金刚5：最后的骑士,0.2393593490123749,Q24251026,Culture.Visual_arts.Comics_and_Anime,5353091.0,31955.369570195224,6.0,4069.0
16480,15.0,5353091.0,变形金刚5：最后的骑士,0.2393593490123749,Q24251026,Culture.Visual_arts.Visual_arts*,5353091.0,31955.369570195224,6.0,4069.0
16481,15.0,5353091.0,变形金刚5：最后的骑士,0.13297423720359802,Q24251026,Culture.Literature,5353091.0,31955.369570195224,6.0,4069.0
16482,15.0,5353091.0,变形金刚5：最后的骑士,0.0,Q24251026,Geography.Regions.Americas.North_America,5353091.0,31955.369570195224,6.0,4069.0
16483,3.0,5353678.0,Citrus ～柑橘味香氣～,1.0000100135803225,Q16958608,Culture.Visual_arts.Visual_arts*,5353678.0,3966.559593184593,13.0,2934.0
16484,3.0,5353678.0,Citrus ～柑橘味香氣～,1.0000100135803225,Q16958608,Culture.Visual_arts.Comics_and_Anime,5353678.0,3966.559593184593,13.0,2934.0
16485,3.0,5353678.0,Citrus ～柑橘味香氣～,1.0000100135803225,Q16958608,Culture.Literature,5353678.0,3966.559593184593,13.0,2934.0
16486,3.0,5353678.0,Citrus ～柑橘味香氣～,0.3007555902004242,Q16958608,History_and_Society.Society,5353678.0,3966.559593184593,13.0,2934.0
16487,3.0,5353750.0,金倫我,0.9926641583442688,Q10855868,Culture.Biography.Biography*,5353750.0,206.92031516479682,0.0,2066.0
16488,3.0,5353750.0,金倫我,0.40734341740608215,Q10855868,Culture.Biography.Women,5353750.0,206.92031516479682,0.0,2066.0
16489,3.0,5353750.0,金倫我,0.3923468291759491,Q10855868,Culture.Media.Music,5353750.0,206.92031516479682,0.0,2066.0
16490,3.0,5353750.0,金倫我,0.3702353835105896,Q10855868,Culture.Media.Media*,5353750.0,206.92031516479682,0.0,2066.0
16491,3.0,5353750.0,金倫我,0.16442059183120727,Q10855868,Geography.Regions.Asia.Asia*,5353750.0,206.92031516479682,0.0,2066.0
16492,3.0,5353750.0,金倫我,0.11409788036346435,Q10855868,Geography.Regions.Asia.East_Asia,5353750.0,206.92031516479682,0.0,2066.0
16493,1.0,5358419.0,朴正熙遇刺案,0.5156299471855164,Q482859,STEM.STEM*,5358419.0,0.0,0.0,2709.0
16494,1.0,5358419.0,朴正熙遇刺案,0.3165845146179199,Q482859,Geography.Regions.Asia.Asia*,5358419.0,0.0,0.0,2709.0
16495,1.0,5358419.0,朴正熙遇刺案,0.2393593490123749,Q482859,STEM.Technology,5358419.0,0.0,0.0,2709.0
16496,1.0,5358419.0,朴正熙遇刺案,0.23371636867523196,Q482859,History_and_Society.Politics_and_government,5358419.0,0.0,0.0,2709.0
16497,1.0,5358419.0,朴正熙遇刺案,0.21124218606948847,Q482859,Geography.Regions.Asia.East_Asia,5358419.0,0.0,0.0,2709.0
16498,1.0,5360074.0,三毛別棕熊襲擊事件,0.9879562258720398,Q7418691,Geography.Regions.Asia.East_Asia,5360074.0,0.0,13.0,4928.0
16499,1.0,5360074.0,三毛別棕熊襲擊事件,0.966924011707306,Q7418691,Geography.Regions.Asia.Asia*,5360074.0,0.0,13.0,4928.0
16500,1.0,5360074.0,三毛別棕熊襲擊事件,0.7773098945617676,Q7418691,STEM.STEM*,5360074.0,0.0,13.0,4928.0
16501,1.0,5360074.0,三毛別棕熊襲擊事件,0.7490972280502319,Q7418691,STEM.Biology,5360074.0,0.0,13.0,4928.0
16502,1.0,5360074.0,三毛別棕熊襲擊事件,0.3415925204753876,Q7418691,Geography.Geographical,5360074.0,0.0,13.0,4928.0
16503,1.0,5360074.0,三毛別棕熊襲擊事件,0.275139719247818,Q7418691,Culture.Visual_arts.Visual_arts*,5360074.0,0.0,13.0,4928.0
16504,1.0,5360074.0,三毛別棕熊襲擊事件,0.14415885508060455,Q7418691,Culture.Visual_arts.Architecture,5360074.0,0.0,13.0,4928.0
16505,1.0,5360074.0,三毛別棕熊襲擊事件,0.10088862478733064,Q7418691,STEM.Technology,5360074.0,0.0,13.0,4928.0
16506,2.0,5364326.0,極速秒殺2,0.996837317943573,Q18552037,Culture.Media.Films,5364326.0,3942.0,6.0,2484.0
16507,2.0,5364326.0,極速秒殺2,0.9905974268913268,Q18552037,Culture.Media.Media*,5364326.0,3942.0,6.0,2484.0
16508,2.0,5364326.0,極速秒殺2,0.03021936321258545,Q18552037,Geography.Regions.Americas.North_America,5364326.0,3942.0,6.0,2484.0
16509,1.0,5365949.0,唐儷,0.993317186832428,Q24833750,Culture.Biography.Biography*,5365949.0,0.0,4.0,1019.0
16510,1.0,5365949.0,唐儷,0.23371636867523196,Q24833750,Culture.Biography.Women,5365949.0,0.0,4.0,1019.0
16511,1.0,5365949.0,唐儷,0.13297423720359802,Q24833750,Culture.Media.Media*,5365949.0,0.0,4.0,1019.0
16512,1.0,5365949.0,唐儷,0.11921291798353195,Q24833750,Culture.Media.Music,5365949.0,0.0,4.0,1019.0
16513,1.0,5365949.0,唐儷,0.0,Q24833750,Geography.Regions.Asia.Asia*,5365949.0,0.0,4.0,1019.0
16514,1.0,5365949.0,唐儷,0.0,Q24833750,Geography.Regions.Asia.South_Asia,5365949.0,0.0,4.0,1019.0
16515,1.0,5365949.0,唐儷,0.0,Q24833750,Geography.Regions.Europe.Europe*,5365949.0,0.0,4.0,1019.0
16516,1.0,5365949.0,唐儷,0.0,Q24833750,Geography.Regions.Americas.North_America,5365949.0,0.0,4.0,1019.0
16517,3.0,5367221.0,李旻芳,0.9958112239837646,Q18610196,Culture.Biography.Biography*,5367221.0,1902.0388145531574,3.0,2263.0
16518,3.0,5367221.0,李旻芳,0.3140605390071869,Q18610196,Culture.Biography.Women,5367221.0,1902.0388145531574,3.0,2263.0
16519,3.0,5367221.0,李旻芳,0.0,Q18610196,Geography.Regions.Asia.Asia*,5367221.0,1902.0388145531574,3.0,2263.0
16520,3.0,5367221.0,李旻芳,0.0,Q18610196,Geography.Regions.Asia.East_Asia,5367221.0,1902.0388145531574,3.0,2263.0
16521,11.0,5370994.0,巴哈姆特動畫瘋,0.2942249774932861,Q30942181,STEM.STEM*,5370994.0,26002.62458988168,13.0,3989.0
16522,11.0,5370994.0,巴哈姆特動畫瘋,0.0,Q30942181,Geography.Regions.Asia.Asia*,5370994.0,26002.62458988168,13.0,3989.0
16523,11.0,5370994.0,巴哈姆特動畫瘋,0.0,Q30942181,Geography.Regions.Americas.North_America,5370994.0,26002.62458988168,13.0,3989.0
16524,11.0,5370994.0,巴哈姆特動畫瘋,0.0,Q30942181,Geography.Regions.Europe.Europe*,5370994.0,26002.62458988168,13.0,3989.0
16525,2.0,5371373.0,寶貝老闆,0.9986429810523988,Q18619153,Culture.Media.Films,5371373.0,786.0289469177898,11.0,2429.0
16526,2.0,5371373.0,寶貝老闆,0.997120440006256,Q18619153,Culture.Media.Media*,5371373.0,786.0289469177898,11.0,2429.0
16527,2.0,5371373.0,寶貝老闆,0.3140605390071869,Q18619153,Culture.Media.Entertainment,5371373.0,786.0289469177898,11.0,2429.0
16528,2.0,5371373.0,寶貝老闆,0.18714269995689392,Q18619153,Culture.Literature,5371373.0,786.0289469177898,11.0,2429.0
16529,2.0,5371373.0,寶貝老闆,0.16027602553367615,Q18619153,Culture.Visual_arts.Comics_and_Anime,5371373.0,786.0289469177898,11.0,2429.0
16530,2.0,5371373.0,寶貝老闆,0.15742753648757934,Q18619153,Geography.Regions.Americas.North_America,5371373.0,786.0289469177898,11.0,2429.0
16531,2.0,5371373.0,寶貝老闆,0.13661839067935946,Q18619153,Culture.Visual_arts.Visual_arts*,5371373.0,786.0289469177898,11.0,2429.0
16532,2.0,5371373.0,寶貝老闆,0.0,Q18619153,Geography.Regions.Europe.Northern_Europe,5371373.0,786.0289469177898,11.0,2429.0
16533,5.0,5371808.0,ElDLIVE宇宙警探,1.0000100135803225,Q17218781,Culture.Visual_arts.Comics_and_Anime,5371808.0,6116.275955805289,16.0,2403.0
16534,5.0,5371808.0,ElDLIVE宇宙警探,1.0000100135803225,Q17218781,Culture.Literature,5371808.0,6116.275955805289,16.0,2403.0
16535,5.0,5371808.0,ElDLIVE宇宙警探,1.0000100135803225,Q17218781,Culture.Visual_arts.Visual_arts*,5371808.0,6116.275955805289,16.0,2403.0
16536,6.0,5374098.0,拖旅行箱的女人,0.8439050912857056,Q26381967,Culture.Media.Television,5374098.0,1077.8417086863337,13.0,2206.0
16537,6.0,5374098.0,拖旅行箱的女人,0.8311530351638794,Q26381967,Culture.Media.Media*,5374098.0,1077.8417086863337,13.0,2206.0
16538,6.0,5374098.0,拖旅行箱的女人,0.4209318628311157,Q26381967,Geography.Regions.Asia.East_Asia,5374098.0,1077.8417086863337,13.0,2206.0
16539,6.0,5374098.0,拖旅行箱的女人,0.41865252161026,Q26381967,Geography.Regions.Asia.Asia*,5374098.0,1077.8417086863337,13.0,2206.0
16540,4.0,5375709.0,薩利機長：哈德遜奇蹟,0.99745911359787,Q21062112,Culture.Media.Films,5375709.0,8761.58613716728,6.0,3260.0
16541,4.0,5375709.0,薩利機長：哈德遜奇蹟,0.9937201142311096,Q21062112,Culture.Media.Media*,5375709.0,8761.58613716728,6.0,3260.0
16542,4.0,5375709.0,薩利機長：哈德遜奇蹟,0.11280541121959685,Q21062112,Culture.Literature,5375709.0,8761.58613716728,6.0,3260.0
16543,4.0,5375709.0,薩利機長：哈德遜奇蹟,0.0,Q21062112,Geography.Regions.Americas.North_America,5375709.0,8761.58613716728,6.0,3260.0
16544,11.0,5376060.0,悄悄話 (電視劇),0.9099169969558716,Q28952018,Culture.Media.Media*,5376060.0,11663.96889592023,13.0,2881.0
16545,11.0,5376060.0,悄悄話 (電視劇),0.7931159734725952,Q28952018,Culture.Media.Television,5376060.0,11663.96889592023,13.0,2881.0
16546,11.0,5376060.0,悄悄話 (電視劇),0.4853731861114502,Q28952018,Geography.Regions.Asia.Asia*,5376060.0,11663.96889592023,13.0,2881.0
16547,11.0,5376060.0,悄悄話 (電視劇),0.4669093360900879,Q28952018,Geography.Regions.Asia.East_Asia,5376060.0,11663.96889592023,13.0,2881.0
16548,8.0,5376161.0,購物王路易,0.9659096002578736,Q26160413,Culture.Media.Media*,5376161.0,3696.8812391568813,13.0,3347.0
16549,8.0,5376161.0,購物王路易,0.6442351341247559,Q26160413,Culture.Media.Television,5376161.0,3696.8812391568813,13.0,3347.0
16550,8.0,5376161.0,購物王路易,0.4804634323120117,Q26160413,Geography.Regions.Asia.Asia*,5376161.0,3696.8812391568813,13.0,3347.0
16551,8.0,5376161.0,購物王路易,0.4798859825134277,Q26160413,Geography.Regions.Asia.East_Asia,5376161.0,3696.8812391568813,13.0,3347.0
16552,19.0,5376610.0,雄風三型反艦飛彈誤射事件,1.0000100135803225,Q25861103,Culture.Biography.Biography*,5376610.0,81369.21095531345,5.0,2258.0
16553,19.0,5376610.0,雄風三型反艦飛彈誤射事件,0.9994742274284364,Q25861103,History_and_Society.Society,5376610.0,81369.21095531345,5.0,2258.0
16554,19.0,5376610.0,雄風三型反艦飛彈誤射事件,0.4945416321754456,Q25861103,Geography.Regions.Asia.East_Asia,5376610.0,81369.21095531345,5.0,2258.0
16555,19.0,5376610.0,雄風三型反艦飛彈誤射事件,0.4916641583442688,Q25861103,Geography.Regions.Asia.Asia*,5376610.0,81369.21095531345,5.0,2258.0
16556,19.0,5376610.0,雄風三型反艦飛彈誤射事件,0.4455395638942719,Q25861103,History_and_Society.Politics_and_government,5376610.0,81369.21095531345,5.0,2258.0
16557,19.0,5376610.0,雄風三型反艦飛彈誤射事件,0.3775506913661957,Q25861103,STEM.STEM*,5376610.0,81369.21095531345,5.0,2258.0
16558,19.0,5376610.0,雄風三型反艦飛彈誤射事件,0.23371636867523196,Q25861103,History_and_Society.Transportation,5376610.0,81369.21095531345,5.0,2258.0
16559,19.0,5376610.0,雄風三型反艦飛彈誤射事件,0.1732981950044632,Q25861103,Culture.Sports,5376610.0,81369.21095531345,5.0,2258.0
16560,19.0,5376610.0,雄風三型反艦飛彈誤射事件,0.1294127255678177,Q25861103,STEM.Engineering,5376610.0,81369.21095531345,5.0,2258.0
16561,19.0,5376610.0,雄風三型反艦飛彈誤射事件,0.0,Q25861103,Geography.Geographical,5376610.0,81369.21095531345,5.0,2258.0
16562,3.0,5379475.0,秦偉,1.0000100135803225,Q28408920,Culture.Biography.Biography*,5379475.0,11847.625532250315,4.0,24437.0
16563,3.0,5379475.0,秦偉,0.6224693655967712,Q28408920,History_and_Society.Society,5379475.0,11847.625532250315,4.0,24437.0
16564,3.0,5379475.0,秦偉,0.338743971824646,Q28408920,Geography.Regions.Asia.Asia*,5379475.0,11847.625532250315,4.0,24437.0
16565,3.0,5379475.0,秦偉,0.3257217874526977,Q28408920,Geography.Regions.Asia.East_Asia,5379475.0,11847.625532250315,4.0,24437.0
16566,10.0,5379488.0,张美人 (宋仁宗),0.8519628047943115,Q24861915,Culture.Biography.Biography*,5379488.0,0.0,15.0,2598.0
16567,10.0,5379488.0,张美人 (宋仁宗),0.6224693655967712,Q24861915,History_and_Society.History,5379488.0,0.0,15.0,2598.0
16568,10.0,5379488.0,张美人 (宋仁宗),0.3301530351638794,Q24861915,Geography.Regions.Asia.East_Asia,5379488.0,0.0,15.0,2598.0
16569,10.0,5379488.0,张美人 (宋仁宗),0.30218379402160644,Q24861915,Geography.Regions.Asia.Asia*,5379488.0,0.0,15.0,2598.0
16570,10.0,5379488.0,张美人 (宋仁宗),0.2509227991104126,Q24861915,Culture.Biography.Women,5379488.0,0.0,15.0,2598.0
16571,2.0,5380716.0,無敵破壞王2：網路大暴走,0.9924327731132508,Q25167044,Culture.Media.Films,5380716.0,12361.393113310638,12.0,3398.0
16572,2.0,5380716.0,無敵破壞王2：網路大暴走,0.9875783920288086,Q25167044,Culture.Media.Media*,5380716.0,12361.393113310638,12.0,3398.0
16573,2.0,5380716.0,無敵破壞王2：網路大暴走,0.15611489117145538,Q25167044,Culture.Media.Entertainment,5380716.0,12361.393113310638,12.0,3398.0
16574,2.0,5380716.0,無敵破壞王2：網路大暴走,0.1294127255678177,Q25167044,Culture.Visual_arts.Visual_arts*,5380716.0,12361.393113310638,12.0,3398.0
16575,2.0,5380716.0,無敵破壞王2：網路大暴走,0.1294127255678177,Q25167044,Culture.Literature,5380716.0,12361.393113310638,12.0,3398.0
16576,2.0,5380716.0,無敵破壞王2：網路大暴走,0.11921291798353195,Q25167044,Culture.Visual_arts.Comics_and_Anime,5380716.0,12361.393113310638,12.0,3398.0
16577,2.0,5380716.0,無敵破壞王2：網路大暴走,0.11921291798353195,Q25167044,Culture.Internet_culture,5380716.0,12361.393113310638,12.0,3398.0
16578,2.0,5380716.0,無敵破壞王2：網路大暴走,0.06886266374588013,Q25167044,Geography.Regions.Americas.North_America,5380716.0,12361.393113310638,12.0,3398.0
16579,6.0,5382088.0,紫雨林,0.585111141204834,Q494321,Culture.Media.Media*,5382088.0,18582.770202235395,0.0,2648.0
16580,6.0,5382088.0,紫雨林,0.5312193632125854,Q494321,Culture.Media.Music,5382088.0,18582.770202235395,0.0,2648.0
16581,6.0,5382088.0,紫雨林,0.3923468291759491,Q494321,Culture.Biography.Biography*,5382088.0,18582.770202235395,0.0,2648.0
16582,6.0,5382088.0,紫雨林,0.21760438585281366,Q494321,Geography.Regions.Asia.East_Asia,5382088.0,18582.770202235395,0.0,2648.0
16583,6.0,5382088.0,紫雨林,0.14323513412475586,Q494321,Geography.Regions.Asia.Asia*,5382088.0,18582.770202235395,0.0,2648.0
16584,15.0,5382757.0,王牌逗王牌,0.9916942119598388,Q24278858,Culture.Media.Films,5382757.0,4656.548459668973,12.0,2096.0
16585,15.0,5382757.0,王牌逗王牌,0.967909336090088,Q24278858,Culture.Media.Media*,5382757.0,4656.548459668973,12.0,2096.0
16586,15.0,5382757.0,王牌逗王牌,0.4501522054672241,Q24278858,Geography.Regions.Asia.Asia*,5382757.0,4656.548459668973,12.0,2096.0
16587,15.0,5382757.0,王牌逗王牌,0.4163126816749573,Q24278858,Geography.Regions.Asia.East_Asia,5382757.0,4656.548459668973,12.0,2096.0
16588,2.0,5383399.0,各国房价收入比列表,1.0,Q25037349,Compilation.List_Disambig,5383399.0,0.0,10.0,1742.0
16589,2.0,5383399.0,各国房价收入比列表,0.2227101624011993,Q25037349,STEM.STEM*,5383399.0,0.0,10.0,1742.0
16590,2.0,5383399.0,各国房价收入比列表,0.1259327530860901,Q25037349,Culture.Media.Media*,5383399.0,0.0,10.0,1742.0
16591,2.0,5383399.0,各国房价收入比列表,0.10088862478733064,Q25037349,Culture.Sports,5383399.0,0.0,10.0,1742.0
16592,2.0,5383399.0,各国房价收入比列表,0.0,Q25037349,Geography.Regions.Americas.North_America,5383399.0,0.0,10.0,1742.0
16593,2.0,5383399.0,各国房价收入比列表,0.0,Q25037349,Geography.Regions.Europe.Europe*,5383399.0,0.0,10.0,1742.0
16594,2.0,5383399.0,各国房价收入比列表,0.0,Q25037349,Geography.Regions.Asia.Asia*,5383399.0,0.0,10.0,1742.0
16595,1.0,5383913.0,2010年Running Man節目列表,0.8903042674064636,Q24854784,Culture.Media.Media*,5383913.0,0.0,0.0,2767.0
16596,1.0,5383913.0,2010年Running Man節目列表,0.839743971824646,Q24854784,Culture.Media.Television,5383913.0,0.0,0.0,2767.0
16597,1.0,5383913.0,2010年Running Man節目列表,0.13661839067935946,Q24854784,Culture.Visual_arts.Comics_and_Anime,5383913.0,0.0,0.0,2767.0
16598,1.0,5383913.0,2010年Running Man節目列表,0.10088862478733064,Q24854784,Culture.Visual_arts.Visual_arts*,5383913.0,0.0,0.0,2767.0
16599,1.0,5383913.0,2010年Running Man節目列表,0.0,Q24854784,Geography.Regions.Europe.Europe*,5383913.0,0.0,0.0,2767.0
16600,1.0,5384020.0,蘿絲·萊斯莉,0.9955416321754456,Q461132,Culture.Biography.Biography*,5384020.0,0.0,1.0,1510.0
16601,1.0,5384020.0,蘿絲·萊斯莉,0.7310686111450195,Q461132,Culture.Biography.Women,5384020.0,0.0,1.0,1510.0
16602,1.0,5384020.0,蘿絲·萊斯莉,0.23371636867523196,Q461132,Culture.Media.Media*,5384020.0,0.0,1.0,1510.0
16603,1.0,5384020.0,蘿絲·萊斯莉,0.10375863313674928,Q461132,Culture.Literature,5384020.0,0.0,1.0,1510.0
16604,1.0,5384020.0,蘿絲·萊斯莉,0.0,Q461132,Geography.Regions.Europe.Northern_Europe,5384020.0,0.0,1.0,1510.0
16605,1.0,5384020.0,蘿絲·萊斯莉,0.0,Q461132,Geography.Regions.Europe.Europe*,5384020.0,0.0,1.0,1510.0
16606,1.0,5384020.0,蘿絲·萊斯莉,0.0,Q461132,Geography.Regions.Americas.North_America,5384020.0,0.0,1.0,1510.0
16607,5.0,5386552.0,搖曳莊的幽奈小姐,1.0000100135803225,Q24876869,Culture.Visual_arts.Comics_and_Anime,5386552.0,15056.838551364131,13.0,2906.0
16608,5.0,5386552.0,搖曳莊的幽奈小姐,1.0000100135803225,Q24876869,Culture.Visual_arts.Visual_arts*,5386552.0,15056.838551364131,13.0,2906.0
16609,5.0,5386552.0,搖曳莊的幽奈小姐,1.0000100135803225,Q24876869,Culture.Literature,5386552.0,15056.838551364131,13.0,2906.0
16610,4.0,5387371.0,姚松炎,0.966924011707306,Q26806487,Culture.Biography.Biography*,5387371.0,3945.9012134666536,3.0,1425.0
16611,4.0,5387371.0,姚松炎,0.06886266374588013,Q26806487,Geography.Regions.Asia.East_Asia,5387371.0,3945.9012134666536,3.0,1425.0
16612,4.0,5387371.0,姚松炎,0.0,Q26806487,Geography.Regions.Asia.Asia*,5387371.0,3945.9012134666536,3.0,1425.0
16613,2.0,5387372.0,慳D啦Honey,0.8519628047943115,Q23764807,Culture.Media.Television,5387372.0,0.0,12.0,1397.0
16614,2.0,5387372.0,慳D啦Honey,0.7773098945617676,Q23764807,Culture.Media.Media*,5387372.0,0.0,12.0,1397.0
16615,2.0,5387372.0,慳D啦Honey,0.0,Q23764807,Geography.Regions.Asia.Asia*,5387372.0,0.0,12.0,1397.0
16616,5.0,5388013.0,劉志斌,0.974052667617798,Q28409194,Culture.Biography.Biography*,5388013.0,355.87944604868767,5.0,2446.0
16617,5.0,5388013.0,劉志斌,0.33459946513175964,Q28409194,History_and_Society.Military_and_warfare,5388013.0,355.87944604868767,5.0,2446.0
16618,5.0,5388013.0,劉志斌,0.14323513412475586,Q28409194,Geography.Regions.Asia.Asia*,5388013.0,355.87944604868767,5.0,2446.0
16619,5.0,5388013.0,劉志斌,0.014629947185516357,Q28409194,Geography.Regions.Asia.East_Asia,5388013.0,355.87944604868767,5.0,2446.0
16620,7.0,5390403.0,大雄的南極冰天雪地大冒險,0.9937201142311096,Q25893643,Culture.Media.Films,5390403.0,13209.442570503934,16.0,2206.0
16621,7.0,5390403.0,大雄的南極冰天雪地大冒險,0.9814634323120116,Q25893643,Culture.Media.Media*,5390403.0,13209.442570503934,16.0,2206.0
16622,7.0,5390403.0,大雄的南極冰天雪地大冒險,0.9637899398803712,Q25893643,Culture.Visual_arts.Comics_and_Anime,5390403.0,13209.442570503934,16.0,2206.0
16623,7.0,5390403.0,大雄的南極冰天雪地大冒險,0.9433575868606568,Q25893643,Culture.Literature,5390403.0,13209.442570503934,16.0,2206.0
16624,7.0,5390403.0,大雄的南極冰天雪地大冒險,0.9416641592979432,Q25893643,Culture.Visual_arts.Visual_arts*,5390403.0,13209.442570503934,16.0,2206.0
16625,7.0,5390403.0,大雄的南極冰天雪地大冒險,0.0,Q25893643,Geography.Regions.Asia.East_Asia,5390403.0,13209.442570503934,16.0,2206.0
16626,7.0,5390403.0,大雄的南極冰天雪地大冒險,0.0,Q25893643,Geography.Regions.Asia.Asia*,5390403.0,13209.442570503934,16.0,2206.0
16627,5.0,5391952.0,六魔女,0.9984612464904784,Q25916720,Culture.Media.Films,5391952.0,8221.290835252414,12.0,6598.0
16628,5.0,5391952.0,六魔女,0.9914325475692748,Q25916720,Culture.Media.Media*,5391952.0,8221.290835252414,12.0,6598.0
16629,5.0,5391952.0,六魔女,0.053480433464050285,Q25916720,Geography.Regions.Asia.Asia*,5391952.0,8221.290835252414,12.0,6598.0
16630,5.0,5391952.0,六魔女,0.0,Q25916720,Geography.Regions.Asia.South_Asia,5391952.0,8221.290835252414,12.0,6598.0
16631,5.0,5391952.0,六魔女,0.0,Q25916720,Geography.Regions.Americas.North_America,5391952.0,8221.290835252414,12.0,6598.0
16632,3.0,5394072.0,中華航空更名事件,0.9996640086174012,Q28409684,Culture.Biography.Biography*,5394072.0,3942.0000000000014,5.0,9442.0
16633,3.0,5394072.0,中華航空更名事件,0.98678719997406,Q28409684,History_and_Society.Society,5394072.0,3942.0000000000014,5.0,9442.0
16634,3.0,5394072.0,中華航空更名事件,0.3469777574539185,Q28409684,Geography.Regions.Asia.East_Asia,5394072.0,3942.0000000000014,5.0,9442.0
16635,3.0,5394072.0,中華航空更名事件,0.338743971824646,Q28409684,Geography.Regions.Asia.Asia*,5394072.0,3942.0000000000014,5.0,9442.0
16636,3.0,5394072.0,中華航空更名事件,0.1259327530860901,Q28409684,History_and_Society.Politics_and_government,5394072.0,3942.0000000000014,5.0,9442.0
16637,3.0,5394072.0,中華航空更名事件,0.12253321707248688,Q28409684,Culture.Philosophy_and_religion,5394072.0,3942.0000000000014,5.0,9442.0
16638,3.0,5394072.0,中華航空更名事件,0.1067005917429924,Q28409684,STEM.STEM*,5394072.0,3942.0000000000014,5.0,9442.0
16639,20.0,5394978.0,S風暴,0.9626831412315368,Q26963265,Culture.Media.Media*,5394978.0,7653.083710610885,12.0,4020.0
16640,20.0,5394978.0,S風暴,0.9073222279548644,Q26963265,Culture.Media.Films,5394978.0,7653.083710610885,12.0,4020.0
16641,20.0,5394978.0,S風暴,0.4569222798347473,Q26963265,Geography.Regions.Asia.East_Asia,5394978.0,7653.083710610885,12.0,4020.0
16642,20.0,5394978.0,S風暴,0.43892334604263306,Q26963265,Geography.Regions.Asia.Asia*,5394978.0,7653.083710610885,12.0,4020.0
16643,12.0,5395476.0,王志民 (1957年),0.9949496984481812,Q28409823,Culture.Biography.Biography*,5395476.0,5541.9798383934885,3.0,120.0
16644,12.0,5395476.0,王志民 (1957年),0.1259327530860901,Q28409823,History_and_Society.Politics_and_government,5395476.0,5541.9798383934885,3.0,120.0
16645,12.0,5395476.0,王志民 (1957年),0.0,Q28409823,Geography.Regions.Asia.Asia*,5395476.0,5541.9798383934885,3.0,120.0
16646,12.0,5395476.0,王志民 (1957年),0.0,Q28409823,Geography.Regions.Asia.East_Asia,5395476.0,5541.9798383934885,3.0,120.0
16647,1.0,5397054.0,一人之下,1.0000100135803225,Q25338402,Culture.Visual_arts.Comics_and_Anime,5397054.0,0.0,14.0,2909.0
16648,1.0,5397054.0,一人之下,1.0000100135803225,Q25338402,Culture.Literature,5397054.0,0.0,14.0,2909.0
16649,1.0,5397054.0,一人之下,1.0000100135803225,Q25338402,Culture.Visual_arts.Visual_arts*,5397054.0,0.0,14.0,2909.0
16650,3.0,5397403.0,卓穎思,0.9875783920288086,Q23640274,Culture.Biography.Biography*,5397403.0,0.0,12.0,886.0
16651,3.0,5397403.0,卓穎思,0.4765896201133728,Q23640274,Culture.Biography.Women,5397403.0,0.0,12.0,886.0
16652,3.0,5397403.0,卓穎思,0.32119916582107544,Q23640274,Geography.Regions.Asia.East_Asia,5397403.0,0.0,12.0,886.0
16653,3.0,5397403.0,卓穎思,0.23616819286346435,Q23640274,Geography.Regions.Asia.Asia*,5397403.0,0.0,12.0,886.0
16654,3.0,5397837.0,利君牙,0.9863731861114502,Q15925430,Culture.Biography.Biography*,5397837.0,0.0,12.0,2536.0
16655,3.0,5397837.0,利君牙,0.2921159734725952,Q15925430,Geography.Regions.Asia.Asia*,5397837.0,0.0,12.0,2536.0
16656,3.0,5397837.0,利君牙,0.2869412174224853,Q15925430,Geography.Regions.Asia.East_Asia,5397837.0,0.0,12.0,2536.0
16657,3.0,5397837.0,利君牙,0.1259327530860901,Q15925430,Culture.Biography.Women,5397837.0,0.0,12.0,2536.0
16658,1.0,5400515.0,平井伸治,0.9748311638832092,Q1326985,Culture.Biography.Biography*,5400515.0,0.0,13.0,1385.0
16659,1.0,5400515.0,平井伸治,0.16442059183120727,Q1326985,Geography.Regions.Asia.East_Asia,5400515.0,0.0,13.0,1385.0
16660,1.0,5400515.0,平井伸治,0.13604079389572146,Q1326985,Geography.Regions.Asia.Asia*,5400515.0,0.0,13.0,1385.0
16661,1.0,5400515.0,平井伸治,0.11921291798353195,Q1326985,History_and_Society.Politics_and_government,5400515.0,0.0,13.0,1385.0
16662,4.0,5402657.0,分裂 (電影),0.9964163899421692,Q21869840,Culture.Media.Films,5402657.0,2348.6046950852856,6.0,3122.0
16663,4.0,5402657.0,分裂 (電影),0.9916942119598388,Q21869840,Culture.Media.Media*,5402657.0,2348.6046950852856,6.0,3122.0
16664,4.0,5402657.0,分裂 (電影),0.21124218606948847,Q21869840,Geography.Regions.Americas.North_America,5402657.0,2348.6046950852856,6.0,3122.0
16665,1.0,5405007.0,李曙原,0.993317186832428,Q24246537,Culture.Biography.Biography*,5405007.0,0.0,0.0,2117.0
16666,1.0,5405007.0,李曙原,0.40366052293777466,Q24246537,Geography.Regions.Asia.East_Asia,5405007.0,0.0,0.0,2117.0
16667,1.0,5405007.0,李曙原,0.3469777574539185,Q24246537,Geography.Regions.Asia.Asia*,5405007.0,0.0,0.0,2117.0
16668,3.0,5408085.0,正確的卡多,1.0000100135803225,Q24877212,Culture.Visual_arts.Comics_and_Anime,5408085.0,917.9399264215422,13.0,2734.0
16669,3.0,5408085.0,正確的卡多,1.0000100135803225,Q24877212,Culture.Visual_arts.Visual_arts*,5408085.0,917.9399264215422,13.0,2734.0
16670,3.0,5408085.0,正確的卡多,1.0000100135803225,Q24877212,Culture.Literature,5408085.0,917.9399264215422,13.0,2734.0
16671,3.0,5408085.0,正確的卡多,0.13661839067935946,Q24877212,Culture.Internet_culture,5408085.0,917.9399264215422,13.0,2734.0
16672,3.0,5408085.0,正確的卡多,0.10088862478733064,Q24877212,Culture.Media.Video_games,5408085.0,917.9399264215422,13.0,2734.0
16673,7.0,5411704.0,美国公共卫生服务军官团,0.3140605390071869,Q1632308,STEM.STEM*,5411704.0,18532.812486058505,11.0,1345.0
16674,7.0,5411704.0,美国公共卫生服务军官团,0.2509227991104126,Q1632308,History_and_Society.Military_and_warfare,5411704.0,18532.812486058505,11.0,1345.0
16675,7.0,5411704.0,美国公共卫生服务军官团,0.24509501457214355,Q1632308,History_and_Society.Politics_and_government,5411704.0,18532.812486058505,11.0,1345.0
16676,7.0,5411704.0,美国公共卫生服务军官团,0.1732981950044632,Q1632308,Culture.Philosophy_and_religion,5411704.0,18532.812486058505,11.0,1345.0
16677,7.0,5411704.0,美国公共卫生服务军官团,0.1259327530860901,Q1632308,History_and_Society.Society,5411704.0,18532.812486058505,11.0,1345.0
16678,7.0,5411704.0,美国公共卫生服务军官团,0.11597072333097458,Q1632308,History_and_Society.Education,5411704.0,18532.812486058505,11.0,1345.0
16679,7.0,5411704.0,美国公共卫生服务军官团,0.10375863313674928,Q1632308,History_and_Society.Business_and_economics,5411704.0,18532.812486058505,11.0,1345.0
16680,7.0,5411704.0,美国公共卫生服务军官团,0.0,Q1632308,Geography.Regions.Americas.North_America,5411704.0,18532.812486058505,11.0,1345.0
16681,7.0,5411704.0,美国公共卫生服务军官团,0.0,Q1632308,Geography.Regions.Europe.Europe*,5411704.0,18532.812486058505,11.0,1345.0
16682,7.0,5414266.0,韓國部署薩德反導彈系統事件,0.4990100135803223,Q22973555,Geography.Regions.Asia.East_Asia,5414266.0,15964.404089909607,5.0,2782.0
16683,7.0,5414266.0,韓國部署薩德反導彈系統事件,0.49675815010070795,Q22973555,Geography.Regions.Asia.Asia*,5414266.0,15964.404089909607,5.0,2782.0
16684,6.0,5419047.0,同門,0.974052667617798,Q7302092,Culture.Media.Films,5419047.0,3470.710542942837,12.0,2411.0
16685,6.0,5419047.0,同門,0.9706977605819702,Q7302092,Culture.Media.Media*,5419047.0,3470.710542942837,12.0,2411.0
16686,6.0,5419047.0,同門,0.43713401460647583,Q7302092,Geography.Regions.Asia.East_Asia,5419047.0,3470.710542942837,12.0,2411.0
16687,6.0,5419047.0,同門,0.4334051480293274,Q7302092,Geography.Regions.Asia.Asia*,5419047.0,3470.710542942837,12.0,2411.0
16688,3.0,5422745.0,沉默的目擊者,1.0000100135803225,Q27890349,Culture.Media.Films,5422745.0,1894.0395656080493,12.0,5152.0
16689,3.0,5422745.0,沉默的目擊者,0.998803436756134,Q27890349,Culture.Media.Media*,5422745.0,1894.0395656080493,12.0,5152.0
16690,3.0,5422745.0,沉默的目擊者,0.4990100135803223,Q27890349,Geography.Regions.Asia.East_Asia,5422745.0,1894.0395656080493,12.0,5152.0
16691,3.0,5422745.0,沉默的目擊者,0.4983638396263122,Q27890349,Geography.Regions.Asia.Asia*,5422745.0,1894.0395656080493,12.0,5152.0
16692,2.0,5424326.0,古賀葵,0.9820237755775452,Q26678197,Culture.Biography.Biography*,5424326.0,192.53813444035904,13.0,2722.0
16693,2.0,5424326.0,古賀葵,0.9381340146064758,Q26678197,Culture.Visual_arts.Visual_arts*,5424326.0,192.53813444035904,13.0,2722.0
16694,2.0,5424326.0,古賀葵,0.9099169969558716,Q26678197,Culture.Literature,5424326.0,192.53813444035904,13.0,2722.0
16695,2.0,5424326.0,古賀葵,0.8519628047943115,Q26678197,Culture.Visual_arts.Comics_and_Anime,5424326.0,192.53813444035904,13.0,2722.0
16696,2.0,5424326.0,古賀葵,0.19165198707580566,Q26678197,Geography.Regions.Asia.East_Asia,5424326.0,192.53813444035904,13.0,2722.0
16697,2.0,5424326.0,古賀葵,0.15611489117145538,Q26678197,Culture.Biography.Women,5424326.0,192.53813444035904,13.0,2722.0
16698,2.0,5424326.0,古賀葵,0.08411114120483397,Q26678197,Geography.Regions.Asia.Asia*,5424326.0,192.53813444035904,13.0,2722.0
16699,2.0,5427982.0,樂天 (Lotte),0.8740872144699097,Q482841,History_and_Society.Business_and_economics,5427982.0,1161.5461856717238,5.0,2379.0
16700,2.0,5427982.0,樂天 (Lotte),0.23616819286346435,Q482841,Geography.Regions.Asia.East_Asia,5427982.0,1161.5461856717238,5.0,2379.0
16701,2.0,5427982.0,樂天 (Lotte),0.22388027811050412,Q482841,Geography.Regions.Asia.Asia*,5427982.0,1161.5461856717238,5.0,2379.0
16702,2.0,5427982.0,樂天 (Lotte),0.0,Q482841,Geography.Regions.Americas.North_America,5427982.0,1161.5461856717238,5.0,2379.0
16703,3.0,5428106.0,胡佩蓮,1.0000100135803225,Q28411607,Culture.Biography.Biography*,5428106.0,8655.07803680706,4.0,994.0
16704,3.0,5428106.0,胡佩蓮,0.8479777574539185,Q28411607,History_and_Society.Society,5428106.0,8655.07803680706,4.0,994.0
16705,3.0,5428106.0,胡佩蓮,0.4906942119598389,Q28411607,Geography.Regions.Asia.East_Asia,5428106.0,8655.07803680706,4.0,994.0
16706,3.0,5428106.0,胡佩蓮,0.4898843636512756,Q28411607,Geography.Regions.Asia.Asia*,5428106.0,8655.07803680706,4.0,994.0
16707,3.0,5428106.0,胡佩蓮,0.4455395638942719,Q28411607,Culture.Biography.Women,5428106.0,8655.07803680706,4.0,994.0
16708,2.0,5429527.0,刘雨霖,0.9935217499732972,Q28411739,Culture.Biography.Biography*,5429527.0,0.0,2.0,578.0
16709,2.0,5429527.0,刘雨霖,0.0,Q28411739,Geography.Regions.Asia.Asia*,5429527.0,0.0,2.0,578.0
16710,2.0,5429527.0,刘雨霖,0.0,Q28411739,Geography.Regions.Asia.East_Asia,5429527.0,0.0,2.0,578.0
16711,1.0,5432976.0,若瑟醫院,0.9967369437217712,Q28412042,Culture.Biography.Biography*,5432976.0,0.0,11.0,1992.0
16712,1.0,5432976.0,若瑟醫院,0.9942797422409058,Q28412042,History_and_Society.Society,5432976.0,0.0,11.0,1992.0
16713,1.0,5432976.0,若瑟醫院,0.9566442370414734,Q28412042,STEM.STEM*,5432976.0,0.0,11.0,1992.0
16714,1.0,5432976.0,若瑟醫院,0.9304682612419128,Q28412042,STEM.Medicine_&_Health,5432976.0,0.0,11.0,1992.0
16715,1.0,5432976.0,若瑟醫院,0.4627899398803711,Q28412042,Geography.Regions.Asia.East_Asia,5432976.0,0.0,11.0,1992.0
16716,1.0,5432976.0,若瑟醫院,0.4209318628311157,Q28412042,Geography.Regions.Asia.Asia*,5432976.0,0.0,11.0,1992.0
16717,1.0,5432976.0,若瑟醫院,0.1067005917429924,Q28412042,History_and_Society.Politics_and_government,5432976.0,0.0,11.0,1992.0
16718,1.0,5433407.0,鋼鐵麥斯,0.9935217499732972,Q17068577,Culture.Media.Films,5433407.0,0.0,12.0,1095.0
16719,1.0,5433407.0,鋼鐵麥斯,0.9890230894088744,Q17068577,Culture.Media.Media*,5433407.0,0.0,12.0,1095.0
16720,1.0,5433407.0,鋼鐵麥斯,0.1067005917429924,Q17068577,Culture.Media.Entertainment,5433407.0,0.0,12.0,1095.0
16721,1.0,5433407.0,鋼鐵麥斯,0.0,Q17068577,Geography.Regions.Americas.North_America,5433407.0,0.0,12.0,1095.0
16722,1.0,5435428.0,崔碧珈,0.9993003606796264,Q18621150,Culture.Biography.Biography*,5435428.0,0.0,12.0,2359.0
16723,1.0,5435428.0,崔碧珈,0.4225146472454071,Q18621150,Culture.Biography.Women,5435428.0,0.0,12.0,2359.0
16724,1.0,5435428.0,崔碧珈,0.0,Q18621150,Geography.Regions.Asia.Asia*,5435428.0,0.0,12.0,2359.0
16725,1.0,5435428.0,崔碧珈,0.0,Q18621150,Geography.Regions.Asia.East_Asia,5435428.0,0.0,12.0,2359.0
16726,13.0,5446826.0,侠盗联盟,0.9481645226478576,Q28412295,Culture.Media.Media*,5446826.0,7233.485013129993,12.0,1351.0
16727,13.0,5446826.0,侠盗联盟,0.9241518378257751,Q28412295,Culture.Media.Films,5446826.0,7233.485013129993,12.0,1351.0
16728,13.0,5446826.0,侠盗联盟,0.0,Q28412295,Geography.Regions.Asia.East_Asia,5446826.0,7233.485013129993,12.0,1351.0
16729,13.0,5446826.0,侠盗联盟,0.0,Q28412295,Geography.Regions.Asia.Asia*,5446826.0,7233.485013129993,12.0,1351.0
16730,13.0,5446826.0,侠盗联盟,0.0,Q28412295,Geography.Regions.Europe.Europe*,5446826.0,7233.485013129993,12.0,1351.0
16731,25.0,5447056.0,最終幻想XV系列角色列表,1.0,Q24971102,Compilation.List_Disambig,5447056.0,34743.429352242936,14.0,3516.0
16732,25.0,5447056.0,最終幻想XV系列角色列表,0.9808859825134276,Q24971102,Culture.Literature,5447056.0,34743.429352242936,14.0,3516.0
16733,25.0,5447056.0,最終幻想XV系列角色列表,0.59267657995224,Q24971102,Culture.Media.Media*,5447056.0,34743.429352242936,14.0,3516.0
16734,25.0,5447056.0,最終幻想XV系列角色列表,0.3775506913661957,Q24971102,Culture.Media.Television,5447056.0,34743.429352242936,14.0,3516.0
16735,25.0,5447056.0,最終幻想XV系列角色列表,0.3629792034626007,Q24971102,Culture.Visual_arts.Comics_and_Anime,5447056.0,34743.429352242936,14.0,3516.0
16736,25.0,5447056.0,最終幻想XV系列角色列表,0.3557848632335663,Q24971102,Culture.Visual_arts.Visual_arts*,5447056.0,34743.429352242936,14.0,3516.0
16737,25.0,5447056.0,最終幻想XV系列角色列表,0.20182321965694427,Q24971102,Culture.Media.Entertainment,5447056.0,34743.429352242936,14.0,3516.0
16738,16.0,5447507.0,第六屆香港立法會,0.4722507467269898,Q26807788,Geography.Regions.Asia.East_Asia,5447507.0,7597.099031750318,3.0,2020.0
16739,16.0,5447507.0,第六屆香港立法會,0.4543291201591492,Q26807788,Geography.Regions.Asia.Asia*,5447507.0,7597.099031750318,3.0,2020.0
16740,16.0,5447507.0,第六屆香港立法會,0.3557848632335663,Q26807788,History_and_Society.Politics_and_government,5447507.0,7597.099031750318,3.0,2020.0
16741,2.0,5452313.0,AirPods,0.998599648475647,Q26936286,STEM.STEM*,5452313.0,31480.0,17.0,2718.0
16742,2.0,5452313.0,AirPods,0.9949496984481812,Q26936286,STEM.Technology,5452313.0,31480.0,17.0,2718.0
16743,2.0,5452313.0,AirPods,0.9899964332580566,Q26936286,Culture.Media.Software,5452313.0,31480.0,17.0,2718.0
16744,2.0,5452313.0,AirPods,0.9890230894088744,Q26936286,Culture.Media.Media*,5452313.0,31480.0,17.0,2718.0
16745,2.0,5452313.0,AirPods,0.4301573634147644,Q26936286,STEM.Computing,5452313.0,31480.0,17.0,2718.0
16746,2.0,5452313.0,AirPods,0.14034625887870789,Q26936286,Culture.Internet_culture,5452313.0,31480.0,17.0,2718.0
16747,6.0,5453681.0,李虎錫,0.9883227348327636,Q28549863,Culture.Biography.Biography*,5453681.0,2668.7408813482584,0.0,2954.0
16748,6.0,5453681.0,李虎錫,0.7122421860694885,Q28549863,Culture.Media.Music,5453681.0,2668.7408813482584,0.0,2954.0
16749,6.0,5453681.0,李虎錫,0.546748161315918,Q28549863,Culture.Media.Media*,5453681.0,2668.7408813482584,0.0,2954.0
16750,6.0,5453681.0,李虎錫,0.06886266374588013,Q28549863,Geography.Regions.Asia.East_Asia,5453681.0,2668.7408813482584,0.0,2954.0
16751,6.0,5453681.0,李虎錫,0.053480433464050285,Q28549863,Geography.Regions.Asia.Asia*,5453681.0,2668.7408813482584,0.0,2954.0
16752,6.0,5454476.0,Apple A10 Fusion,0.9991804361343384,Q25385678,STEM.STEM*,5454476.0,0.0,17.0,1690.0
16753,6.0,5454476.0,Apple A10 Fusion,0.9985088109970092,Q25385678,STEM.Computing,5454476.0,0.0,17.0,1690.0
16754,6.0,5454476.0,Apple A10 Fusion,0.8634016513824463,Q25385678,STEM.Technology,5454476.0,0.0,17.0,1690.0
16755,6.0,5454476.0,Apple A10 Fusion,0.6224693655967712,Q25385678,Culture.Media.Software,5454476.0,0.0,17.0,1690.0
16756,6.0,5454476.0,Apple A10 Fusion,0.3629792034626007,Q25385678,Culture.Media.Media*,5454476.0,0.0,17.0,1690.0
16757,25.0,5460409.0,蒂法·洛克哈特,0.9986429810523988,Q1199059,Culture.Media.Video_games,5460409.0,36.28924384444928,14.0,40878.0
16758,25.0,5460409.0,蒂法·洛克哈特,0.9985088109970092,Q1199059,Culture.Internet_culture,5460409.0,36.28924384444928,14.0,40878.0
16759,25.0,5460409.0,蒂法·洛克哈特,0.9688661694526672,Q1199059,Culture.Media.Media*,5460409.0,36.28924384444928,14.0,40878.0
16760,25.0,5460409.0,蒂法·洛克哈特,0.9591643214225768,Q1199059,Culture.Literature,5460409.0,36.28924384444928,14.0,40878.0
16761,25.0,5460409.0,蒂法·洛克哈特,0.16886694729328156,Q1199059,Culture.Biography.Biography*,5460409.0,36.28924384444928,14.0,40878.0
16762,25.0,5460410.0,巴雷特·華萊士,1.0000100135803225,Q3493144,Culture.Internet_culture,5460410.0,36.28924384444928,14.0,6122.0
16763,25.0,5460410.0,巴雷特·華萊士,1.0000100135803225,Q3493144,Culture.Media.Video_games,5460410.0,36.28924384444928,14.0,6122.0
16764,25.0,5460410.0,巴雷特·華萊士,0.9991804361343384,Q3493144,Culture.Media.Media*,5460410.0,36.28924384444928,14.0,6122.0
16765,25.0,5460410.0,巴雷特·華萊士,0.9916942119598388,Q3493144,Culture.Literature,5460410.0,36.28924384444928,14.0,6122.0
16766,7.0,5461414.0,校閱女孩,0.9790457487106324,Q26883702,Culture.Media.Television,5461414.0,15630.760204275328,13.0,2723.0
16767,7.0,5461414.0,校閱女孩,0.9284188151359558,Q26883702,Culture.Media.Media*,5461414.0,15630.760204275328,13.0,2723.0
16768,7.0,5461414.0,校閱女孩,0.4139109721183777,Q26883702,Geography.Regions.Asia.East_Asia,5461414.0,15630.760204275328,13.0,2723.0
16769,7.0,5461414.0,校閱女孩,0.3301530351638794,Q26883702,Geography.Regions.Asia.Asia*,5461414.0,15630.760204275328,13.0,2723.0
16770,6.0,5463746.0,马男波杰克,0.9648651480674744,Q17733404,Culture.Media.Media*,5463746.0,15985.50748599781,6.0,2824.0
16771,6.0,5463746.0,马男波杰克,0.9124462008476256,Q17733404,Culture.Media.Television,5463746.0,15985.50748599781,6.0,2824.0
16772,6.0,5463746.0,马男波杰克,0.3775506913661957,Q17733404,Culture.Media.Entertainment,5463746.0,15985.50748599781,6.0,2824.0
16773,6.0,5463746.0,马男波杰克,0.014629947185516357,Q17733404,Geography.Regions.Americas.North_America,5463746.0,15985.50748599781,6.0,2824.0
16774,2.0,5467975.0,Pen-Pineapple-Apple-Pen,0.993317186832428,Q27037419,Culture.Media.Media*,5467975.0,0.0,8.0,1702.0
16775,2.0,5467975.0,Pen-Pineapple-Apple-Pen,0.9591643214225768,Q27037419,Culture.Media.Music,5467975.0,0.0,8.0,1702.0
16776,2.0,5467975.0,Pen-Pineapple-Apple-Pen,0.0,Q27037419,Geography.Regions.Asia.Asia*,5467975.0,0.0,8.0,1702.0
16777,2.0,5467975.0,Pen-Pineapple-Apple-Pen,0.0,Q27037419,Geography.Regions.Asia.East_Asia,5467975.0,0.0,8.0,1702.0
16778,2.0,5468371.0,一路順風,0.9964163899421692,Q27901264,History_and_Society.Society,5468371.0,3118.883032480534,12.0,2374.0
16779,2.0,5468371.0,一路順風,0.9942797422409058,Q27901264,Culture.Biography.Biography*,5468371.0,3118.883032480534,12.0,2374.0
16780,2.0,5468371.0,一路順風,0.974052667617798,Q27901264,Culture.Media.Films,5468371.0,3118.883032480534,12.0,2374.0
16781,2.0,5468371.0,一路順風,0.9706977605819702,Q27901264,Culture.Media.Media*,5468371.0,3118.883032480534,12.0,2374.0
16782,2.0,5468371.0,一路順風,0.4929124584197998,Q27901264,Geography.Regions.Asia.East_Asia,5468371.0,3118.883032480534,12.0,2374.0
16783,2.0,5468371.0,一路順風,0.4873227348327637,Q27901264,Geography.Regions.Asia.Asia*,5468371.0,3118.883032480534,12.0,2374.0
16784,2.0,5470343.0,岑樂怡,0.9980832934379578,Q23829668,Culture.Biography.Biography*,5470343.0,1084.4176365237536,12.0,2033.0
16785,2.0,5470343.0,岑樂怡,0.13297423720359802,Q23829668,Culture.Media.Television,5470343.0,1084.4176365237536,12.0,2033.0
16786,2.0,5470343.0,岑樂怡,0.0,Q23829668,Geography.Regions.Asia.Asia*,5470343.0,1084.4176365237536,12.0,2033.0
16787,2.0,5470343.0,岑樂怡,0.0,Q23829668,Geography.Regions.Asia.East_Asia,5470343.0,1084.4176365237536,12.0,2033.0
16788,2.0,5474260.0,曹德旺,0.9949496984481812,Q28413863,Culture.Biography.Biography*,5474260.0,0.0,2.0,1999.0
16789,2.0,5474260.0,曹德旺,0.3923468291759491,Q28413863,History_and_Society.Business_and_economics,5474260.0,0.0,2.0,1999.0
16790,2.0,5474260.0,曹德旺,0.32119916582107544,Q28413863,Geography.Regions.Asia.Asia*,5474260.0,0.0,2.0,1999.0
16791,2.0,5474260.0,曹德旺,0.32119916582107544,Q28413863,Geography.Regions.Asia.East_Asia,5474260.0,0.0,2.0,1999.0
16792,1.0,5475011.0,高尾奏音,0.9947898983955384,Q22124852,Culture.Biography.Biography*,5475011.0,0.0,13.0,1195.0
16793,1.0,5475011.0,高尾奏音,0.9615437984466552,Q22124852,Culture.Literature,5475011.0,0.0,13.0,1195.0
16794,1.0,5475011.0,高尾奏音,0.9579222798347472,Q22124852,Culture.Visual_arts.Comics_and_Anime,5475011.0,0.0,13.0,1195.0
16795,1.0,5475011.0,高尾奏音,0.94500470161438,Q22124852,Culture.Visual_arts.Visual_arts*,5475011.0,0.0,13.0,1195.0
16796,1.0,5475011.0,高尾奏音,0.2869412174224853,Q22124852,Geography.Regions.Asia.East_Asia,5475011.0,0.0,13.0,1195.0
16797,1.0,5475011.0,高尾奏音,0.2816725244522095,Q22124852,Geography.Regions.Asia.Asia*,5475011.0,0.0,13.0,1195.0
16798,1.0,5475011.0,高尾奏音,0.1968362182378769,Q22124852,Culture.Media.Music,5475011.0,0.0,13.0,1195.0
16799,1.0,5475011.0,高尾奏音,0.1294127255678177,Q22124852,Culture.Media.Media*,5475011.0,0.0,13.0,1195.0
16800,1.0,5475011.0,高尾奏音,0.11280541121959685,Q22124852,Culture.Biography.Women,5475011.0,0.0,13.0,1195.0
16801,3.0,5478689.0,林玉紫,1.0000100135803225,Q28414095,Culture.Biography.Biography*,5478689.0,4693.833622951348,4.0,3717.0
16802,3.0,5478689.0,林玉紫,0.9958112239837646,Q28414095,History_and_Society.Society,5478689.0,4693.833622951348,4.0,3717.0
16803,3.0,5478689.0,林玉紫,0.7057950496673584,Q28414095,Culture.Biography.Women,5478689.0,4693.833622951348,4.0,3717.0
16804,3.0,5478689.0,林玉紫,0.4880230894088745,Q28414095,Geography.Regions.Asia.East_Asia,5478689.0,4693.833622951348,4.0,3717.0
16805,3.0,5478689.0,林玉紫,0.4826069941520691,Q28414095,Geography.Regions.Asia.Asia*,5478689.0,4693.833622951348,4.0,3717.0
16806,3.0,5478689.0,林玉紫,0.14415885508060455,Q28414095,Culture.Media.Media*,5478689.0,4693.833622951348,4.0,3717.0
16807,3.0,5478689.0,林玉紫,0.13297423720359802,Q28414095,Culture.Media.Music,5478689.0,4693.833622951348,4.0,3717.0
16808,2.0,5479105.0,Luck Key,0.9981998205184937,Q24856052,Culture.Media.Media*,5479105.0,801.9013259429919,0.0,3299.0
16809,2.0,5479105.0,Luck Key,0.99753737449646,Q24856052,Culture.Media.Films,5479105.0,801.9013259429919,0.0,3299.0
16810,2.0,5479105.0,Luck Key,0.4985221495628357,Q24856052,Geography.Regions.Asia.East_Asia,5479105.0,801.9013259429919,0.0,3299.0
16811,2.0,5479105.0,Luck Key,0.4983003606796265,Q24856052,Geography.Regions.Asia.Asia*,5479105.0,801.9013259429919,0.0,3299.0
16812,10.0,5487297.0,臉紅的思春期,0.9073222279548644,Q26960605,Culture.Biography.Biography*,5487297.0,10279.019461548396,0.0,28381.0
16813,10.0,5487297.0,臉紅的思春期,0.8221991658210754,Q26960605,Culture.Media.Music,5487297.0,10279.019461548396,0.0,28381.0
16814,10.0,5487297.0,臉紅的思春期,0.7663036584854126,Q26960605,Culture.Media.Media*,5487297.0,10279.019461548396,0.0,28381.0
16815,10.0,5487297.0,臉紅的思春期,0.4163126816749573,Q26960605,Geography.Regions.Asia.East_Asia,5487297.0,10279.019461548396,0.0,28381.0
16816,10.0,5487297.0,臉紅的思春期,0.3624016513824463,Q26960605,Geography.Regions.Asia.Asia*,5487297.0,10279.019461548396,0.0,28381.0
16817,10.0,5487297.0,臉紅的思春期,0.16886694729328156,Q26960605,Culture.Biography.Women,5487297.0,10279.019461548396,0.0,28381.0
16818,1.0,5489396.0,黎瑞剛,0.9481645226478576,Q27510642,Culture.Biography.Biography*,5489396.0,0.0,12.0,1558.0
16819,1.0,5489396.0,黎瑞剛,0.3165845146179199,Q27510642,Geography.Regions.Asia.Asia*,5489396.0,0.0,12.0,1558.0
16820,1.0,5489396.0,黎瑞剛,0.24809722805023196,Q27510642,Geography.Regions.Asia.East_Asia,5489396.0,0.0,12.0,1558.0
16821,12.0,5496169.0,富邦悍將,1.0000100135803225,Q27804812,Culture.Biography.Biography*,5496169.0,1699.1831120499307,4.0,3038.0
16822,12.0,5496169.0,富邦悍將,1.0000100135803225,Q27804812,History_and_Society.Society,5496169.0,1699.1831120499307,4.0,3038.0
16823,12.0,5496169.0,富邦悍將,0.8991314172744751,Q27804812,Culture.Sports,5496169.0,1699.1831120499307,4.0,3038.0
16824,12.0,5496169.0,富邦悍將,0.4990100135803223,Q27804812,Geography.Regions.Asia.East_Asia,5496169.0,1699.1831120499307,4.0,3038.0
16825,12.0,5496169.0,富邦悍將,0.4963783493041992,Q27804812,Geography.Regions.Asia.Asia*,5496169.0,1699.1831120499307,4.0,3038.0
16826,1.0,5496664.0,異星智慧,0.9990989565849304,Q26465665,Culture.Media.Films,5496664.0,0.0,12.0,4474.0
16827,1.0,5496664.0,異星智慧,0.9963027834892272,Q26465665,Culture.Media.Media*,5496664.0,0.0,12.0,4474.0
16828,1.0,5496664.0,異星智慧,0.2120788097381592,Q26465665,Culture.Media.Entertainment,5496664.0,0.0,12.0,4474.0
16829,1.0,5496664.0,異星智慧,0.18495945835113525,Q26465665,Geography.Regions.Americas.North_America,5496664.0,0.0,12.0,4474.0
16830,7.0,5499826.0,靈醫會,0.8903042674064636,Q915029,Culture.Philosophy_and_religion,5499826.0,5248.500000000182,11.0,5110.0
16831,7.0,5499826.0,靈醫會,0.24509501457214355,Q915029,Culture.Biography.Biography*,5499826.0,5248.500000000182,11.0,5110.0
16832,7.0,5499826.0,靈醫會,0.014629947185516357,Q915029,Geography.Regions.Asia.Asia*,5499826.0,5248.500000000182,11.0,5110.0
16833,7.0,5499826.0,靈醫會,0.0,Q915029,Geography.Regions.Asia.Southeast_Asia,5499826.0,5248.500000000182,11.0,5110.0
16834,7.0,5499826.0,靈醫會,0.0,Q915029,Geography.Regions.Europe.Europe*,5499826.0,5248.500000000182,11.0,5110.0
16835,7.0,5502082.0,中国电信,0.4843900501728058,Q1073540,History_and_Society.Business_and_economics,5502082.0,22266.74905576896,10.0,2043.0
16836,7.0,5502082.0,中国电信,0.4765896201133728,Q1073540,STEM.STEM*,5502082.0,22266.74905576896,10.0,2043.0
16837,7.0,5502082.0,中国电信,0.4688006341457367,Q1073540,STEM.Technology,5502082.0,22266.74905576896,10.0,2043.0
16838,7.0,5502082.0,中国电信,0.41865252161026,Q1073540,Geography.Regions.Asia.East_Asia,5502082.0,22266.74905576896,10.0,2043.0
16839,7.0,5502082.0,中国电信,0.37980710172653204,Q1073540,Geography.Regions.Asia.Asia*,5502082.0,22266.74905576896,10.0,2043.0
16840,1.0,5509134.0,贺锦丽,1.0000100135803225,Q10853588,Culture.Biography.Biography*,5509134.0,0.0,5.0,1679.0
16841,1.0,5509134.0,贺锦丽,0.9983615279197692,Q10853588,History_and_Society.Politics_and_government,5509134.0,0.0,5.0,1679.0
16842,1.0,5509134.0,贺锦丽,0.7826725244522095,Q10853588,Culture.Biography.Women,5509134.0,0.0,5.0,1679.0
16843,1.0,5509134.0,贺锦丽,0.4843900501728058,Q10853588,History_and_Society.Society,5509134.0,0.0,5.0,1679.0
16844,1.0,5509134.0,贺锦丽,0.4581643214225769,Q10853588,Geography.Regions.Americas.North_America,5509134.0,0.0,5.0,1679.0
16845,1.0,5509134.0,贺锦丽,0.13297423720359802,Q10853588,History_and_Society.Education,5509134.0,0.0,5.0,1679.0
16846,1.0,5509134.0,贺锦丽,0.11921291798353195,Q10853588,History_and_Society.History,5509134.0,0.0,5.0,1679.0
16847,2.0,5509656.0,秦偉連續性侵案,1.0000100135803225,Q28415615,Culture.Biography.Biography*,5509656.0,0.0,4.0,2065.0
16848,2.0,5509656.0,秦偉連續性侵案,1.0000100135803225,Q28415615,History_and_Society.Society,5509656.0,0.0,4.0,2065.0
16849,2.0,5509656.0,秦偉連續性侵案,0.4978764524459839,Q28415615,Geography.Regions.Asia.East_Asia,5509656.0,0.0,4.0,2065.0
16850,2.0,5509656.0,秦偉連續性侵案,0.4966868629455566,Q28415615,Geography.Regions.Asia.Asia*,5509656.0,0.0,4.0,2065.0
16851,2.0,5509656.0,秦偉連續性侵案,0.3923468291759491,Q28415615,History_and_Society.Politics_and_government,5509656.0,0.0,4.0,2065.0
16852,2.0,5509656.0,秦偉連續性侵案,0.20182321965694427,Q28415615,Culture.Biography.Women,5509656.0,0.0,4.0,2065.0
16853,1.0,5511619.0,長江存儲,0.2942249774932861,Q28415694,STEM.STEM*,5511619.0,0.0,10.0,1298.0
16854,1.0,5511619.0,長江存儲,0.0,Q28415694,Geography.Regions.Asia.Asia*,5511619.0,0.0,10.0,1298.0
16855,1.0,5511619.0,長江存儲,0.0,Q28415694,Geography.Regions.Americas.North_America,5511619.0,0.0,10.0,1298.0
16856,1.0,5511619.0,長江存儲,0.0,Q28415694,Geography.Regions.Europe.Europe*,5511619.0,0.0,10.0,1298.0
16857,2.0,5517640.0,海邊的曼徹斯特,0.9841036200523376,Q19864603,Culture.Media.Films,5517640.0,9372.273557190887,6.0,2642.0
16858,2.0,5517640.0,海邊的曼徹斯特,0.9615437984466552,Q19864603,Culture.Media.Media*,5517640.0,9372.273557190887,6.0,2642.0
16859,2.0,5517640.0,海邊的曼徹斯特,0.3509628047943115,Q19864603,Geography.Regions.Americas.North_America,5517640.0,9372.273557190887,6.0,2642.0
16860,2.0,5517640.0,海邊的曼徹斯特,0.0,Q19864603,Geography.Regions.Europe.Europe*,5517640.0,9372.273557190887,6.0,2642.0
16861,2.0,5517640.0,海邊的曼徹斯特,0.0,Q19864603,Geography.Regions.Europe.Northern_Europe,5517640.0,9372.273557190887,6.0,2642.0
16862,6.0,5523234.0,四重奏 (日本電視劇),0.9496793746948242,Q27970750,Culture.Media.Media*,5523234.0,2317.317408783116,13.0,2464.0
16863,6.0,5523234.0,四重奏 (日本電視劇),0.7826725244522095,Q27970750,Culture.Media.Television,5523234.0,2317.317408783116,13.0,2464.0
16864,6.0,5523234.0,四重奏 (日本電視劇),0.4294682612419128,Q27970750,Geography.Regions.Asia.Asia*,5523234.0,2317.317408783116,13.0,2464.0
16865,6.0,5523234.0,四重奏 (日本電視劇),0.4089169969558716,Q27970750,Geography.Regions.Asia.East_Asia,5523234.0,2317.317408783116,13.0,2464.0
16866,6.0,5523234.0,四重奏 (日本電視劇),0.16886694729328156,Q27970750,Culture.Media.Films,5523234.0,2317.317408783116,13.0,2464.0
16867,3.0,5525228.0,KARD,0.8670457601547241,Q27989963,Culture.Media.Media*,5525228.0,0.0,0.0,2704.0
16868,3.0,5525228.0,KARD,0.8596737384796143,Q27989963,Culture.Media.Music,5525228.0,0.0,0.0,2704.0
16869,3.0,5525228.0,KARD,0.7371681928634644,Q27989963,Culture.Biography.Biography*,5525228.0,0.0,0.0,2704.0
16870,3.0,5525228.0,KARD,0.4515841474533081,Q27989963,Geography.Regions.Asia.East_Asia,5525228.0,0.0,0.0,2704.0
16871,3.0,5525228.0,KARD,0.43892334604263306,Q27989963,Geography.Regions.Asia.Asia*,5525228.0,0.0,0.0,2704.0
16872,3.0,5525228.0,KARD,0.16027602553367615,Q27989963,Culture.Biography.Women,5525228.0,0.0,0.0,2704.0
16873,8.0,5527474.0,King Kong by STARSHIP娛樂,0.9173126816749572,Q12620832,Culture.Media.Media*,5527474.0,4952.384243013169,0.0,1183.0
16874,8.0,5527474.0,King Kong by STARSHIP娛樂,0.8670457601547241,Q12620832,History_and_Society.Business_and_economics,5527474.0,4952.384243013169,0.0,1183.0
16875,8.0,5527474.0,King Kong by STARSHIP娛樂,0.5544804334640503,Q12620832,Culture.Media.Television,5527474.0,4952.384243013169,0.0,1183.0
16876,8.0,5527474.0,King Kong by STARSHIP娛樂,0.4804634323120117,Q12620832,Geography.Regions.Asia.Asia*,5527474.0,4952.384243013169,0.0,1183.0
16877,8.0,5527474.0,King Kong by STARSHIP娛樂,0.4760326614379883,Q12620832,Geography.Regions.Asia.East_Asia,5527474.0,4952.384243013169,0.0,1183.0
16878,8.0,5527474.0,King Kong by STARSHIP娛樂,0.4378334879875183,Q12620832,Culture.Media.Music,5527474.0,4952.384243013169,0.0,1183.0
16879,8.0,5527474.0,King Kong by STARSHIP娛樂,0.2942249774932861,Q12620832,Culture.Media.Films,5527474.0,4952.384243013169,0.0,1183.0
16880,5.0,5528151.0,科洛弗悖論,0.997120440006256,Q25136560,Culture.Media.Media*,5528151.0,4653.434092009585,6.0,1708.0
16881,5.0,5528151.0,科洛弗悖論,0.9958112239837646,Q25136560,Culture.Media.Films,5528151.0,4653.434092009585,6.0,1708.0
16882,5.0,5528151.0,科洛弗悖論,0.11280541121959685,Q25136560,Culture.Media.Entertainment,5528151.0,4653.434092009585,6.0,1708.0
16883,5.0,5528151.0,科洛弗悖論,0.0,Q25136560,Geography.Regions.Americas.North_America,5528151.0,4653.434092009585,6.0,1708.0
16884,1.0,5528582.0,王宇君,0.9399233460426332,Q28416417,Culture.Biography.Biography*,5528582.0,0.0,3.0,2564.0
16885,1.0,5528582.0,王宇君,0.3007555902004242,Q28416417,Culture.Sports,5528582.0,0.0,3.0,2564.0
16886,1.0,5528582.0,王宇君,0.16886694729328156,Q28416417,History_and_Society.Politics_and_government,5528582.0,0.0,3.0,2564.0
16887,1.0,5528582.0,王宇君,0.0,Q28416417,Geography.Regions.Americas.North_America,5528582.0,0.0,3.0,2564.0
16888,1.0,5528582.0,王宇君,0.0,Q28416417,Geography.Regions.Oceania,5528582.0,0.0,3.0,2564.0
16889,1.0,5528582.0,王宇君,0.0,Q28416417,Geography.Regions.Europe.Europe*,5528582.0,0.0,3.0,2564.0
16890,2.0,5528986.0,中信建投证券,0.7057950496673584,Q27833474,History_and_Society.Business_and_economics,5528986.0,1275.1941591001214,10.0,868.0
16891,2.0,5528986.0,中信建投证券,0.4810237755775452,Q27833474,Geography.Regions.Asia.East_Asia,5528986.0,1275.1941591001214,10.0,868.0
16892,2.0,5528986.0,中信建投证券,0.4627899398803711,Q27833474,Geography.Regions.Asia.Asia*,5528986.0,1275.1941591001214,10.0,868.0
16893,2.0,5528986.0,中信建投证券,0.16027602553367615,Q27833474,STEM.Technology,5528986.0,1275.1941591001214,10.0,868.0
16894,2.0,5528986.0,中信建投证券,0.14034625887870789,Q27833474,STEM.STEM*,5528986.0,1275.1941591001214,10.0,868.0
16895,2.0,5528986.0,中信建投证券,0.1097157895565033,Q27833474,Culture.Food_and_drink,5528986.0,1275.1941591001214,10.0,868.0
16896,1.0,5533323.0,尹立,1.0000100135803225,Q28416658,Culture.Biography.Biography*,5533323.0,0.0,2.0,1827.0
16897,1.0,5533323.0,尹立,0.7879412174224854,Q28416658,History_and_Society.Society,5533323.0,0.0,2.0,1827.0
16898,1.0,5533323.0,尹立,0.3469777574539185,Q28416658,Geography.Regions.Asia.Asia*,5533323.0,0.0,2.0,1827.0
16899,1.0,5533323.0,尹立,0.24217800998687744,Q28416658,Geography.Regions.Asia.East_Asia,5533323.0,0.0,2.0,1827.0
16900,9.0,5534840.0,2017年大韓民國總統選舉,0.9770326614379884,Q5518652,History_and_Society.Politics_and_government,5534840.0,54722.59367056282,0.0,1244.0
16901,9.0,5534840.0,2017年大韓民國總統選舉,0.4975549449920654,Q5518652,Geography.Regions.Asia.East_Asia,5534840.0,54722.59367056282,0.0,1244.0
16902,9.0,5534840.0,2017年大韓民國總統選舉,0.4925217499732971,Q5518652,Geography.Regions.Asia.Asia*,5534840.0,54722.59367056282,0.0,1244.0
16903,1.0,5534918.0,喵星人 (電影),0.9796776771545409,Q28416742,Culture.Media.Media*,5534918.0,0.0,12.0,1189.0
16904,1.0,5534918.0,喵星人 (電影),0.9481645226478576,Q28416742,Culture.Media.Films,5534918.0,0.0,12.0,1189.0
16905,1.0,5534918.0,喵星人 (電影),0.7773098945617676,Q28416742,Culture.Media.Entertainment,5534918.0,0.0,12.0,1189.0
16906,1.0,5534918.0,喵星人 (電影),0.4089169969558716,Q28416742,Geography.Regions.Asia.East_Asia,5534918.0,0.0,12.0,1189.0
16907,1.0,5534918.0,喵星人 (電影),0.37980710172653204,Q28416742,Geography.Regions.Asia.Asia*,5534918.0,0.0,12.0,1189.0
16908,4.0,5536306.0,美選D.n.A,0.8519628047943115,Q26223030,Culture.Media.Television,5536306.0,604.034828239989,12.0,2018.0
16909,4.0,5536306.0,美選D.n.A,0.7773098945617676,Q26223030,Culture.Media.Media*,5536306.0,604.034828239989,12.0,2018.0
16910,4.0,5536306.0,美選D.n.A,0.0,Q26223030,Geography.Regions.Asia.Asia*,5536306.0,604.034828239989,12.0,2018.0
16911,5.0,5538157.0,赵立新,0.9875783920288086,Q28416892,Culture.Biography.Biography*,5538157.0,10824.10256061838,12.0,2405.0
16912,5.0,5538157.0,赵立新,0.0,Q28416892,Geography.Regions.Asia.East_Asia,5538157.0,10824.10256061838,12.0,2405.0
16913,5.0,5538157.0,赵立新,0.0,Q28416892,Geography.Regions.Asia.Asia*,5538157.0,10824.10256061838,12.0,2405.0
16914,2.0,5538467.0,法政大學大屠殺,0.9973783493041992,Q1907348,History_and_Society.Society,5538467.0,0.0,1.0,6188.0
16915,2.0,5538467.0,法政大學大屠殺,0.4916641583442688,Q1907348,Geography.Regions.Asia.Asia*,5538467.0,0.0,1.0,6188.0
16916,2.0,5538467.0,法政大學大屠殺,0.4861888160705566,Q1907348,Geography.Regions.Asia.Southeast_Asia,5538467.0,0.0,1.0,6188.0
16917,2.0,5538467.0,法政大學大屠殺,0.33459946513175964,Q1907348,History_and_Society.Politics_and_government,5538467.0,0.0,1.0,6188.0
16918,2.0,5538467.0,法政大學大屠殺,0.2568419873714447,Q1907348,History_and_Society.Military_and_warfare,5538467.0,0.0,1.0,6188.0
16919,2.0,5538467.0,法政大學大屠殺,0.11921291798353195,Q1907348,Culture.Biography.Biography*,5538467.0,0.0,1.0,6188.0
16920,2.0,5538467.0,法政大學大屠殺,0.11280541121959685,Q1907348,History_and_Society.History,5538467.0,0.0,1.0,6188.0
16921,4.0,5539129.0,春嬌救志明,0.992888569831848,Q28045442,Culture.Media.Films,5539129.0,10098.397500046682,12.0,1589.0
16922,4.0,5539129.0,春嬌救志明,0.991162657737732,Q28045442,Culture.Media.Media*,5539129.0,10098.397500046682,12.0,1589.0
16923,4.0,5539129.0,春嬌救志明,0.4605437984466553,Q28045442,Geography.Regions.Asia.East_Asia,5539129.0,10098.397500046682,12.0,1589.0
16924,4.0,5539129.0,春嬌救志明,0.4440047016143799,Q28045442,Geography.Regions.Asia.Asia*,5539129.0,10098.397500046682,12.0,1589.0
16925,26.0,5539439.0,西游伏妖篇,0.9995221495628356,Q21450514,Culture.Media.Films,5539439.0,29360.961921404603,12.0,2852.0
16926,26.0,5539439.0,西游伏妖篇,0.9983093142509459,Q21450514,Culture.Media.Media*,5539439.0,29360.961921404603,12.0,2852.0
16927,26.0,5539439.0,西游伏妖篇,0.4659240117073059,Q21450514,Geography.Regions.Asia.East_Asia,5539439.0,29360.961921404603,12.0,2852.0
16928,26.0,5539439.0,西游伏妖篇,0.37980710172653204,Q21450514,Geography.Regions.Asia.Asia*,5539439.0,29360.961921404603,12.0,2852.0
16929,26.0,5539439.0,西游伏妖篇,0.33459946513175964,Q21450514,Culture.Media.Entertainment,5539439.0,29360.961921404603,12.0,2852.0
16930,4.0,5542209.0,張茂則,0.7490972280502319,Q28417131,Culture.Biography.Biography*,5542209.0,3996.48402843336,15.0,2112.0
16931,4.0,5542209.0,張茂則,0.4946784844398498,Q28417131,Geography.Regions.Asia.East_Asia,5542209.0,3996.48402843336,15.0,2112.0
16932,4.0,5542209.0,張茂則,0.4767238368988037,Q28417131,Geography.Regions.Asia.Asia*,5542209.0,3996.48402843336,15.0,2112.0
16933,4.0,5542209.0,張茂則,0.4301573634147644,Q28417131,History_and_Society.History,5542209.0,3996.48402843336,15.0,2112.0
16934,9.0,5545958.0,洪孟楷,1.0000100135803225,Q28417359,Culture.Biography.Biography*,5545958.0,2589.264006495155,2.0,2200.0
16935,9.0,5545958.0,洪孟楷,0.991162657737732,Q28417359,History_and_Society.Society,5545958.0,2589.264006495155,2.0,2200.0
16936,9.0,5545958.0,洪孟楷,0.4820951094627381,Q28417359,Geography.Regions.Asia.East_Asia,5545958.0,2589.264006495155,2.0,2200.0
16937,9.0,5545958.0,洪孟楷,0.4581643214225769,Q28417359,Geography.Regions.Asia.Asia*,5545958.0,2589.264006495155,2.0,2200.0
16938,17.0,5546560.0,小淘氣,1.0000100135803225,Q838097,Culture.Literature,5546560.0,624.1899788364335,6.0,2135.0
16939,17.0,5546560.0,小淘氣,0.6150978803634644,Q838097,Culture.Visual_arts.Visual_arts*,5546560.0,624.1899788364335,6.0,2135.0
16940,17.0,5546560.0,小淘氣,0.4765896201133728,Q838097,Culture.Visual_arts.Comics_and_Anime,5546560.0,624.1899788364335,6.0,2135.0
16941,6.0,5548702.0,辣警霸王花,0.990301549434662,Q19766033,Culture.Media.Films,5548702.0,78.0122579577424,12.0,1506.0
16942,6.0,5548702.0,辣警霸王花,0.9899964332580566,Q19766033,Culture.Media.Media*,5548702.0,78.0122579577424,12.0,1506.0
16943,6.0,5548702.0,辣警霸王花,0.4898843636512756,Q19766033,Geography.Regions.Asia.East_Asia,5548702.0,78.0122579577424,12.0,1506.0
16944,6.0,5548702.0,辣警霸王花,0.4826069941520691,Q19766033,Geography.Regions.Asia.Asia*,5548702.0,78.0122579577424,12.0,1506.0
16945,1.0,5551014.0,No Russian,1.0000100135803225,Q16732733,Culture.Internet_culture,5551014.0,0.0,6.0,1510.0
16946,1.0,5551014.0,No Russian,1.0000100135803225,Q16732733,Culture.Media.Video_games,5551014.0,0.0,6.0,1510.0
16947,1.0,5551014.0,No Russian,0.99593985080719,Q16732733,Culture.Media.Media*,5551014.0,0.0,6.0,1510.0
16948,4.0,5552901.0,舞動青春 (漫畫),1.0000100135803225,Q11338975,Culture.Visual_arts.Visual_arts*,5552901.0,20526.236506939644,13.0,2145.0
16949,4.0,5552901.0,舞動青春 (漫畫),1.0000100135803225,Q11338975,Culture.Literature,5552901.0,20526.236506939644,13.0,2145.0
16950,4.0,5552901.0,舞動青春 (漫畫),1.0000100135803225,Q11338975,Culture.Visual_arts.Comics_and_Anime,5552901.0,20526.236506939644,13.0,2145.0
16951,2.0,5557465.0,全国交通一卡通互联互通,0.4990100135803223,Q28418138,Geography.Regions.Asia.East_Asia,5557465.0,3807.245359146876,3.0,2223.0
16952,2.0,5557465.0,全国交通一卡通互联互通,0.49675815010070795,Q28418138,Geography.Regions.Asia.Asia*,5557465.0,3807.245359146876,3.0,2223.0
16953,6.0,5558006.0,勿謂言之不預也,0.4918885698318482,Q28418170,Geography.Regions.Asia.East_Asia,5558006.0,4131.09901564234,1.0,121237.0
16954,6.0,5558006.0,勿謂言之不預也,0.4440047016143799,Q28418170,Geography.Regions.Asia.Asia*,5558006.0,4131.09901564234,1.0,121237.0
16955,6.0,5558006.0,勿謂言之不預也,0.13661839067935946,Q28418170,STEM.STEM*,5558006.0,4131.09901564234,1.0,121237.0
16956,6.0,5558006.0,勿謂言之不預也,0.12253321707248688,Q28418170,Culture.Philosophy_and_religion,5558006.0,4131.09901564234,1.0,121237.0
16957,4.0,5558173.0,林北小舞,0.9579222798347472,Q28418178,Culture.Media.Media*,5558173.0,13405.852107519851,4.0,1572.0
16958,4.0,5558173.0,林北小舞,0.9553291201591492,Q28418178,Culture.Media.Films,5558173.0,13405.852107519851,4.0,1572.0
16959,4.0,5558173.0,林北小舞,0.38304929637908935,Q28418178,Geography.Regions.Asia.East_Asia,5558173.0,13405.852107519851,4.0,1572.0
16960,4.0,5558173.0,林北小舞,0.37980710172653204,Q28418178,Geography.Regions.Asia.Asia*,5558173.0,13405.852107519851,4.0,1572.0
16961,4.0,5558173.0,林北小舞,0.0,Q28418178,Geography.Regions.Africa.Africa*,5558173.0,13405.852107519851,4.0,1572.0
16962,4.0,5558173.0,林北小舞,0.0,Q28418178,Geography.Regions.Europe.Europe*,5558173.0,13405.852107519851,4.0,1572.0
16963,4.0,5558173.0,林北小舞,0.0,Q28418178,Geography.Regions.Asia.North_Asia,5558173.0,13405.852107519851,4.0,1572.0
16964,4.0,5558173.0,林北小舞,0.0,Q28418178,Geography.Regions.Americas.South_America,5558173.0,13405.852107519851,4.0,1572.0
16965,4.0,5558173.0,林北小舞,0.0,Q28418178,Geography.Regions.Europe.Northern_Europe,5558173.0,13405.852107519851,4.0,1572.0
16966,5.0,5559975.0,電影版妖怪手錶：飛天巨鯨與兩個世界的大冒險喵！,0.9984121918678284,Q24807334,Culture.Media.Films,5559975.0,13322.907994998679,13.0,1606.0
16967,5.0,5559975.0,電影版妖怪手錶：飛天巨鯨與兩個世界的大冒險喵！,0.9976868629455566,Q24807334,Culture.Media.Media*,5559975.0,13322.907994998679,13.0,1606.0
16968,5.0,5559975.0,電影版妖怪手錶：飛天巨鯨與兩個世界的大冒險喵！,0.5312193632125854,Q24807334,Culture.Visual_arts.Comics_and_Anime,5559975.0,13322.907994998679,13.0,1606.0
16969,5.0,5559975.0,電影版妖怪手錶：飛天巨鯨與兩個世界的大冒險喵！,0.4659240117073059,Q24807334,Geography.Regions.Asia.Asia*,5559975.0,13322.907994998679,13.0,1606.0
16970,5.0,5559975.0,電影版妖怪手錶：飛天巨鯨與兩個世界的大冒險喵！,0.41490885615348816,Q24807334,Culture.Visual_arts.Visual_arts*,5559975.0,13322.907994998679,13.0,1606.0
16971,5.0,5559975.0,電影版妖怪手錶：飛天巨鯨與兩個世界的大冒險喵！,0.4114462008476257,Q24807334,Geography.Regions.Asia.East_Asia,5559975.0,13322.907994998679,13.0,1606.0
16972,5.0,5559975.0,電影版妖怪手錶：飛天巨鯨與兩個世界的大冒險喵！,0.3007555902004242,Q24807334,Culture.Literature,5559975.0,13322.907994998679,13.0,1606.0
16973,5.0,5559975.0,電影版妖怪手錶：飛天巨鯨與兩個世界的大冒險喵！,0.2689514458179474,Q24807334,Culture.Media.Video_games,5559975.0,13322.907994998679,13.0,1606.0
16974,5.0,5559975.0,電影版妖怪手錶：飛天巨鯨與兩個世界的大冒險喵！,0.1732981950044632,Q24807334,Culture.Internet_culture,5559975.0,13322.907994998679,13.0,1606.0
16975,1.0,5561055.0,宮本侑芽,0.996837317943573,Q11454795,Culture.Biography.Biography*,5561055.0,0.0,13.0,2395.0
16976,1.0,5561055.0,宮本侑芽,0.320831298828125,Q11454795,Culture.Literature,5561055.0,0.0,13.0,2395.0
16977,1.0,5561055.0,宮本侑芽,0.26285186409950256,Q11454795,Culture.Visual_arts.Visual_arts*,5561055.0,0.0,13.0,2395.0
16978,1.0,5561055.0,宮本侑芽,0.2393593490123749,Q11454795,Culture.Visual_arts.Comics_and_Anime,5561055.0,0.0,13.0,2395.0
16979,1.0,5561055.0,宮本侑芽,0.2047950496673584,Q11454795,Geography.Regions.Asia.East_Asia,5561055.0,0.0,13.0,2395.0
16980,1.0,5561055.0,宮本侑芽,0.13604079389572146,Q11454795,Geography.Regions.Asia.Asia*,5561055.0,0.0,13.0,2395.0
16981,1.0,5561055.0,宮本侑芽,0.1097157895565033,Q11454795,Culture.Biography.Women,5561055.0,0.0,13.0,2395.0
16982,3.0,5562723.0,超魔神英雄傳,0.754925012588501,Q11636358,Culture.Media.Media*,5562723.0,0.0,14.0,2564.0
16983,3.0,5562723.0,超魔神英雄傳,0.5312193632125854,Q11636358,Culture.Literature,5562723.0,0.0,14.0,2564.0
16984,3.0,5562723.0,超魔神英雄傳,0.4687954058647156,Q11636358,Geography.Regions.Asia.East_Asia,5562723.0,0.0,14.0,2564.0
16985,3.0,5562723.0,超魔神英雄傳,0.4378334879875183,Q11636358,Culture.Visual_arts.Comics_and_Anime,5562723.0,0.0,14.0,2564.0
16986,3.0,5562723.0,超魔神英雄傳,0.32119916582107544,Q11636358,Geography.Regions.Asia.Asia*,5562723.0,0.0,14.0,2564.0
16987,3.0,5562723.0,超魔神英雄傳,0.1968362182378769,Q11636358,Culture.Visual_arts.Visual_arts*,5562723.0,0.0,14.0,2564.0
16988,3.0,5562723.0,超魔神英雄傳,0.16452647745609286,Q11636358,Culture.Media.Radio,5562723.0,0.0,14.0,2564.0
16989,3.0,5562723.0,超魔神英雄傳,0.1294127255678177,Q11636358,Culture.Media.Entertainment,5562723.0,0.0,14.0,2564.0
16990,2.0,5563327.0,UNIVERSE 世界少年,0.7371681928634644,Q87103914,Culture.Media.Music,5563327.0,0.0,0.0,1279.0
16991,2.0,5563327.0,UNIVERSE 世界少年,0.7248802781105042,Q87103914,Culture.Biography.Biography*,5563327.0,0.0,0.0,1279.0
16992,2.0,5563327.0,UNIVERSE 世界少年,0.7186043858528137,Q87103914,Culture.Media.Media*,5563327.0,0.0,0.0,1279.0
16993,2.0,5563327.0,UNIVERSE 世界少年,0.4876782765388489,Q87103914,Geography.Regions.Asia.Asia*,5563327.0,0.0,0.0,1279.0
16994,2.0,5563327.0,UNIVERSE 世界少年,0.4773946871757507,Q87103914,Geography.Regions.Asia.East_Asia,5563327.0,0.0,0.0,1279.0
16995,7.0,5564025.0,功夫瑜伽,0.9987651705741882,Q19961444,Culture.Media.Films,5564025.0,9723.835630779644,12.0,2021.0
16996,7.0,5564025.0,功夫瑜伽,0.99567848443985,Q19961444,Culture.Media.Media*,5564025.0,9723.835630779644,12.0,2021.0
16997,7.0,5564025.0,功夫瑜伽,0.4738311638832092,Q19961444,Geography.Regions.Asia.Asia*,5564025.0,9723.835630779644,12.0,2021.0
16998,7.0,5564025.0,功夫瑜伽,0.0,Q19961444,Geography.Regions.Asia.East_Asia,5564025.0,9723.835630779644,12.0,2021.0
16999,1.0,5564978.0,逃跑吧好兄弟,0.8519628047943115,Q30942519,Culture.Media.Television,5564978.0,0.0,4.0,4070.0
17000,1.0,5564978.0,逃跑吧好兄弟,0.7773098945617676,Q30942519,Culture.Media.Media*,5564978.0,0.0,4.0,4070.0
17001,1.0,5564978.0,逃跑吧好兄弟,0.0,Q30942519,Geography.Regions.Asia.Asia*,5564978.0,0.0,4.0,4070.0
17002,1.0,5565289.0,方語昕,0.9942797422409058,Q30942564,Culture.Biography.Biography*,5565289.0,0.0,4.0,2776.0
17003,1.0,5565289.0,方語昕,0.2509227991104126,Q30942564,Culture.Media.Media*,5565289.0,0.0,4.0,2776.0
17004,1.0,5565289.0,方語昕,0.1732981950044632,Q30942564,Culture.Media.Music,5565289.0,0.0,4.0,2776.0
17005,1.0,5565289.0,方語昕,0.13604079389572146,Q30942564,Geography.Regions.Asia.Asia*,5565289.0,0.0,4.0,2776.0
17006,1.0,5565289.0,方語昕,0.1259327530860901,Q30942564,Culture.Biography.Women,5565289.0,0.0,4.0,2776.0
17007,1.0,5565289.0,方語昕,0.0,Q30942564,Geography.Regions.Asia.East_Asia,5565289.0,0.0,4.0,2776.0
17008,5.0,5567243.0,乘风破浪 (2017年电影),0.9982553720474244,Q10878601,Culture.Media.Media*,5567243.0,45908.91884716416,13.0,2371.0
17009,5.0,5567243.0,乘风破浪 (2017年电影),0.9820237755775452,Q10878601,Culture.Media.Films,5567243.0,45908.91884716416,13.0,2371.0
17010,5.0,5567243.0,乘风破浪 (2017年电影),0.3165845146179199,Q10878601,Geography.Regions.Asia.East_Asia,5567243.0,45908.91884716416,13.0,2371.0
17011,5.0,5567243.0,乘风破浪 (2017年电影),0.2653036584854126,Q10878601,Geography.Regions.Asia.Asia*,5567243.0,45908.91884716416,13.0,2371.0
17012,13.0,5572108.0,馬赫夏拉·阿里,0.9982553720474244,Q360531,Culture.Biography.Biography*,5572108.0,16976.14440884321,6.0,2240.0
17013,13.0,5572108.0,馬赫夏拉·阿里,0.22816647589206696,Q360531,Culture.Sports,5572108.0,16976.14440884321,6.0,2240.0
17014,13.0,5572108.0,馬赫夏拉·阿里,0.15742753648757934,Q360531,Geography.Regions.Americas.North_America,5572108.0,16976.14440884321,6.0,2240.0
17015,1.0,5574376.0,事頭婆,1.0,Q30943484,Compilation.List_Disambig,5574376.0,0.0,1.0,872.0
17016,1.0,5574376.0,事頭婆,0.15611489117145538,Q30943484,STEM.STEM*,5574376.0,0.0,1.0,872.0
17017,1.0,5574376.0,事頭婆,0.14805719256401062,Q30943484,History_and_Society.Transportation,5574376.0,0.0,1.0,872.0
17018,1.0,5574376.0,事頭婆,0.11280541121959685,Q30943484,History_and_Society.Military_and_warfare,5574376.0,0.0,1.0,872.0
17019,1.0,5574376.0,事頭婆,0.0,Q30943484,Geography.Regions.Asia.Asia*,5574376.0,0.0,1.0,872.0
17020,1.0,5574376.0,事頭婆,0.0,Q30943484,Geography.Geographical,5574376.0,0.0,1.0,872.0
17021,1.0,5574376.0,事頭婆,0.0,Q30943484,Geography.Regions.Asia.West_Asia,5574376.0,0.0,1.0,872.0
17022,3.0,5574607.0,小男人週記3之吾家有喜,0.8267217874526978,Q28650836,Culture.Media.Media*,5574607.0,7873.696420724009,12.0,1133.0
17023,3.0,5574607.0,小男人週記3之吾家有喜,0.6297846436500549,Q28650836,Culture.Media.Films,5574607.0,7873.696420724009,12.0,1133.0
17024,3.0,5574607.0,小男人週記3之吾家有喜,0.41865252161026,Q28650836,Geography.Regions.Asia.East_Asia,5574607.0,7873.696420724009,12.0,1133.0
17025,3.0,5574607.0,小男人週記3之吾家有喜,0.3862146010398865,Q28650836,Geography.Regions.Asia.Asia*,5574607.0,7873.696420724009,12.0,1133.0
17026,1.0,5575241.0,指甲刀人魔,0.9697954058647156,Q28868417,Culture.Media.Media*,5575241.0,0.0,7.0,1620.0
17027,1.0,5575241.0,指甲刀人魔,0.9637899398803712,Q28868417,Culture.Media.Films,5575241.0,0.0,7.0,1620.0
17028,1.0,5575241.0,指甲刀人魔,0.1097157895565033,Q28868417,History_and_Society.Society,5575241.0,0.0,7.0,1620.0
17029,1.0,5575241.0,指甲刀人魔,0.0,Q28868417,Geography.Regions.Americas.North_America,5575241.0,0.0,7.0,1620.0
17030,1.0,5575241.0,指甲刀人魔,0.0,Q28868417,Geography.Regions.Asia.Asia*,5575241.0,0.0,7.0,1620.0
17031,1.0,5578789.0,唐田英里佳,0.9879562258720398,Q22126182,Culture.Biography.Biography*,5578789.0,0.0,13.0,8957.0
17032,1.0,5578789.0,唐田英里佳,0.2393593490123749,Q22126182,Culture.Biography.Women,5578789.0,0.0,13.0,8957.0
17033,1.0,5578789.0,唐田英里佳,0.17818872833251953,Q22126182,Geography.Regions.Asia.Asia*,5578789.0,0.0,13.0,8957.0
17034,1.0,5578789.0,唐田英里佳,0.15742753648757934,Q22126182,Geography.Regions.Asia.East_Asia,5578789.0,0.0,13.0,8957.0
17035,1.0,5579907.0,曹晏豪,0.996185541152954,Q30944357,Culture.Biography.Biography*,5579907.0,0.0,4.0,2334.0
17036,1.0,5579907.0,曹晏豪,0.0,Q30944357,Geography.Regions.Asia.Asia*,5579907.0,0.0,4.0,2334.0
17037,1.0,5579907.0,曹晏豪,0.0,Q30944357,Geography.Regions.Asia.South_Asia,5579907.0,0.0,4.0,2334.0
17038,16.0,5580519.0,吉岡里帆,0.993317186832428,Q22758581,Culture.Biography.Biography*,5580519.0,12695.546387193635,13.0,2698.0
17039,16.0,5580519.0,吉岡里帆,0.3429050912857056,Q22758581,Geography.Regions.Asia.East_Asia,5580519.0,12695.546387193635,13.0,2698.0
17040,16.0,5580519.0,吉岡里帆,0.3429050912857056,Q22758581,Geography.Regions.Asia.Asia*,5580519.0,12695.546387193635,13.0,2698.0
17041,16.0,5580519.0,吉岡里帆,0.1732981950044632,Q22758581,Culture.Biography.Women,5580519.0,12695.546387193635,13.0,2698.0
17042,11.0,5582524.0,T-5教練機,1.0000100135803225,Q53722405,Culture.Biography.Biography*,5582524.0,3493.24943087883,5.0,3765.0
17043,11.0,5582524.0,T-5教練機,0.9960646033287048,Q53722405,STEM.Engineering,5582524.0,3493.24943087883,5.0,3765.0
17044,11.0,5582524.0,T-5教練機,0.9935217499732972,Q53722405,STEM.STEM*,5582524.0,3493.24943087883,5.0,3765.0
17045,11.0,5582524.0,T-5教練機,0.9908843636512756,Q53722405,History_and_Society.Transportation,5582524.0,3493.24943087883,5.0,3765.0
17046,11.0,5582524.0,T-5教練機,0.984585464000702,Q53722405,History_and_Society.Society,5582524.0,3493.24943087883,5.0,3765.0
17047,11.0,5582524.0,T-5教練機,0.7931159734725952,Q53722405,History_and_Society.Military_and_warfare,5582524.0,3493.24943087883,5.0,3765.0
17048,11.0,5582524.0,T-5教練機,0.4139109721183777,Q53722405,Geography.Regions.Asia.East_Asia,5582524.0,3493.24943087883,5.0,3765.0
17049,11.0,5582524.0,T-5教練機,0.4089169969558716,Q53722405,Geography.Regions.Asia.Asia*,5582524.0,3493.24943087883,5.0,3765.0
17050,3.0,5582940.0,越南節日,1.0,Q2560198,Compilation.List_Disambig,5582940.0,803.4925860964634,11.0,1203.0
17051,3.0,5582940.0,越南節日,0.59267657995224,Q2560198,Culture.Philosophy_and_religion,5582940.0,803.4925860964634,11.0,1203.0
17052,3.0,5582940.0,越南節日,0.0,Q2560198,Geography.Regions.Asia.Asia*,5582940.0,803.4925860964634,11.0,1203.0
17053,3.0,5582940.0,越南節日,0.0,Q2560198,Geography.Regions.Europe.Europe*,5582940.0,803.4925860964634,11.0,1203.0
17054,3.0,5582940.0,越南節日,0.0,Q2560198,Geography.Regions.Africa.Africa*,5582940.0,803.4925860964634,11.0,1203.0
17055,3.0,5582940.0,越南節日,0.0,Q2560198,Geography.Regions.Americas.Central_America,5582940.0,803.4925860964634,11.0,1203.0
17056,3.0,5586121.0,深夜正式演藝,0.9825675487518309,Q16171982,Culture.Media.Television,5586121.0,3145.1992596339446,0.0,1156.0
17057,3.0,5586121.0,深夜正式演藝,0.9304682612419128,Q16171982,Culture.Media.Media*,5586121.0,3145.1992596339446,0.0,1156.0
17058,3.0,5586121.0,深夜正式演藝,0.2816725244522095,Q16171982,Geography.Regions.Asia.East_Asia,5586121.0,3145.1992596339446,0.0,1156.0
17059,3.0,5586121.0,深夜正式演藝,0.23616819286346435,Q16171982,Geography.Regions.Asia.Asia*,5586121.0,3145.1992596339446,0.0,1156.0
17060,3.0,5586121.0,深夜正式演藝,0.0,Q16171982,Geography.Regions.Americas.North_America,5586121.0,3145.1992596339446,0.0,1156.0
17061,5.0,5586326.0,七警案,0.4714247455596924,Q20193390,Geography.Regions.Asia.East_Asia,5586326.0,1743.5821548564522,3.0,3886.0
17062,5.0,5586326.0,七警案,0.4678661694526672,Q20193390,Geography.Regions.Asia.Asia*,5586326.0,1743.5821548564522,3.0,3886.0
17063,5.0,5586326.0,七警案,0.3073680400848389,Q20193390,History_and_Society.Politics_and_government,5586326.0,1743.5821548564522,3.0,3886.0
17064,5.0,5588637.0,孫可芳,1.0000100135803225,Q30945129,Culture.Biography.Biography*,5588637.0,4184.236245533717,4.0,3299.0
17065,5.0,5588637.0,孫可芳,0.9802908897399902,Q30945129,History_and_Society.Society,5588637.0,4184.236245533717,4.0,3299.0
17066,5.0,5588637.0,孫可芳,0.4616831412315369,Q30945129,Geography.Regions.Asia.East_Asia,5588637.0,4184.236245533717,4.0,3299.0
17067,5.0,5588637.0,孫可芳,0.4231518378257752,Q30945129,Geography.Regions.Asia.Asia*,5588637.0,4184.236245533717,4.0,3299.0
17068,5.0,5588637.0,孫可芳,0.3629792034626007,Q30945129,Culture.Biography.Women,5588637.0,4184.236245533717,4.0,3299.0
17069,3.0,5588956.0,古坂大魔王,0.9790457487106324,Q11410993,Culture.Biography.Biography*,5588956.0,1989.6010429895907,8.0,5249.0
17070,3.0,5588956.0,古坂大魔王,0.7773098945617676,Q11410993,Culture.Media.Media*,5588956.0,1989.6010429895907,8.0,5249.0
17071,3.0,5588956.0,古坂大魔王,0.33459946513175964,Q11410993,Culture.Media.Music,5588956.0,1989.6010429895907,8.0,5249.0
17072,3.0,5588956.0,古坂大魔王,0.21124218606948847,Q11410993,Geography.Regions.Asia.East_Asia,5588956.0,1989.6010429895907,8.0,5249.0
17073,3.0,5588956.0,古坂大魔王,0.08411114120483397,Q11410993,Geography.Regions.Asia.Asia*,5588956.0,1989.6010429895907,8.0,5249.0
17074,2.0,5592345.0,徐衍璞,1.0000100135803225,Q28806093,Culture.Biography.Biography*,5592345.0,0.0,5.0,2167.0
17075,2.0,5592345.0,徐衍璞,0.9637899398803712,Q28806093,History_and_Society.Society,5592345.0,0.0,5.0,2167.0
17076,2.0,5592345.0,徐衍璞,0.9219318628311156,Q28806093,History_and_Society.Military_and_warfare,5592345.0,0.0,5.0,2167.0
17077,2.0,5592345.0,徐衍璞,0.4955265989303589,Q28806093,Geography.Regions.Asia.East_Asia,5592345.0,0.0,5.0,2167.0
17078,2.0,5592345.0,徐衍璞,0.4889964332580566,Q28806093,Geography.Regions.Asia.Asia*,5592345.0,0.0,5.0,2167.0
17079,1.0,5593376.0,羅莎·薩拉查,0.9976133108139038,Q7367121,Culture.Biography.Biography*,5593376.0,0.0,13.0,4480.0
17080,1.0,5593376.0,羅莎·薩拉查,0.9820237755775452,Q7367121,Culture.Biography.Women,5593376.0,0.0,13.0,4480.0
17081,1.0,5593376.0,羅莎·薩拉查,0.17818872833251953,Q7367121,Geography.Regions.Americas.North_America,5593376.0,0.0,13.0,4480.0
17082,1.0,5593376.0,羅莎·薩拉查,0.12253321707248688,Q7367121,Culture.Media.Media*,5593376.0,0.0,13.0,4480.0
17083,1.0,5593447.0,云巅之上,0.880807101726532,Q30945853,Culture.Media.Television,5593447.0,0.0,7.0,3009.0
17084,1.0,5593447.0,云巅之上,0.7663036584854126,Q30945853,Culture.Media.Media*,5593447.0,0.0,7.0,3009.0
17085,1.0,5593447.0,云巅之上,0.4486793746948242,Q30945853,Geography.Regions.Asia.Asia*,5593447.0,0.0,7.0,3009.0
17086,1.0,5593447.0,云巅之上,0.4456066956520081,Q30945853,Geography.Regions.Asia.East_Asia,5593447.0,0.0,7.0,3009.0
17087,1.0,5593447.0,云巅之上,0.0,Q30945853,Geography.Regions.Asia.Southeast_Asia,5593447.0,0.0,7.0,3009.0
17088,1.0,5594275.0,野模,0.8519628047943115,Q30945915,Culture.Media.Television,5594275.0,0.0,7.0,1009.0
17089,1.0,5594275.0,野模,0.7773098945617676,Q30945915,Culture.Media.Media*,5594275.0,0.0,7.0,1009.0
17090,1.0,5594275.0,野模,0.0,Q30945915,Geography.Regions.Asia.Asia*,5594275.0,0.0,7.0,1009.0
17091,5.0,5595390.0,葉佳修,0.9969346523284912,Q28868464,Culture.Biography.Biography*,5595390.0,10622.366862219853,2.0,1198.0
17092,5.0,5595390.0,葉佳修,0.4904325475692749,Q28868464,Geography.Regions.Asia.East_Asia,5595390.0,10622.366862219853,2.0,1198.0
17093,5.0,5595390.0,葉佳修,0.4423575868606568,Q28868464,Geography.Regions.Asia.Asia*,5595390.0,10622.366862219853,2.0,1198.0
17094,5.0,5595390.0,葉佳修,0.4301573634147644,Q28868464,History_and_Society.Society,5595390.0,10622.366862219853,2.0,1198.0
17095,7.0,5597864.0,香港特別行政區基本法第二十二條,0.2942249774932861,Q30946365,STEM.STEM*,5597864.0,760.6830244651834,3.0,3569.0
17096,7.0,5597864.0,香港特別行政區基本法第二十二條,0.0,Q30946365,Geography.Regions.Asia.Asia*,5597864.0,760.6830244651834,3.0,3569.0
17097,7.0,5597864.0,香港特別行政區基本法第二十二條,0.0,Q30946365,Geography.Regions.Americas.North_America,5597864.0,760.6830244651834,3.0,3569.0
17098,7.0,5597864.0,香港特別行政區基本法第二十二條,0.0,Q30946365,Geography.Regions.Europe.Europe*,5597864.0,760.6830244651834,3.0,3569.0
17099,2.0,5599742.0,51K,0.6150978803634644,Q30946595,History_and_Society.Business_and_economics,5599742.0,0.0,0.0,1997.0
17100,2.0,5599742.0,51K,0.15611489117145538,Q30946595,Culture.Media.Media*,5599742.0,0.0,0.0,1997.0
17101,2.0,5599742.0,51K,0.14415885508060455,Q30946595,Culture.Food_and_drink,5599742.0,0.0,0.0,1997.0
17102,2.0,5599742.0,51K,0.13297423720359802,Q30946595,STEM.STEM*,5599742.0,0.0,0.0,1997.0
17103,2.0,5599742.0,51K,0.11921291798353195,Q30946595,Culture.Visual_arts.Visual_arts*,5599742.0,0.0,0.0,1997.0
17104,2.0,5599742.0,51K,0.0,Q30946595,Geography.Regions.Americas.North_America,5599742.0,0.0,0.0,1997.0
17105,2.0,5599742.0,51K,0.0,Q30946595,Geography.Regions.Asia.Asia*,5599742.0,0.0,0.0,1997.0
17106,2.0,5599742.0,51K,0.0,Q30946595,Geography.Regions.Europe.Europe*,5599742.0,0.0,0.0,1997.0
17107,2.0,5599742.0,51K,0.0,Q30946595,Geography.Regions.Asia.East_Asia,5599742.0,0.0,0.0,1997.0
17108,2.0,5599742.0,51K,0.0,Q30946595,Geography.Regions.Europe.Northern_Europe,5599742.0,0.0,0.0,1997.0
17109,2.0,5599742.0,51K,0.0,Q30946595,Geography.Regions.Europe.Western_Europe,5599742.0,0.0,0.0,1997.0
17110,19.0,5610690.0,X戰警系列電影演員列表,1.0,Q4435782,Compilation.List_Disambig,5610690.0,2351.475357673549,6.0,1773.0
17111,19.0,5610690.0,X戰警系列電影演員列表,0.26285186409950256,Q4435782,Culture.Biography.Biography*,5610690.0,2351.475357673549,6.0,1773.0
17112,19.0,5610690.0,X戰警系列電影演員列表,0.1520422399044037,Q4435782,History_and_Society.Politics_and_government,5610690.0,2351.475357673549,6.0,1773.0
17113,19.0,5610690.0,X戰警系列電影演員列表,0.1520422399044037,Q4435782,Culture.Sports,5610690.0,2351.475357673549,6.0,1773.0
17114,19.0,5610690.0,X戰警系列電影演員列表,0.11280541121959685,Q4435782,History_and_Society.History,5610690.0,2351.475357673549,6.0,1773.0
17115,19.0,5610690.0,X戰警系列電影演員列表,0.0,Q4435782,Geography.Regions.Europe.Europe*,5610690.0,2351.475357673549,6.0,1773.0
17116,19.0,5610690.0,X戰警系列電影演員列表,0.0,Q4435782,Geography.Regions.Americas.North_America,5610690.0,2351.475357673549,6.0,1773.0
17117,19.0,5610690.0,X戰警系列電影演員列表,0.0,Q4435782,Geography.Regions.Europe.Northern_Europe,5610690.0,2351.475357673549,6.0,1773.0
17118,19.0,5610690.0,X戰警系列電影演員列表,0.0,Q4435782,Geography.Regions.Asia.Asia*,5610690.0,2351.475357673549,6.0,1773.0
17119,3.0,5616245.0,古墓丽影：源起之战,0.9976133108139038,Q28489891,Culture.Media.Films,5616245.0,11820.0,12.0,2433.0
17120,3.0,5616245.0,古墓丽影：源起之战,0.9949496984481812,Q28489891,Culture.Media.Media*,5616245.0,11820.0,12.0,2433.0
17121,3.0,5616245.0,古墓丽影：源起之战,0.1778208613395691,Q28489891,Culture.Literature,5616245.0,11820.0,12.0,2433.0
17122,3.0,5616245.0,古墓丽影：源起之战,0.11280541121959685,Q28489891,Culture.Visual_arts.Comics_and_Anime,5616245.0,11820.0,12.0,2433.0
17123,3.0,5616245.0,古墓丽影：源起之战,0.1067005917429924,Q28489891,Culture.Media.Entertainment,5616245.0,11820.0,12.0,2433.0
17124,3.0,5616245.0,古墓丽影：源起之战,0.10088862478733064,Q28489891,Culture.Visual_arts.Visual_arts*,5616245.0,11820.0,12.0,2433.0
17125,3.0,5616245.0,古墓丽影：源起之战,0.0,Q28489891,Geography.Regions.Americas.North_America,5616245.0,11820.0,12.0,2433.0
17126,1.0,5616854.0,攻敵必救,0.9931061863899232,Q22350785,Culture.Media.Films,5616854.0,0.0,6.0,2013.0
17127,1.0,5616854.0,攻敵必救,0.9893575310707092,Q22350785,Culture.Media.Media*,5616854.0,0.0,6.0,2013.0
17128,1.0,5616854.0,攻敵必救,0.0,Q22350785,Geography.Regions.Americas.North_America,5616854.0,0.0,6.0,2013.0
17129,1.0,5617925.0,鐵拳俠 (電視劇),0.9777238368988036,Q21148896,Culture.Media.Media*,5617925.0,0.0,6.0,2566.0
17130,1.0,5617925.0,鐵拳俠 (電視劇),0.8962613940238953,Q21148896,Culture.Media.Television,5617925.0,0.0,6.0,2566.0
17131,1.0,5617925.0,鐵拳俠 (電視劇),0.7490972280502319,Q21148896,Culture.Visual_arts.Comics_and_Anime,5617925.0,0.0,6.0,2566.0
17132,1.0,5617925.0,鐵拳俠 (電視劇),0.6859594583511353,Q21148896,Culture.Literature,5617925.0,0.0,6.0,2566.0
17133,1.0,5617925.0,鐵拳俠 (電視劇),0.6654205918312073,Q21148896,Culture.Visual_arts.Visual_arts*,5617925.0,0.0,6.0,2566.0
17134,1.0,5617925.0,鐵拳俠 (電視劇),0.18714269995689392,Q21148896,Culture.Media.Entertainment,5617925.0,0.0,6.0,2566.0
17135,1.0,5617925.0,鐵拳俠 (電視劇),0.1259327530860901,Q21148896,Culture.Media.Films,5617925.0,0.0,6.0,2566.0
17136,1.0,5617925.0,鐵拳俠 (電視劇),0.0,Q21148896,Geography.Regions.Americas.North_America,5617925.0,0.0,6.0,2566.0
17137,1.0,5620592.0,人类简史,0.946606695652008,Q12411055,Culture.Literature,5620592.0,0.0,11.0,2721.0
17138,1.0,5620592.0,人类简史,0.9344051480293274,Q12411055,Culture.Media.Books,5620592.0,0.0,11.0,2721.0
17139,1.0,5620592.0,人类简史,0.8558611869812012,Q12411055,Culture.Media.Media*,5620592.0,0.0,11.0,2721.0
17140,1.0,5620592.0,人类简史,0.1968362182378769,Q12411055,Culture.Philosophy_and_religion,5620592.0,0.0,11.0,2721.0
17141,1.0,5620592.0,人类简史,0.16452647745609286,Q12411055,History_and_Society.History,5620592.0,0.0,11.0,2721.0
17142,1.0,5620592.0,人类简史,0.11280541121959685,Q12411055,STEM.STEM*,5620592.0,0.0,11.0,2721.0
17143,1.0,5620592.0,人类简史,0.0,Q12411055,Geography.Regions.Asia.Asia*,5620592.0,0.0,11.0,2721.0
17144,1.0,5620592.0,人类简史,0.0,Q12411055,Geography.Regions.Asia.West_Asia,5620592.0,0.0,11.0,2721.0
17145,2.0,5622546.0,孙德顺,0.2942249774932861,Q30949088,STEM.STEM*,5622546.0,1112.9039522755274,10.0,1044.0
17146,2.0,5622546.0,孙德顺,0.0,Q30949088,Geography.Regions.Asia.Asia*,5622546.0,1112.9039522755274,10.0,1044.0
17147,2.0,5622546.0,孙德顺,0.0,Q30949088,Geography.Regions.Americas.North_America,5622546.0,1112.9039522755274,10.0,1044.0
17148,2.0,5622546.0,孙德顺,0.0,Q30949088,Geography.Regions.Europe.Europe*,5622546.0,1112.9039522755274,10.0,1044.0
17149,2.0,5623678.0,Ofo小黄车,0.9919480085372924,Q29011371,Culture.Sports,5623678.0,2228.843483156648,10.0,3207.0
17150,2.0,5623678.0,Ofo小黄车,0.4956334104537964,Q29011371,Geography.Regions.Asia.East_Asia,5623678.0,2228.843483156648,10.0,3207.0
17151,2.0,5623678.0,Ofo小黄车,0.4810237755775452,Q29011371,Geography.Regions.Asia.Asia*,5623678.0,2228.843483156648,10.0,3207.0
17152,2.0,5623678.0,Ofo小黄车,0.38492217659950256,Q29011371,STEM.Engineering,5623678.0,2228.843483156648,10.0,3207.0
17153,2.0,5623678.0,Ofo小黄车,0.3775506913661957,Q29011371,History_and_Society.Business_and_economics,5623678.0,2228.843483156648,10.0,3207.0
17154,2.0,5623678.0,Ofo小黄车,0.22816647589206696,Q29011371,History_and_Society.Transportation,5623678.0,2228.843483156648,10.0,3207.0
17155,2.0,5623678.0,Ofo小黄车,0.1778208613395691,Q29011371,STEM.STEM*,5623678.0,2228.843483156648,10.0,3207.0
17156,4.0,5626479.0,祁家威,0.9990402460098268,Q30051012,Culture.Biography.Biography*,5626479.0,7300.6974375920645,2.0,3051.0
17157,4.0,5626479.0,祁家威,0.9905974268913268,Q30051012,History_and_Society.Society,5626479.0,7300.6974375920645,2.0,3051.0
17158,4.0,5626479.0,祁家威,0.0,Q30051012,Geography.Regions.Asia.Asia*,5626479.0,7300.6974375920645,2.0,3051.0
17159,4.0,5626479.0,祁家威,0.0,Q30051012,Geography.Regions.Asia.East_Asia,5626479.0,7300.6974375920645,2.0,3051.0
17160,10.0,5633785.0,戰鬥旅行,0.9219318628311156,Q24856517,Culture.Media.Media*,5633785.0,47736.542697408324,0.0,1957.0
17161,10.0,5633785.0,戰鬥旅行,0.8706072568893433,Q24856517,Culture.Media.Television,5633785.0,47736.542697408324,0.0,1957.0
17162,10.0,5633785.0,戰鬥旅行,0.24809722805023196,Q24856517,Geography.Regions.Asia.Asia*,5633785.0,47736.542697408324,0.0,1957.0
17163,10.0,5633785.0,戰鬥旅行,0.22388027811050412,Q24856517,Geography.Regions.Asia.East_Asia,5633785.0,47736.542697408324,0.0,1957.0
17164,1.0,5635337.0,張之豪,0.952584147453308,Q30950825,Culture.Biography.Biography*,5635337.0,0.0,2.0,1466.0
17165,1.0,5635337.0,張之豪,0.3276783227920532,Q30950825,Culture.Biography.Women,5635337.0,0.0,2.0,1466.0
17166,1.0,5635337.0,張之豪,0.2047950496673584,Q30950825,Geography.Regions.Asia.East_Asia,5635337.0,0.0,2.0,1466.0
17167,1.0,5635337.0,張之豪,0.1713417043685913,Q30950825,Geography.Regions.Asia.Asia*,5635337.0,0.0,2.0,1466.0
17168,1.0,5635337.0,張之豪,0.11921291798353195,Q30950825,History_and_Society.Business_and_economics,5635337.0,0.0,2.0,1466.0
17169,6.0,5637753.0,深層政府,0.5156299471855164,Q1658150,Culture.Philosophy_and_religion,5637753.0,16203.533192771729,6.0,2433.0
17170,6.0,5637753.0,深層政府,0.3629792034626007,Q1658150,History_and_Society.Society,5637753.0,16203.533192771729,6.0,2433.0
17171,6.0,5637753.0,深層政府,0.3557848632335663,Q1658150,STEM.STEM*,5637753.0,16203.533192771729,6.0,2433.0
17172,6.0,5637753.0,深層政府,0.3073680400848389,Q1658150,History_and_Society.Politics_and_government,5637753.0,16203.533192771729,6.0,2433.0
17173,6.0,5637753.0,深層政府,0.1097157895565033,Q1658150,History_and_Society.Military_and_warfare,5637753.0,16203.533192771729,6.0,2433.0
17174,6.0,5637753.0,深層政府,0.0,Q1658150,Geography.Regions.Europe.Europe*,5637753.0,16203.533192771729,6.0,2433.0
17175,2.0,5641876.0,蔡凡熙,1.0000100135803225,Q29564239,Culture.Biography.Biography*,5641876.0,1240.8749107484102,4.0,2630.0
17176,2.0,5641876.0,蔡凡熙,0.7879412174224854,Q29564239,History_and_Society.Society,5641876.0,1240.8749107484102,4.0,2630.0
17177,2.0,5641876.0,蔡凡熙,0.35867373847961426,Q29564239,Geography.Regions.Asia.Asia*,5641876.0,1240.8749107484102,4.0,2630.0
17178,2.0,5641876.0,蔡凡熙,0.3429050912857056,Q29564239,Geography.Regions.Asia.East_Asia,5641876.0,1240.8749107484102,4.0,2630.0
17179,5.0,5645257.0,漩涡博人,0.8933194279670715,Q20426404,Culture.Literature,5645257.0,8644.490527245738,14.0,3867.0
17180,5.0,5645257.0,漩涡博人,0.880807101726532,Q20426404,Culture.Visual_arts.Visual_arts*,5645257.0,8644.490527245738,14.0,3867.0
17181,5.0,5645257.0,漩涡博人,0.8740872144699097,Q20426404,Culture.Visual_arts.Comics_and_Anime,5645257.0,8644.490527245738,14.0,3867.0
17182,5.0,5645257.0,漩涡博人,0.11597072333097458,Q20426404,Culture.Media.Media*,5645257.0,8644.490527245738,14.0,3867.0
17183,2.0,5646987.0,李常敏,0.9836069941520692,Q12611637,Culture.Biography.Biography*,5646987.0,236.8554692637209,0.0,2367.0
17184,2.0,5646987.0,李常敏,0.3998216390609741,Q12611637,Culture.Media.Music,5646987.0,236.8554692637209,0.0,2367.0
17185,2.0,5646987.0,李常敏,0.3257217874526977,Q12611637,Geography.Regions.Asia.East_Asia,5646987.0,236.8554692637209,0.0,2367.0
17186,2.0,5646987.0,李常敏,0.2869412174224853,Q12611637,Geography.Regions.Asia.Asia*,5646987.0,236.8554692637209,0.0,2367.0
17187,2.0,5646987.0,李常敏,0.2509227991104126,Q12611637,Culture.Media.Media*,5646987.0,236.8554692637209,0.0,2367.0
17188,2.0,5648644.0,殺手保鑣,0.9970290064811708,Q23796644,Culture.Media.Films,5648644.0,1751.0700955343757,11.0,1581.0
17189,2.0,5648644.0,殺手保鑣,0.9939124584197998,Q23796644,Culture.Media.Media*,5648644.0,1751.0700955343757,11.0,1581.0
17190,2.0,5648644.0,殺手保鑣,0.12878464365005493,Q23796644,Geography.Regions.Americas.North_America,5648644.0,1751.0700955343757,11.0,1581.0
17191,2.0,5648644.0,殺手保鑣,0.0,Q23796644,Geography.Regions.Europe.Europe*,5648644.0,1751.0700955343757,11.0,1581.0
17192,2.0,5648644.0,殺手保鑣,0.0,Q23796644,Geography.Regions.Europe.Northern_Europe,5648644.0,1751.0700955343757,11.0,1581.0
17193,7.0,5649380.0,武林怪兽,0.9284188151359558,Q30941683,Culture.Media.Films,5649380.0,1672.3692411424645,12.0,1196.0
17194,7.0,5649380.0,武林怪兽,0.9241518378257751,Q30941683,Culture.Media.Media*,5649380.0,1672.3692411424645,12.0,1196.0
17195,7.0,5649380.0,武林怪兽,0.4932797422409058,Q30941683,Geography.Regions.Asia.East_Asia,5649380.0,1672.3692411424645,12.0,1196.0
17196,7.0,5649380.0,武林怪兽,0.4889964332580566,Q30941683,Geography.Regions.Asia.Asia*,5649380.0,1672.3692411424645,12.0,1196.0
17197,1.0,5655453.0,金秀安,0.9986429810523988,Q20444998,Culture.Biography.Biography*,5655453.0,0.0,0.0,2026.0
17198,1.0,5655453.0,金秀安,0.3429050912857056,Q20444998,Geography.Regions.Asia.East_Asia,5655453.0,0.0,0.0,2026.0
17199,1.0,5655453.0,金秀安,0.3165845146179199,Q20444998,Geography.Regions.Asia.Asia*,5655453.0,0.0,0.0,2026.0
17200,1.0,5655453.0,金秀安,0.287777841091156,Q20444998,Culture.Biography.Women,5655453.0,0.0,0.0,2026.0
17201,2.0,5656669.0,四叉貓,1.0000100135803225,Q30942417,History_and_Society.Society,5656669.0,1256.295393087848,2.0,4728.0
17202,2.0,5656669.0,四叉貓,0.998876452445984,Q30942417,Culture.Biography.Biography*,5656669.0,1256.295393087848,2.0,4728.0
17203,2.0,5656669.0,四叉貓,0.0,Q30942417,Geography.Regions.Asia.Asia*,5656669.0,1256.295393087848,2.0,4728.0
17204,2.0,5656669.0,四叉貓,0.0,Q30942417,Geography.Regions.Asia.East_Asia,5656669.0,1256.295393087848,2.0,4728.0
17205,3.0,5664190.0,一切隨風,0.998977780342102,Q30943150,Culture.Media.Music,5664190.0,7882.0,12.0,991.0
17206,3.0,5664190.0,一切隨風,0.99593985080719,Q30943150,Culture.Media.Media*,5664190.0,7882.0,12.0,991.0
17207,3.0,5664190.0,一切隨風,0.0,Q30943150,Geography.Regions.Asia.Asia*,5664190.0,7882.0,12.0,991.0
17208,3.0,5664190.0,一切隨風,0.0,Q30943150,Geography.Regions.Asia.East_Asia,5664190.0,7882.0,12.0,991.0
17209,1.0,5665182.0,危牆狙擊,0.9986850023269652,Q27964590,Culture.Media.Films,5665182.0,0.0,6.0,2122.0
17210,1.0,5665182.0,危牆狙擊,0.9976133108139038,Q27964590,Culture.Media.Media*,5665182.0,0.0,6.0,2122.0
17211,1.0,5665182.0,危牆狙擊,0.0,Q27964590,Geography.Regions.Americas.North_America,5665182.0,0.0,6.0,2122.0
17212,1.0,5665182.0,危牆狙擊,0.0,Q27964590,Geography.Regions.Europe.Europe*,5665182.0,0.0,6.0,2122.0
17213,1.0,5665490.0,在魔王城說晚安,1.0000100135803225,Q28684401,Culture.Visual_arts.Comics_and_Anime,5665490.0,0.0,13.0,1563.0
17214,1.0,5665490.0,在魔王城說晚安,1.0000100135803225,Q28684401,Culture.Visual_arts.Visual_arts*,5665490.0,0.0,13.0,1563.0
17215,1.0,5665490.0,在魔王城說晚安,0.9995221495628356,Q28684401,Culture.Literature,5665490.0,0.0,13.0,1563.0
17216,9.0,5670809.0,KKTV,0.2942249774932861,Q30944084,STEM.STEM*,5670809.0,88793.3417495275,13.0,2548.0
17217,9.0,5670809.0,KKTV,0.0,Q30944084,Geography.Regions.Asia.Asia*,5670809.0,88793.3417495275,13.0,2548.0
17218,9.0,5670809.0,KKTV,0.0,Q30944084,Geography.Regions.Americas.North_America,5670809.0,88793.3417495275,13.0,2548.0
17219,9.0,5670809.0,KKTV,0.0,Q30944084,Geography.Regions.Europe.Europe*,5670809.0,88793.3417495275,13.0,2548.0
17220,14.0,5671900.0,水行俠 (電影),0.997120440006256,Q22998395,Culture.Media.Films,5671900.0,27069.074568751803,6.0,13218.0
17221,14.0,5671900.0,水行俠 (電影),0.9952548146247864,Q22998395,Culture.Media.Media*,5671900.0,27069.074568751803,6.0,13218.0
17222,14.0,5671900.0,水行俠 (電影),0.538993239402771,Q22998395,Culture.Visual_arts.Comics_and_Anime,5671900.0,27069.074568751803,6.0,13218.0
17223,14.0,5671900.0,水行俠 (電影),0.4455395638942719,Q22998395,Culture.Literature,5671900.0,27069.074568751803,6.0,13218.0
17224,14.0,5671900.0,水行俠 (電影),0.3998216390609741,Q22998395,Culture.Visual_arts.Visual_arts*,5671900.0,27069.074568751803,6.0,13218.0
17225,14.0,5671900.0,水行俠 (電影),0.24509501457214355,Q22998395,Culture.Media.Entertainment,5671900.0,27069.074568751803,6.0,13218.0
17226,14.0,5671900.0,水行俠 (電影),0.10667316818237303,Q22998395,Geography.Regions.Americas.North_America,5671900.0,27069.074568751803,6.0,13218.0
17227,1.0,5673307.0,黑暗騎士三部曲,0.99219411611557,Q12859908,Culture.Media.Films,5673307.0,0.0,6.0,2179.0
17228,1.0,5673307.0,黑暗騎士三部曲,0.9893575310707092,Q12859908,Culture.Media.Media*,5673307.0,0.0,6.0,2179.0
17229,1.0,5673307.0,黑暗騎士三部曲,0.1259327530860901,Q12859908,Culture.Literature,5673307.0,0.0,6.0,2179.0
17230,1.0,5673307.0,黑暗騎士三部曲,0.0,Q12859908,Geography.Regions.Americas.North_America,5673307.0,0.0,6.0,2179.0
17231,2.0,5678295.0,最強岳母,0.9648651480674744,Q28324918,Culture.Media.Television,5678295.0,2028.8876481951638,12.0,1261.0
17232,2.0,5678295.0,最強岳母,0.952584147453308,Q28324918,Culture.Media.Media*,5678295.0,2028.8876481951638,12.0,1261.0
17233,2.0,5678295.0,最強岳母,0.3429050912857056,Q28324918,Geography.Regions.Asia.Asia*,5678295.0,2028.8876481951638,12.0,1261.0
17234,2.0,5678295.0,最強岳母,0.3257217874526977,Q28324918,Geography.Regions.Asia.Southeast_Asia,5678295.0,2028.8876481951638,12.0,1261.0
17235,1.0,5678899.0,亚诺马米人,0.3764868249893189,Q34188,Geography.Regions.Americas.South_America,5678899.0,0.0,10.0,1907.0
17236,1.0,5678899.0,亚诺马米人,0.22816647589206696,Q34188,History_and_Society.Society,5678899.0,0.0,10.0,1907.0
17237,1.0,5678899.0,亚诺马米人,0.13297423720359802,Q34188,History_and_Society.History,5678899.0,0.0,10.0,1907.0
17238,8.0,5679388.0,林奕含事件,0.9724247455596924,Q30945108,History_and_Society.Politics_and_government,5679388.0,14040.884616141597,2.0,3054.0
17239,8.0,5679388.0,林奕含事件,0.0,Q30945108,Geography.Regions.Oceania,5679388.0,14040.884616141597,2.0,3054.0
17240,8.0,5679388.0,林奕含事件,0.0,Q30945108,Geography.Regions.Americas.North_America,5679388.0,14040.884616141597,2.0,3054.0
17241,8.0,5679388.0,林奕含事件,0.0,Q30945108,Geography.Regions.Europe.Europe*,5679388.0,14040.884616141597,2.0,3054.0
17242,8.0,5679388.0,林奕含事件,0.0,Q30945108,Geography.Regions.Asia.Asia*,5679388.0,14040.884616141597,2.0,3054.0
17243,3.0,5686881.0,陳國星 (補習教師),0.5544804334640503,Q30946249,Culture.Biography.Biography*,5686881.0,8108.562350091374,2.0,2438.0
17244,3.0,5686881.0,陳國星 (補習教師),0.38492217659950256,Q30946249,Culture.Sports,5686881.0,8108.562350091374,2.0,2438.0
17245,3.0,5686881.0,陳國星 (補習教師),0.25392501258850103,Q30946249,Geography.Regions.Asia.Asia*,5686881.0,8108.562350091374,2.0,2438.0
17246,3.0,5686881.0,陳國星 (補習教師),0.20182321965694427,Q30946249,History_and_Society.History,5686881.0,8108.562350091374,2.0,2438.0
17247,3.0,5686881.0,陳國星 (補習教師),0.1713417043685913,Q30946249,Geography.Regions.Asia.East_Asia,5686881.0,8108.562350091374,2.0,2438.0
17248,3.0,5686881.0,陳國星 (補習教師),0.0,Q30946249,Geography.Regions.Asia.Southeast_Asia,5686881.0,8108.562350091374,2.0,2438.0
17249,2.0,5687349.0,在中國的黑人,0.7663036584854126,Q30004886,History_and_Society.Society,5687349.0,286.88185124720167,10.0,1888.0
17250,2.0,5687349.0,在中國的黑人,0.3893042674064636,Q30004886,Geography.Regions.Asia.Asia*,5687349.0,286.88185124720167,10.0,1888.0
17251,2.0,5687349.0,在中國的黑人,0.3276783227920532,Q30004886,Culture.Biography.Biography*,5687349.0,286.88185124720167,10.0,1888.0
17252,2.0,5687349.0,在中國的黑人,0.014629947185516357,Q30004886,Geography.Regions.Asia.East_Asia,5687349.0,286.88185124720167,10.0,1888.0
17253,4.0,5689814.0,屠杀,0.59267657995224,Q3199915,Culture.Philosophy_and_religion,5689814.0,5987.7552829878505,5.0,1787.0
17254,4.0,5689814.0,屠杀,0.4225146472454071,Q3199915,History_and_Society.History,5689814.0,5987.7552829878505,5.0,1787.0
17255,4.0,5689814.0,屠杀,0.3775506913661957,Q3199915,History_and_Society.Society,5689814.0,5987.7552829878505,5.0,1787.0
17256,4.0,5689814.0,屠杀,0.2227101624011993,Q3199915,History_and_Society.Politics_and_government,5689814.0,5987.7552829878505,5.0,1787.0
17257,4.0,5689814.0,屠杀,0.2120788097381592,Q3199915,Culture.Biography.Biography*,5689814.0,5987.7552829878505,5.0,1787.0
17258,4.0,5689814.0,屠杀,0.16027602553367615,Q3199915,History_and_Society.Military_and_warfare,5689814.0,5987.7552829878505,5.0,1787.0
17259,4.0,5689814.0,屠杀,0.0,Q3199915,Geography.Regions.Europe.Europe*,5689814.0,5987.7552829878505,5.0,1787.0
17260,4.0,5694069.0,阿伊努族,0.812877357006073,Q101828,History_and_Society.Society,5694069.0,2359.752971430329,13.0,3837.0
17261,4.0,5694069.0,阿伊努族,0.3276783227920532,Q101828,History_and_Society.History,5694069.0,2359.752971430329,13.0,3837.0
17262,4.0,5694069.0,阿伊努族,0.1259327530860901,Q101828,Culture.Philosophy_and_religion,5694069.0,2359.752971430329,13.0,3837.0
17263,4.0,5694069.0,阿伊努族,0.12253321707248688,Q101828,History_and_Society.Politics_and_government,5694069.0,2359.752971430329,13.0,3837.0
17264,4.0,5694069.0,阿伊努族,0.0,Q101828,Geography.Regions.Asia.Asia*,5694069.0,2359.752971430329,13.0,3837.0
17265,4.0,5694069.0,阿伊努族,0.0,Q101828,Geography.Regions.Asia.East_Asia,5694069.0,2359.752971430329,13.0,3837.0
17266,4.0,5694069.0,阿伊努族,0.0,Q101828,Geography.Geographical,5694069.0,2359.752971430329,13.0,3837.0
17267,3.0,5695186.0,機動戰士GUNDAM Twilight AXIS,0.9991540908813475,Q29142326,Culture.Literature,5695186.0,3942.0,13.0,1972.0
17268,3.0,5695186.0,機動戰士GUNDAM Twilight AXIS,0.8596737384796143,Q29142326,Culture.Media.Media*,5695186.0,3942.0,13.0,1972.0
17269,3.0,5695186.0,機動戰士GUNDAM Twilight AXIS,0.8519628047943115,Q29142326,Culture.Media.Books,5695186.0,3942.0,13.0,1972.0
17270,3.0,5695186.0,機動戰士GUNDAM Twilight AXIS,0.8267217874526978,Q29142326,Culture.Visual_arts.Visual_arts*,5695186.0,3942.0,13.0,1972.0
17271,3.0,5695186.0,機動戰士GUNDAM Twilight AXIS,0.8031837940216064,Q29142326,Culture.Visual_arts.Comics_and_Anime,5695186.0,3942.0,13.0,1972.0
17272,5.0,5700165.0,哈莉玛·雅各布,0.9990402460098268,Q5642345,Culture.Biography.Biography*,5700165.0,1841.322724914462,3.0,2586.0
17273,5.0,5700165.0,哈莉玛·雅各布,0.4986179938316345,Q5642345,Geography.Regions.Asia.Southeast_Asia,5700165.0,1841.322724914462,3.0,2586.0
17274,5.0,5700165.0,哈莉玛·雅各布,0.4956334104537964,Q5642345,Geography.Regions.Asia.Asia*,5700165.0,1841.322724914462,3.0,2586.0
17275,5.0,5700165.0,哈莉玛·雅各布,0.4688006341457367,Q5642345,Culture.Biography.Women,5700165.0,1841.322724914462,3.0,2586.0
17276,5.0,5700165.0,哈莉玛·雅各布,0.4532718360424042,Q5642345,History_and_Society.Politics_and_government,5700165.0,1841.322724914462,3.0,2586.0
17277,1.0,5701610.0,李歐·瓦拉德卡,0.9991540908813475,Q1728820,Culture.Biography.Biography*,5701610.0,0.0,1.0,2385.0
17278,1.0,5701610.0,李歐·瓦拉德卡,0.4949398508071899,Q1728820,Geography.Regions.Europe.Europe*,5701610.0,0.0,1.0,2385.0
17279,1.0,5701610.0,李歐·瓦拉德卡,0.4901626577377319,Q1728820,Geography.Regions.Europe.Northern_Europe,5701610.0,0.0,1.0,2385.0
17280,1.0,5701610.0,李歐·瓦拉德卡,0.26285186409950256,Q1728820,History_and_Society.Politics_and_government,5701610.0,0.0,1.0,2385.0
17281,1.0,5701610.0,李歐·瓦拉德卡,0.14034625887870789,Q1728820,History_and_Society.Society,5701610.0,0.0,1.0,2385.0
17282,1.0,5701610.0,李歐·瓦拉德卡,0.1067005917429924,Q1728820,Culture.Biography.Women,5701610.0,0.0,1.0,2385.0
17283,3.0,5703437.0,美好的意外,0.9991804361343384,Q30133650,Culture.Media.Films,5703437.0,3202.691331883599,12.0,7958.0
17284,3.0,5703437.0,美好的意外,0.9978272914886476,Q30133650,Culture.Media.Media*,5703437.0,3202.691331883599,12.0,7958.0
17285,3.0,5703437.0,美好的意外,0.1824355274438858,Q30133650,History_and_Society.Society,5703437.0,3202.691331883599,12.0,7958.0
17286,3.0,5703437.0,美好的意外,0.0,Q30133650,Geography.Regions.Asia.Asia*,5703437.0,3202.691331883599,12.0,7958.0
17287,3.0,5703437.0,美好的意外,0.0,Q30133650,Geography.Regions.Asia.East_Asia,5703437.0,3202.691331883599,12.0,7958.0
17288,2.0,5704238.0,母乳,0.9899964332580566,Q22728,STEM.STEM*,5704238.0,3942.0,10.0,2885.0
17289,2.0,5704238.0,母乳,0.8596737384796143,Q22728,STEM.Medicine_&_Health,5704238.0,3942.0,10.0,2885.0
17290,2.0,5704238.0,母乳,0.6370407938957214,Q22728,STEM.Biology,5704238.0,3942.0,10.0,2885.0
17291,8.0,5707185.0,悟空传,0.9954004287719728,Q30948928,Culture.Media.Media*,5707185.0,20495.2243603085,12.0,4197.0
17292,8.0,5707185.0,悟空传,0.9859463572502136,Q30948928,Culture.Media.Films,5707185.0,20495.2243603085,12.0,4197.0
17293,8.0,5707185.0,悟空传,0.4738311638832092,Q30948928,Geography.Regions.Asia.East_Asia,5707185.0,20495.2243603085,12.0,4197.0
17294,8.0,5707185.0,悟空传,0.459371196269989,Q30948928,Geography.Regions.Asia.Asia*,5707185.0,20495.2243603085,12.0,4197.0
17295,19.0,5707491.0,生化危机 (2002年游戏),1.0000100135803225,Q622336,Culture.Internet_culture,5707491.0,40.58799236469674,9.0,4308.0
17296,19.0,5707491.0,生化危机 (2002年游戏),1.0000100135803225,Q622336,Culture.Media.Media*,5707491.0,40.58799236469674,9.0,4308.0
17297,19.0,5707491.0,生化危机 (2002年游戏),1.0000100135803225,Q622336,Culture.Media.Video_games,5707491.0,40.58799236469674,9.0,4308.0
17298,19.0,5707491.0,生化危机 (2002年游戏),0.1067005917429924,Q622336,Culture.Media.Entertainment,5707491.0,40.58799236469674,9.0,4308.0
17299,1.0,5708721.0,徐宜淑,0.9566442370414734,Q15303981,Culture.Biography.Biography*,5708721.0,0.0,0.0,2385.0
17300,1.0,5708721.0,徐宜淑,0.4569222798347473,Q15303981,Geography.Regions.Asia.East_Asia,5708721.0,0.0,0.0,2385.0
17301,1.0,5708721.0,徐宜淑,0.4456066956520081,Q15303981,Geography.Regions.Asia.Asia*,5708721.0,0.0,0.0,2385.0
17302,1.0,5708721.0,徐宜淑,0.33459946513175964,Q15303981,Culture.Biography.Women,5708721.0,0.0,0.0,2385.0
17303,31.0,5715990.0,死侍2,0.9883227348327636,Q25431158,Culture.Media.Media*,5715990.0,33978.35189976441,6.0,3392.0
17304,31.0,5715990.0,死侍2,0.9820237755775452,Q25431158,Culture.Media.Films,5715990.0,33978.35189976441,6.0,3392.0
17305,31.0,5715990.0,死侍2,0.320831298828125,Q25431158,Culture.Visual_arts.Comics_and_Anime,5715990.0,33978.35189976441,6.0,3392.0
17306,31.0,5715990.0,死侍2,0.320831298828125,Q25431158,Culture.Literature,5715990.0,33978.35189976441,6.0,3392.0
17307,31.0,5715990.0,死侍2,0.2393593490123749,Q25431158,Culture.Visual_arts.Visual_arts*,5715990.0,33978.35189976441,6.0,3392.0
17308,31.0,5715990.0,死侍2,0.1520422399044037,Q25431158,Culture.Media.Entertainment,5715990.0,33978.35189976441,6.0,3392.0
17309,31.0,5715990.0,死侍2,0.11409788036346435,Q25431158,Geography.Regions.Americas.North_America,5715990.0,33978.35189976441,6.0,3392.0
17310,2.0,5716144.0,李方酒店管理集團,1.0000100135803225,Q30950071,Culture.Biography.Biography*,5716144.0,3942.0,3.0,1747.0
17311,2.0,5716144.0,李方酒店管理集團,1.0000100135803225,Q30950071,History_and_Society.Society,5716144.0,3942.0,3.0,1747.0
17312,2.0,5716144.0,李方酒店管理集團,0.8634016513824463,Q30950071,History_and_Society.Business_and_economics,5716144.0,3942.0,3.0,1747.0
17313,2.0,5716144.0,李方酒店管理集團,0.4990100135803223,Q30950071,Geography.Regions.Asia.Asia*,5716144.0,3942.0,3.0,1747.0
17314,2.0,5716144.0,李方酒店管理集團,0.4990100135803223,Q30950071,Geography.Regions.Asia.East_Asia,5716144.0,3942.0,3.0,1747.0
17315,2.0,5716144.0,李方酒店管理集團,0.3629792034626007,Q30950071,Culture.Media.Media*,5716144.0,3942.0,3.0,1747.0
17316,2.0,5716144.0,李方酒店管理集團,0.23371636867523196,Q30950071,Culture.Media.Television,5716144.0,3942.0,3.0,1747.0
17317,2.0,5716144.0,李方酒店管理集團,0.19194278120994568,Q30950071,STEM.STEM*,5716144.0,3942.0,3.0,1747.0
17318,2.0,5719913.0,美沙關係,0.8221991658210754,Q7424667,History_and_Society.Politics_and_government,5719913.0,0.0,5.0,1175.0
17319,2.0,5719913.0,美沙關係,0.3696072568893433,Q7424667,Geography.Regions.Asia.Asia*,5719913.0,0.0,5.0,1175.0
17320,2.0,5719913.0,美沙關係,0.1713417043685913,Q7424667,Geography.Regions.Americas.North_America,5719913.0,0.0,5.0,1175.0
17321,2.0,5719913.0,美沙關係,0.08411114120483397,Q7424667,Geography.Regions.Asia.West_Asia,5719913.0,0.0,5.0,1175.0
17322,2.0,5721125.0,终结者电影系列,0.9433575868606568,Q620588,Culture.Media.Media*,5721125.0,3942.0,13.0,2032.0
17323,2.0,5721125.0,终结者电影系列,0.6442351341247559,Q620588,Culture.Media.Films,5721125.0,3942.0,13.0,2032.0
17324,2.0,5721125.0,终结者电影系列,0.4301573634147644,Q620588,Culture.Media.Entertainment,5721125.0,3942.0,13.0,2032.0
17325,2.0,5721125.0,终结者电影系列,0.287777841091156,Q620588,Culture.Literature,5721125.0,3942.0,13.0,2032.0
17326,2.0,5721125.0,终结者电影系列,0.0,Q620588,Geography.Regions.Americas.North_America,5721125.0,3942.0,13.0,2032.0
17327,2.0,5723266.0,蕩寇風雲,0.9715740084648132,Q30326663,Culture.Media.Films,5723266.0,95.558702897563,12.0,1046.0
17328,2.0,5723266.0,蕩寇風雲,0.952584147453308,Q30326663,Culture.Media.Media*,5723266.0,95.558702897563,12.0,1046.0
17329,2.0,5723266.0,蕩寇風雲,0.4722507467269898,Q30326663,Geography.Regions.Asia.East_Asia,5723266.0,95.558702897563,12.0,1046.0
17330,2.0,5723266.0,蕩寇風雲,0.23006861114501956,Q30326663,Geography.Regions.Asia.Asia*,5723266.0,95.558702897563,12.0,1046.0
17331,2.0,5723667.0,索艾克,0.9399233460426332,Q30950804,Culture.Biography.Biography*,5723667.0,1771.4703126245106,4.0,2234.0
17332,2.0,5723667.0,索艾克,0.3007555902004242,Q30950804,Culture.Sports,5723667.0,1771.4703126245106,4.0,2234.0
17333,2.0,5723667.0,索艾克,0.16886694729328156,Q30950804,History_and_Society.Politics_and_government,5723667.0,1771.4703126245106,4.0,2234.0
17334,2.0,5723667.0,索艾克,0.0,Q30950804,Geography.Regions.Americas.North_America,5723667.0,1771.4703126245106,4.0,2234.0
17335,2.0,5723667.0,索艾克,0.0,Q30950804,Geography.Regions.Oceania,5723667.0,1771.4703126245106,4.0,2234.0
17336,2.0,5723667.0,索艾克,0.0,Q30950804,Geography.Regions.Europe.Europe*,5723667.0,1771.4703126245106,4.0,2234.0
17337,5.0,5723928.0,英倫對決,0.991162657737732,Q22252048,Culture.Media.Films,5723928.0,4495.691276025494,12.0,1745.0
17338,5.0,5723928.0,英倫對決,0.9886782765388488,Q22252048,Culture.Media.Media*,5723928.0,4495.691276025494,12.0,1745.0
17339,5.0,5723928.0,英倫對決,0.0,Q22252048,Geography.Regions.Europe.Europe*,5723928.0,4495.691276025494,12.0,1745.0
17340,5.0,5723928.0,英倫對決,0.0,Q22252048,Geography.Regions.Europe.Northern_Europe,5723928.0,4495.691276025494,12.0,1745.0
17341,5.0,5723928.0,英倫對決,0.0,Q22252048,Geography.Regions.Asia.Asia*,5723928.0,4495.691276025494,12.0,1745.0
17342,5.0,5723928.0,英倫對決,0.0,Q22252048,Geography.Regions.Americas.North_America,5723928.0,4495.691276025494,12.0,1745.0
17343,32.0,5728026.0,蟻人與黃蜂女,0.9914325475692748,Q22957393,Culture.Media.Media*,5728026.0,36150.62130227175,6.0,3461.0
17344,32.0,5728026.0,蟻人與黃蜂女,0.9886782765388488,Q22957393,Culture.Media.Films,5728026.0,36150.62130227175,6.0,3461.0
17345,32.0,5728026.0,蟻人與黃蜂女,0.4225146472454071,Q22957393,Culture.Literature,5728026.0,36150.62130227175,6.0,3461.0
17346,32.0,5728026.0,蟻人與黃蜂女,0.3998216390609741,Q22957393,Culture.Visual_arts.Comics_and_Anime,5728026.0,36150.62130227175,6.0,3461.0
17347,32.0,5728026.0,蟻人與黃蜂女,0.3007555902004242,Q22957393,Culture.Visual_arts.Visual_arts*,5728026.0,36150.62130227175,6.0,3461.0
17348,32.0,5728026.0,蟻人與黃蜂女,0.1520422399044037,Q22957393,Culture.Media.Entertainment,5728026.0,36150.62130227175,6.0,3461.0
17349,32.0,5728026.0,蟻人與黃蜂女,0.0,Q22957393,Geography.Regions.Americas.North_America,5728026.0,36150.62130227175,6.0,3461.0
17350,10.0,5732066.0,变形金刚电影系列,0.9952548146247864,Q2073466,Culture.Media.Media*,5732066.0,18680.37830135956,6.0,3260.0
17351,10.0,5732066.0,变形金刚电影系列,0.9875783920288086,Q2073466,Culture.Media.Entertainment,5732066.0,18680.37830135956,6.0,3260.0
17352,10.0,5732066.0,变形金刚电影系列,0.9637899398803712,Q2073466,Culture.Media.Films,5732066.0,18680.37830135956,6.0,3260.0
17353,10.0,5732066.0,变形金刚电影系列,0.538993239402771,Q2073466,Culture.Visual_arts.Visual_arts*,5732066.0,18680.37830135956,6.0,3260.0
17354,10.0,5732066.0,变形金刚电影系列,0.5234303474426271,Q2073466,Culture.Visual_arts.Comics_and_Anime,5732066.0,18680.37830135956,6.0,3260.0
17355,10.0,5732066.0,变形金刚电影系列,0.33459946513175964,Q2073466,Culture.Media.Television,5732066.0,18680.37830135956,6.0,3260.0
17356,10.0,5732066.0,变形金刚电影系列,0.0,Q2073466,Geography.Regions.Americas.North_America,5732066.0,18680.37830135956,6.0,3260.0
17357,51.0,5735621.0,復仇者聯盟：終局之戰,0.9875783920288086,Q23781155,Culture.Media.Media*,5735621.0,119434.01551283205,6.0,37960.0
17358,51.0,5735621.0,復仇者聯盟：終局之戰,0.9830951094627379,Q23781155,Culture.Media.Films,5735621.0,119434.01551283205,6.0,37960.0
17359,51.0,5735621.0,復仇者聯盟：終局之戰,0.6370407938957214,Q23781155,Culture.Literature,5735621.0,119434.01551283205,6.0,37960.0
17360,51.0,5735621.0,復仇者聯盟：終局之戰,0.546748161315918,Q23781155,Culture.Visual_arts.Comics_and_Anime,5735621.0,119434.01551283205,6.0,37960.0
17361,51.0,5735621.0,復仇者聯盟：終局之戰,0.40734341740608215,Q23781155,Culture.Visual_arts.Visual_arts*,5735621.0,119434.01551283205,6.0,37960.0
17362,51.0,5735621.0,復仇者聯盟：終局之戰,0.2069040536880493,Q23781155,Culture.Media.Entertainment,5735621.0,119434.01551283205,6.0,37960.0
17363,51.0,5735621.0,復仇者聯盟：終局之戰,0.0,Q23781155,Geography.Regions.Americas.North_America,5735621.0,119434.01551283205,6.0,37960.0
17364,2.0,5738918.0,胡慧冲,0.8596737384796143,Q15924438,Culture.Biography.Biography*,5738918.0,0.0,12.0,2674.0
17365,2.0,5738918.0,胡慧冲,0.4532718360424042,Q15924438,Culture.Food_and_drink,5738918.0,0.0,12.0,2674.0
17366,2.0,5738918.0,胡慧冲,0.0991983880996704,Q15924438,Geography.Regions.Asia.Asia*,5738918.0,0.0,12.0,2674.0
17367,2.0,5738918.0,胡慧冲,0.0,Q15924438,Geography.Regions.Asia.East_Asia,5738918.0,0.0,12.0,2674.0
17368,1.0,5739971.0,李蔓瑩,0.9855064153671264,Q28650606,Culture.Biography.Biography*,5739971.0,0.0,12.0,1653.0
17369,1.0,5739971.0,李蔓瑩,0.3301530351638794,Q28650606,Geography.Regions.Asia.East_Asia,5739971.0,0.0,12.0,1653.0
17370,1.0,5739971.0,李蔓瑩,0.3301530351638794,Q28650606,Geography.Regions.Asia.Asia*,5739971.0,0.0,12.0,1653.0
17371,1.0,5739971.0,李蔓瑩,0.10088862478733064,Q28650606,Culture.Biography.Women,5739971.0,0.0,12.0,1653.0
17372,1.0,5743360.0,闪光少女 (电影),0.99219411611557,Q47495133,Culture.Media.Media*,5743360.0,0.0,7.0,2346.0
17373,1.0,5743360.0,闪光少女 (电影),0.9893575310707092,Q47495133,Culture.Media.Films,5743360.0,0.0,7.0,2346.0
17374,1.0,5743360.0,闪光少女 (电影),0.4927201142311096,Q47495133,Geography.Regions.Asia.Asia*,5743360.0,0.0,7.0,2346.0
17375,1.0,5743360.0,闪光少女 (电影),0.3923194279670715,Q47495133,Geography.Regions.Asia.East_Asia,5743360.0,0.0,7.0,2346.0
17376,3.0,5743386.0,王宣 (藝人),0.9637899398803712,Q47673415,Culture.Biography.Biography*,5743386.0,3053.982384684856,4.0,1881.0
17377,3.0,5743386.0,王宣 (藝人),0.320831298828125,Q47673415,Culture.Sports,5743386.0,3053.982384684856,4.0,1881.0
17378,3.0,5743386.0,王宣 (藝人),0.270853506565094,Q47673415,Geography.Regions.Asia.East_Asia,5743386.0,3053.982384684856,4.0,1881.0
17379,3.0,5743386.0,王宣 (藝人),0.19165198707580566,Q47673415,Geography.Regions.Asia.Asia*,5743386.0,3053.982384684856,4.0,1881.0
17380,3.0,5743386.0,王宣 (藝人),0.13661839067935946,Q47673415,Culture.Biography.Women,5743386.0,3053.982384684856,4.0,1881.0
17381,3.0,5743386.0,王宣 (藝人),0.1097157895565033,Q47673415,History_and_Society.History,5743386.0,3053.982384684856,4.0,1881.0
17382,2.0,5743635.0,胡桃鉗與奇幻四國,0.9983615279197692,Q24290097,Culture.Media.Films,5743635.0,5353.3393205125685,8.0,1726.0
17383,2.0,5743635.0,胡桃鉗與奇幻四國,0.99593985080719,Q24290097,Culture.Media.Media*,5743635.0,5353.3393205125685,8.0,1726.0
17384,2.0,5743635.0,胡桃鉗與奇幻四國,0.0,Q24290097,Geography.Regions.Americas.North_America,5743635.0,5353.3393205125685,8.0,1726.0
17385,7.0,5746095.0,黃恩賜 (1996年),0.996837317943573,Q47673482,Culture.Sports,5746095.0,2532.920826989449,4.0,0.0
17386,7.0,5746095.0,黃恩賜 (1996年),0.996837317943573,Q47673482,Culture.Biography.Biography*,5746095.0,2532.920826989449,4.0,0.0
17387,7.0,5746095.0,黃恩賜 (1996年),0.10375863313674928,Q47673482,History_and_Society.Society,5746095.0,2532.920826989449,4.0,0.0
17388,7.0,5746095.0,黃恩賜 (1996年),0.0,Q47673482,Geography.Regions.Asia.Asia*,5746095.0,2532.920826989449,4.0,0.0
17389,7.0,5746095.0,黃恩賜 (1996年),0.0,Q47673482,Geography.Regions.Asia.East_Asia,5746095.0,2532.920826989449,4.0,0.0
17390,3.0,5746952.0,江宜蓉,1.0000100135803225,Q47665497,Culture.Biography.Biography*,5746952.0,2227.754921809174,4.0,169.0
17391,3.0,5746952.0,江宜蓉,0.9659096002578736,Q47665497,History_and_Society.Society,5746952.0,2227.754921809174,4.0,169.0
17392,3.0,5746952.0,江宜蓉,0.546748161315918,Q47665497,Culture.Biography.Women,5746952.0,2227.754921809174,4.0,169.0
17393,3.0,5746952.0,江宜蓉,0.4705740084648132,Q47665497,Geography.Regions.Asia.East_Asia,5746952.0,2227.754921809174,4.0,169.0
17394,3.0,5746952.0,江宜蓉,0.4581643214225769,Q47665497,Geography.Regions.Asia.Asia*,5746952.0,2227.754921809174,4.0,169.0
17395,1.0,5748994.0,郵報：密戰,0.9947898983955384,Q30203425,Culture.Media.Films,5748994.0,0.0,6.0,2209.0
17396,1.0,5748994.0,郵報：密戰,0.9931061863899232,Q30203425,Culture.Media.Media*,5748994.0,0.0,6.0,2209.0
17397,1.0,5748994.0,郵報：密戰,0.04574816131591797,Q30203425,Geography.Regions.Americas.North_America,5748994.0,0.0,6.0,2209.0
17398,1.0,5749849.0,风光大嫁,0.2942249774932861,Q48890217,STEM.STEM*,5749849.0,0.0,7.0,1098.0
17399,1.0,5749849.0,风光大嫁,0.0,Q48890217,Geography.Regions.Asia.Asia*,5749849.0,0.0,7.0,1098.0
17400,1.0,5749849.0,风光大嫁,0.0,Q48890217,Geography.Regions.Americas.North_America,5749849.0,0.0,7.0,1098.0
17401,1.0,5749849.0,风光大嫁,0.0,Q48890217,Geography.Regions.Europe.Europe*,5749849.0,0.0,7.0,1098.0
17402,4.0,5751338.0,沃爾庇杯最佳女演員獎,0.6584275364875793,Q2089918,Culture.Media.Media*,5751338.0,6310.016224844001,6.0,1198.0
17403,4.0,5751338.0,沃爾庇杯最佳女演員獎,0.6370407938957214,Q2089918,Culture.Media.Films,5751338.0,6310.016224844001,6.0,1198.0
17404,4.0,5751338.0,沃爾庇杯最佳女演員獎,0.14805719256401062,Q2089918,STEM.STEM*,5751338.0,6310.016224844001,6.0,1198.0
17405,4.0,5751338.0,沃爾庇杯最佳女演員獎,0.1259327530860901,Q2089918,History_and_Society.Politics_and_government,5751338.0,6310.016224844001,6.0,1198.0
17406,4.0,5751338.0,沃爾庇杯最佳女演員獎,0.10088862478733064,Q2089918,History_and_Society.Society,5751338.0,6310.016224844001,6.0,1198.0
17407,4.0,5751338.0,沃爾庇杯最佳女演員獎,0.06886266374588013,Q2089918,Geography.Regions.Europe.Europe*,5751338.0,6310.016224844001,6.0,1198.0
17408,4.0,5751338.0,沃爾庇杯最佳女演員獎,0.0,Q2089918,Geography.Regions.Europe.Southern_Europe,5751338.0,6310.016224844001,6.0,1198.0
17409,1.0,5752264.0,陳漢娜,0.974052667617798,Q47665707,Culture.Biography.Biography*,5752264.0,0.0,12.0,1785.0
17410,1.0,5752264.0,陳漢娜,0.6584275364875793,Q47665707,Culture.Biography.Women,5752264.0,0.0,12.0,1785.0
17411,1.0,5752264.0,陳漢娜,0.3696072568893433,Q47665707,Geography.Regions.Asia.East_Asia,5752264.0,0.0,12.0,1785.0
17412,1.0,5752264.0,陳漢娜,0.311877357006073,Q47665707,Geography.Regions.Asia.Asia*,5752264.0,0.0,12.0,1785.0
17413,1.0,5752264.0,陳漢娜,0.13297423720359802,Q47665707,Culture.Media.Music,5752264.0,0.0,12.0,1785.0
17414,4.0,5755762.0,岱毅,0.9914325475692748,Q33732197,Culture.Biography.Biography*,5755762.0,4002.504429888877,4.0,1563.0
17415,4.0,5755762.0,岱毅,0.10667316818237303,Q33732197,Geography.Regions.Asia.Asia*,5755762.0,4002.504429888877,4.0,1563.0
17416,4.0,5755762.0,岱毅,0.04574816131591797,Q33732197,Geography.Regions.Asia.East_Asia,5755762.0,4002.504429888877,4.0,1563.0
17417,1.0,5756228.0,六角國際集團,1.0000100135803225,Q48895416,Culture.Biography.Biography*,5756228.0,0.0,3.0,2186.0
17418,1.0,5756228.0,六角國際集團,1.0000100135803225,Q48895416,History_and_Society.Society,5756228.0,0.0,3.0,2186.0
17419,1.0,5756228.0,六角國際集團,0.9931061863899232,Q48895416,History_and_Society.Business_and_economics,5756228.0,0.0,3.0,2186.0
17420,1.0,5756228.0,六角國際集團,0.7431780099868774,Q48895416,History_and_Society.History,5756228.0,0.0,3.0,2186.0
17421,1.0,5756228.0,六角國際集團,0.4990100135803223,Q48895416,Geography.Regions.Asia.East_Asia,5756228.0,0.0,3.0,2186.0
17422,1.0,5756228.0,六角國際集團,0.4990100135803223,Q48895416,Geography.Regions.Asia.Asia*,5756228.0,0.0,3.0,2186.0
17423,1.0,5756228.0,六角國際集團,0.3276783227920532,Q48895416,STEM.Medicine_&_Health,5756228.0,0.0,3.0,2186.0
17424,1.0,5756228.0,六角國際集團,0.14805719256401062,Q48895416,Culture.Media.Media*,5756228.0,0.0,3.0,2186.0
17425,1.0,5756228.0,六角國際集團,0.11597072333097458,Q48895416,Culture.Food_and_drink,5756228.0,0.0,3.0,2186.0
17426,7.0,5760178.0,大黃蜂 (電影),0.9985088109970092,Q34220038,Culture.Media.Media*,5760178.0,8743.300311776924,6.0,4232.0
17427,7.0,5760178.0,大黃蜂 (電影),0.9972950220108032,Q34220038,Culture.Media.Films,5760178.0,8743.300311776924,6.0,4232.0
17428,7.0,5760178.0,大黃蜂 (電影),0.4532718360424042,Q34220038,Culture.Media.Entertainment,5760178.0,8743.300311776924,6.0,4232.0
17429,7.0,5760178.0,大黃蜂 (電影),0.1968362182378769,Q34220038,Culture.Visual_arts.Comics_and_Anime,5760178.0,8743.300311776924,6.0,4232.0
17430,7.0,5760178.0,大黃蜂 (電影),0.14415885508060455,Q34220038,Culture.Visual_arts.Visual_arts*,5760178.0,8743.300311776924,6.0,4232.0
17431,7.0,5760178.0,大黃蜂 (電影),0.0,Q34220038,Geography.Regions.Americas.North_America,5760178.0,8743.300311776924,6.0,4232.0
17432,9.0,5764505.0,The Package,0.7248802781105042,Q27699091,Culture.Media.Media*,5764505.0,10970.574399260706,13.0,3306.0
17433,9.0,5764505.0,The Package,0.6150978803634644,Q27699091,Culture.Media.Television,5764505.0,10970.574399260706,13.0,3306.0
17434,9.0,5764505.0,The Package,0.4605437984466553,Q27699091,Geography.Regions.Asia.Asia*,5764505.0,10970.574399260706,13.0,3306.0
17435,9.0,5764505.0,The Package,0.4231518378257752,Q27699091,Geography.Regions.Asia.East_Asia,5764505.0,10970.574399260706,13.0,3306.0
17436,6.0,5766153.0,瞞天過海：八面玲瓏,0.9972090721130372,Q25627545,Culture.Media.Films,5766153.0,11397.562939518943,6.0,3288.0
17437,6.0,5766153.0,瞞天過海：八面玲瓏,0.994455099105835,Q25627545,Culture.Media.Media*,5766153.0,11397.562939518943,6.0,3288.0
17438,6.0,5766153.0,瞞天過海：八面玲瓏,0.10375863313674928,Q25627545,Culture.Media.Entertainment,5766153.0,11397.562939518943,6.0,3288.0
17439,6.0,5766153.0,瞞天過海：八面玲瓏,0.006821857929229736,Q25627545,Geography.Regions.Americas.North_America,5766153.0,11397.562939518943,6.0,3288.0
17440,6.0,5766153.0,瞞天過海：八面玲瓏,0.0,Q25627545,Geography.Regions.Europe.Europe*,5766153.0,11397.562939518943,6.0,3288.0
17441,8.0,5769258.0,陳玉珍 (金門),1.0000100135803225,Q48896684,Culture.Biography.Biography*,5769258.0,2961.906262833845,2.0,28049.0
17442,8.0,5769258.0,陳玉珍 (金門),0.9935217499732972,Q48896684,History_and_Society.Society,5769258.0,2961.906262833845,2.0,28049.0
17443,8.0,5769258.0,陳玉珍 (金門),0.8031837940216064,Q48896684,Culture.Biography.Women,5769258.0,2961.906262833845,2.0,28049.0
17444,8.0,5769258.0,陳玉珍 (金門),0.4831036200523377,Q48896684,Geography.Regions.Asia.East_Asia,5769258.0,2961.906262833845,2.0,28049.0
17445,8.0,5769258.0,陳玉珍 (金門),0.4669093360900879,Q48896684,Geography.Regions.Asia.Asia*,5769258.0,2961.906262833845,2.0,28049.0
17446,6.0,5788589.0,Just Because!,0.9914325475692748,Q30642130,Culture.Literature,5788589.0,11945.172295818184,13.0,2213.0
17447,6.0,5788589.0,Just Because!,0.9908843636512756,Q30642130,Culture.Visual_arts.Visual_arts*,5788589.0,11945.172295818184,13.0,2213.0
17448,6.0,5788589.0,Just Because!,0.9796776771545409,Q30642130,Culture.Visual_arts.Comics_and_Anime,5788589.0,11945.172295818184,13.0,2213.0
17449,6.0,5788589.0,Just Because!,0.2120788097381592,Q30642130,Culture.Media.Media*,5788589.0,11945.172295818184,13.0,2213.0
17450,4.0,5791193.0,國王遊戲 The Animation,1.0000100135803225,Q37119147,Culture.Literature,5791193.0,3763.726531881352,13.0,2844.0
17451,4.0,5791193.0,國王遊戲 The Animation,1.0000100135803225,Q37119147,Culture.Visual_arts.Visual_arts*,5791193.0,3763.726531881352,13.0,2844.0
17452,4.0,5791193.0,國王遊戲 The Animation,1.0000100135803225,Q37119147,Culture.Visual_arts.Comics_and_Anime,5791193.0,3763.726531881352,13.0,2844.0
17453,1.0,5791566.0,閨蜜2,0.9993433356285096,Q48897076,Culture.Media.Films,5791566.0,0.0,12.0,1759.0
17454,1.0,5791566.0,閨蜜2,0.996185541152954,Q48897076,Culture.Media.Media*,5791566.0,0.0,12.0,1759.0
17455,1.0,5791566.0,閨蜜2,0.0,Q48897076,Geography.Regions.Asia.East_Asia,5791566.0,0.0,12.0,1759.0
17456,1.0,5791566.0,閨蜜2,0.0,Q48897076,Geography.Regions.Asia.Asia*,5791566.0,0.0,12.0,1759.0
17457,3.0,5794142.0,狂獸,0.9985088109970092,Q44402758,Culture.Media.Media*,5794142.0,53.576795131696045,12.0,2781.0
17458,3.0,5794142.0,狂獸,0.9980222582817078,Q44402758,Culture.Media.Films,5794142.0,53.576795131696045,12.0,2781.0
17459,3.0,5794142.0,狂獸,0.17818872833251953,Q44402758,Geography.Regions.Asia.East_Asia,5794142.0,53.576795131696045,12.0,2781.0
17460,3.0,5794142.0,狂獸,0.06886266374588013,Q44402758,Geography.Regions.Asia.Asia*,5794142.0,53.576795131696045,12.0,2781.0
17461,2.0,5795053.0,陰陽路,0.9935217499732972,Q3540912,Culture.Media.Media*,5795053.0,153.33466032146853,12.0,1599.0
17462,2.0,5795053.0,陰陽路,0.967909336090088,Q3540912,Culture.Media.Films,5795053.0,153.33466032146853,12.0,1599.0
17463,2.0,5795053.0,陰陽路,0.37980710172653204,Q3540912,Geography.Regions.Asia.Asia*,5795053.0,153.33466032146853,12.0,1599.0
17464,2.0,5795053.0,陰陽路,0.35867373847961426,Q3540912,Geography.Regions.Asia.East_Asia,5795053.0,153.33466032146853,12.0,1599.0
17465,3.0,5795573.0,章廣辰,0.9939124584197998,Q47545983,Culture.Biography.Biography*,5795573.0,4586.909228427088,12.0,2607.0
17466,3.0,5795573.0,章廣辰,0.14323513412475586,Q47545983,Geography.Regions.Asia.Asia*,5795573.0,4586.909228427088,12.0,2607.0
17467,3.0,5795573.0,章廣辰,0.0,Q47545983,Geography.Regions.Asia.East_Asia,5795573.0,4586.909228427088,12.0,2607.0
17468,3.0,5795573.0,章廣辰,0.0,Q47545983,Geography.Regions.Asia.South_Asia,5795573.0,4586.909228427088,12.0,2607.0
17469,3.0,5795573.0,章廣辰,0.0,Q47545983,Geography.Regions.Europe.Europe*,5795573.0,4586.909228427088,12.0,2607.0
17470,3.0,5862830.0,金珉奎,0.9796776771545409,Q21824887,Culture.Biography.Biography*,5862830.0,816.2704385008417,0.0,2219.0
17471,3.0,5862830.0,金珉奎,0.3165845146179199,Q21824887,Geography.Regions.Asia.Asia*,5862830.0,816.2704385008417,0.0,2219.0
17472,3.0,5862830.0,金珉奎,0.3165845146179199,Q21824887,Geography.Regions.Asia.East_Asia,5862830.0,816.2704385008417,0.0,2219.0
17473,3.0,5862830.0,金珉奎,0.2227101624011993,Q21824887,Culture.Media.Music,5862830.0,816.2704385008417,0.0,2219.0
17474,3.0,5862830.0,金珉奎,0.16452647745609286,Q21824887,Culture.Media.Media*,5862830.0,816.2704385008417,0.0,2219.0
17475,4.0,5863826.0,趙銀政,0.9979592561721802,Q47667470,Culture.Biography.Biography*,5863826.0,9419.630010656014,0.0,40373.0
17476,4.0,5863826.0,趙銀政,0.19194278120994568,Q47667470,Culture.Sports,5863826.0,9419.630010656014,0.0,40373.0
17477,4.0,5863826.0,趙銀政,0.17818872833251953,Q47667470,Geography.Regions.Asia.East_Asia,5863826.0,9419.630010656014,0.0,40373.0
17478,4.0,5863826.0,趙銀政,0.14323513412475586,Q47667470,Geography.Regions.Asia.Asia*,5863826.0,9419.630010656014,0.0,40373.0
17479,7.0,5866712.0,終極宇宙角色列表,0.2942249774932861,Q48898940,STEM.STEM*,5866712.0,7843.650591950723,4.0,1734.0
17480,7.0,5866712.0,終極宇宙角色列表,0.0,Q48898940,Geography.Regions.Asia.Asia*,5866712.0,7843.650591950723,4.0,1734.0
17481,7.0,5866712.0,終極宇宙角色列表,0.0,Q48898940,Geography.Regions.Americas.North_America,5866712.0,7843.650591950723,4.0,1734.0
17482,7.0,5866712.0,終極宇宙角色列表,0.0,Q48898940,Geography.Regions.Europe.Europe*,5866712.0,7843.650591950723,4.0,1734.0
17483,1.0,5875846.0,巴霍巴利王：磅礴終章,0.9983093142509459,Q21001674,Culture.Media.Films,5875846.0,0.0,11.0,1548.0
17484,1.0,5875846.0,巴霍巴利王：磅礴終章,0.9963027834892272,Q21001674,Culture.Media.Media*,5875846.0,0.0,11.0,1548.0
17485,1.0,5875846.0,巴霍巴利王：磅礴終章,0.4515841474533081,Q21001674,Geography.Regions.Asia.South_Asia,5875846.0,0.0,11.0,1548.0
17486,1.0,5875846.0,巴霍巴利王：磅礴終章,0.43713401460647583,Q21001674,Geography.Regions.Asia.Asia*,5875846.0,0.0,11.0,1548.0
17487,1.0,5883341.0,疾速救援,0.9954004287719728,Q27566067,Culture.Media.Films,5883341.0,0.0,6.0,1504.0
17488,1.0,5883341.0,疾速救援,0.9883227348327636,Q27566067,Culture.Media.Media*,5883341.0,0.0,6.0,1504.0
17489,1.0,5883341.0,疾速救援,0.0,Q27566067,Geography.Regions.Americas.North_America,5883341.0,0.0,6.0,1504.0
17490,1.0,5883341.0,疾速救援,0.0,Q27566067,Geography.Regions.Europe.Europe*,5883341.0,0.0,6.0,1504.0
17491,2.0,5889380.0,吳昆達,0.9814634323120116,Q47668311,Culture.Biography.Biography*,5889380.0,235.34102333160843,12.0,1382.0
17492,2.0,5889380.0,吳昆達,0.18714269995689392,Q47668311,History_and_Society.Society,5889380.0,235.34102333160843,12.0,1382.0
17493,2.0,5889380.0,吳昆達,0.0991983880996704,Q47668311,Geography.Regions.Asia.Asia*,5889380.0,235.34102333160843,12.0,1382.0
17494,2.0,5889380.0,吳昆達,0.0,Q47668311,Geography.Regions.Asia.East_Asia,5889380.0,235.34102333160843,12.0,1382.0
17495,2.0,5891914.0,決勝女王,0.9946250915527344,Q27888445,Culture.Media.Films,5891914.0,0.0,6.0,5968.0
17496,2.0,5891914.0,決勝女王,0.9890230894088744,Q27888445,Culture.Media.Media*,5891914.0,0.0,6.0,5968.0
17497,2.0,5891914.0,決勝女王,0.19826446676254272,Q27888445,Geography.Regions.Americas.North_America,5891914.0,0.0,6.0,5968.0
17498,2.0,5891914.0,決勝女王,0.0,Q27888445,Geography.Regions.Europe.Europe*,5891914.0,0.0,6.0,5968.0
17499,2.0,5891914.0,決勝女王,0.0,Q27888445,Geography.Regions.Europe.Northern_Europe,5891914.0,0.0,6.0,5968.0
17500,6.0,5893364.0,Apple A11 Bionic,0.9732507467269896,Q39509243,STEM.STEM*,5893364.0,0.0,17.0,1551.0
17501,6.0,5893364.0,Apple A11 Bionic,0.8670457601547241,Q39509243,STEM.Technology,5893364.0,0.0,17.0,1551.0
17502,6.0,5893364.0,Apple A11 Bionic,0.6791887283325195,Q39509243,STEM.Computing,5893364.0,0.0,17.0,1551.0
17503,6.0,5893364.0,Apple A11 Bionic,0.6723417043685913,Q39509243,Culture.Media.Software,5893364.0,0.0,17.0,1551.0
17504,6.0,5893364.0,Apple A11 Bionic,0.6224693655967712,Q39509243,Culture.Media.Media*,5893364.0,0.0,17.0,1551.0
17505,5.0,5896854.0,阿凡達2,0.9960646033287048,Q3604746,Culture.Media.Films,5896854.0,8439.941283961809,6.0,3530.0
17506,5.0,5896854.0,阿凡達2,0.9952548146247864,Q3604746,Culture.Media.Media*,5896854.0,8439.941283961809,6.0,3530.0
17507,5.0,5896854.0,阿凡達2,0.5698626637458801,Q3604746,Culture.Media.Entertainment,5896854.0,8439.941283961809,6.0,3530.0
17508,5.0,5896854.0,阿凡達2,0.0,Q3604746,Geography.Regions.Americas.North_America,5896854.0,8439.941283961809,6.0,3530.0
17509,7.0,5898330.0,女武神 (漫威漫畫),0.9996179938316344,Q2128793,Culture.Literature,5898330.0,0.0,6.0,1396.0
17510,7.0,5898330.0,女武神 (漫威漫畫),0.5000100135803223,Q2128793,Culture.Visual_arts.Visual_arts*,5898330.0,0.0,6.0,1396.0
17511,7.0,5898330.0,女武神 (漫威漫畫),0.4455395638942719,Q2128793,Culture.Visual_arts.Comics_and_Anime,5898330.0,0.0,6.0,1396.0
17512,17.0,5898455.0,卡蘿·丹佛斯,0.9985549449920654,Q726756,Culture.Literature,5898455.0,494.2987431872606,6.0,2403.0
17513,17.0,5898455.0,卡蘿·丹佛斯,0.4455395638942719,Q726756,Culture.Media.Media*,5898455.0,494.2987431872606,6.0,2403.0
17514,17.0,5898455.0,卡蘿·丹佛斯,0.2689514458179474,Q726756,Culture.Visual_arts.Visual_arts*,5898455.0,494.2987431872606,6.0,2403.0
17515,17.0,5898455.0,卡蘿·丹佛斯,0.24509501457214355,Q726756,Culture.Visual_arts.Comics_and_Anime,5898455.0,494.2987431872606,6.0,2403.0
17516,1.0,5899555.0,許書豪,0.9324633479118348,Q48902071,Culture.Biography.Biography*,5899555.0,0.0,2.0,1146.0
17517,1.0,5899555.0,許書豪,0.4688006341457367,Q48902071,History_and_Society.Society,5899555.0,0.0,2.0,1146.0
17518,1.0,5899555.0,許書豪,0.4352950325012207,Q48902071,Geography.Regions.Asia.Asia*,5899555.0,0.0,2.0,1146.0
17519,1.0,5899555.0,許書豪,0.4225146472454071,Q48902071,Culture.Media.Music,5899555.0,0.0,2.0,1146.0
17520,1.0,5899555.0,許書豪,0.41865252161026,Q48902071,Geography.Regions.Asia.East_Asia,5899555.0,0.0,2.0,1146.0
17521,1.0,5899555.0,許書豪,0.3923468291759491,Q48902071,Culture.Media.Media*,5899555.0,0.0,2.0,1146.0
17522,1.0,5899651.0,袁嘉蔚,0.9980832934379578,Q40377011,Culture.Biography.Biography*,5899651.0,0.0,3.0,1468.0
17523,1.0,5899651.0,袁嘉蔚,0.4921981394290924,Q40377011,Culture.Biography.Women,5899651.0,0.0,3.0,1468.0
17524,1.0,5899651.0,袁嘉蔚,0.4840529432296753,Q40377011,Geography.Regions.Asia.East_Asia,5899651.0,0.0,3.0,1468.0
17525,1.0,5899651.0,袁嘉蔚,0.4659240117073059,Q40377011,Geography.Regions.Asia.Asia*,5899651.0,0.0,3.0,1468.0
17526,6.0,5900256.0,Cross (電視劇),0.7826725244522095,Q43066956,Culture.Media.Television,5900256.0,706.2799925538224,13.0,4750.0
17527,6.0,5900256.0,Cross (電視劇),0.546748161315918,Q43066956,Culture.Media.Media*,5900256.0,706.2799925538224,13.0,4750.0
17528,6.0,5900256.0,Cross (電視劇),0.42531375789642334,Q43066956,Geography.Regions.Asia.East_Asia,5900256.0,706.2799925538224,13.0,4750.0
17529,6.0,5900256.0,Cross (電視劇),0.3862146010398865,Q43066956,Geography.Regions.Asia.Asia*,5900256.0,706.2799925538224,13.0,4750.0
17530,3.0,5902097.0,古墓丽影 (2001年电影),0.9972090721130372,Q464014,Culture.Media.Films,5902097.0,6646.454977024414,12.0,1530.0
17531,3.0,5902097.0,古墓丽影 (2001年电影),0.9970290064811708,Q464014,Culture.Media.Media*,5902097.0,6646.454977024414,12.0,1530.0
17532,3.0,5902097.0,古墓丽影 (2001年电影),0.3415925204753876,Q464014,Culture.Media.Entertainment,5902097.0,6646.454977024414,12.0,1530.0
17533,3.0,5902097.0,古墓丽影 (2001年电影),0.1520422399044037,Q464014,Culture.Literature,5902097.0,6646.454977024414,12.0,1530.0
17534,3.0,5902097.0,古墓丽影 (2001年电影),0.1067005917429924,Q464014,Culture.Visual_arts.Comics_and_Anime,5902097.0,6646.454977024414,12.0,1530.0
17535,3.0,5902097.0,古墓丽影 (2001年电影),0.0,Q464014,Geography.Regions.Americas.North_America,5902097.0,6646.454977024414,12.0,1530.0
17536,1.0,5902606.0,简自豪,1.0000100135803225,Q24689082,Culture.Media.Video_games,5902606.0,0.0,2.0,2439.0
17537,1.0,5902606.0,简自豪,0.9995927214622498,Q24689082,Culture.Internet_culture,5902606.0,0.0,2.0,2439.0
17538,1.0,5902606.0,简自豪,0.998803436756134,Q24689082,Culture.Media.Media*,5902606.0,0.0,2.0,2439.0
17539,1.0,5902606.0,简自豪,0.9777238368988036,Q24689082,Culture.Biography.Biography*,5902606.0,0.0,2.0,2439.0
17540,1.0,5902606.0,简自豪,0.0,Q24689082,Geography.Regions.Asia.East_Asia,5902606.0,0.0,2.0,2439.0
17541,1.0,5902606.0,简自豪,0.0,Q24689082,Geography.Regions.Asia.Asia*,5902606.0,0.0,2.0,2439.0
17542,2.0,5906801.0,劉妙如,1.0000100135803225,Q48903580,Culture.Biography.Biography*,5906801.0,436.2049485845436,2.0,2285.0
17543,2.0,5906801.0,劉妙如,0.8439050912857056,Q48903580,History_and_Society.Society,5906801.0,436.2049485845436,2.0,2285.0
17544,2.0,5906801.0,劉妙如,0.5544804334640503,Q48903580,Culture.Biography.Women,5906801.0,436.2049485845436,2.0,2285.0
17545,2.0,5906801.0,劉妙如,0.4925217499732971,Q48903580,Geography.Regions.Asia.East_Asia,5906801.0,436.2049485845436,2.0,2285.0
17546,2.0,5906801.0,劉妙如,0.4678661694526672,Q48903580,Geography.Regions.Asia.Asia*,5906801.0,436.2049485845436,2.0,2285.0
17547,2.0,5906801.0,劉妙如,0.41490885615348816,Q48903580,History_and_Society.Military_and_warfare,5906801.0,436.2049485845436,2.0,2285.0
17548,1.0,5908025.0,伊莎貝拉·莫娜,0.996837317943573,Q20830731,Culture.Biography.Biography*,5908025.0,0.0,6.0,1687.0
17549,1.0,5908025.0,伊莎貝拉·莫娜,0.9724247455596924,Q20830731,Culture.Biography.Women,5908025.0,0.0,6.0,1687.0
17550,1.0,5908025.0,伊莎貝拉·莫娜,0.3923468291759491,Q20830731,Culture.Media.Media*,5908025.0,0.0,6.0,1687.0
17551,1.0,5908025.0,伊莎貝拉·莫娜,0.1732981950044632,Q20830731,Culture.Media.Music,5908025.0,0.0,6.0,1687.0
17552,1.0,5908025.0,伊莎貝拉·莫娜,0.1097157895565033,Q20830731,Culture.Media.Films,5908025.0,0.0,6.0,1687.0
17553,1.0,5908025.0,伊莎貝拉·莫娜,0.0,Q20830731,Geography.Regions.Americas.North_America,5908025.0,0.0,6.0,1687.0
17554,1.0,5912287.0,城·點,0.2942249774932861,Q48904922,STEM.STEM*,5912287.0,0.0,11.0,1464.0
17555,1.0,5912287.0,城·點,0.0,Q48904922,Geography.Regions.Asia.Asia*,5912287.0,0.0,11.0,1464.0
17556,1.0,5912287.0,城·點,0.0,Q48904922,Geography.Regions.Americas.North_America,5912287.0,0.0,11.0,1464.0
17557,1.0,5912287.0,城·點,0.0,Q48904922,Geography.Regions.Europe.Europe*,5912287.0,0.0,11.0,1464.0
17558,1.0,5912700.0,告别回忆 -无垢少女-,1.0000100135803225,Q41475000,Culture.Media.Video_games,5912700.0,0.0,16.0,4471.0
17559,1.0,5912700.0,告别回忆 -无垢少女-,0.9992778301239014,Q41475000,Culture.Media.Media*,5912700.0,0.0,16.0,4471.0
17560,1.0,5912700.0,告别回忆 -无垢少女-,0.9990094900131226,Q41475000,Culture.Internet_culture,5912700.0,0.0,16.0,4471.0
17561,1.0,5912700.0,告别回忆 -无垢少女-,0.14805719256401062,Q41475000,Culture.Visual_arts.Visual_arts*,5912700.0,0.0,16.0,4471.0
17562,1.0,5912700.0,告别回忆 -无垢少女-,0.1294127255678177,Q41475000,Culture.Literature,5912700.0,0.0,16.0,4471.0
17563,1.0,5912729.0,艾爾·卡萊恩,1.0000100135803225,Q202323,Culture.Biography.Biography*,5912729.0,0.0,13.0,1383.0
17564,1.0,5912729.0,艾爾·卡萊恩,0.9995657801628112,Q202323,Culture.Sports,5912729.0,0.0,13.0,1383.0
17565,1.0,5912729.0,艾爾·卡萊恩,0.3862146010398865,Q202323,Geography.Regions.Americas.North_America,5912729.0,0.0,13.0,1383.0
17566,7.0,5913785.0,中国大屠杀列表,1.0,Q6627237,Compilation.List_Disambig,5913785.0,15717.456514005149,13.0,2991.0
17567,7.0,5913785.0,中国大屠杀列表,0.14415885508060455,Q6627237,STEM.STEM*,5913785.0,15717.456514005149,13.0,2991.0
17568,7.0,5913785.0,中国大屠杀列表,0.10088862478733064,Q6627237,Culture.Media.Media*,5913785.0,15717.456514005149,13.0,2991.0
17569,7.0,5913785.0,中国大屠杀列表,0.0,Q6627237,Geography.Regions.Europe.Europe*,5913785.0,15717.456514005149,13.0,2991.0
17570,7.0,5913785.0,中国大屠杀列表,0.0,Q6627237,Geography.Regions.Asia.Asia*,5913785.0,15717.456514005149,13.0,2991.0
17571,3.0,5914893.0,異裂 (電影),1.0000100135803225,Q30939513,Culture.Media.Films,5914893.0,429.4291544805981,6.0,2514.0
17572,3.0,5914893.0,異裂 (電影),0.9985549449920654,Q30939513,Culture.Media.Media*,5914893.0,429.4291544805981,6.0,2514.0
17573,3.0,5914893.0,異裂 (電影),0.19826446676254272,Q30939513,Geography.Regions.Americas.North_America,5914893.0,429.4291544805981,6.0,2514.0
17574,3.0,5914893.0,異裂 (電影),0.18714269995689392,Q30939513,Culture.Literature,5914893.0,429.4291544805981,6.0,2514.0
17575,3.0,5914893.0,異裂 (電影),0.1732981950044632,Q30939513,Culture.Visual_arts.Comics_and_Anime,5914893.0,429.4291544805981,6.0,2514.0
17576,3.0,5914893.0,異裂 (電影),0.14415885508060455,Q30939513,Culture.Visual_arts.Visual_arts*,5914893.0,429.4291544805981,6.0,2514.0
17577,3.0,5924094.0,梁皓妤,0.9871888160705566,Q41837887,Culture.Media.Media*,5924094.0,0.5,3.0,13901.0
17578,3.0,5924094.0,梁皓妤,0.9046605229377748,Q41837887,Culture.Biography.Biography*,5924094.0,0.5,3.0,13901.0
17579,3.0,5924094.0,梁皓妤,0.3257217874526977,Q41837887,Geography.Regions.Asia.Asia*,5924094.0,0.5,3.0,13901.0
17580,3.0,5924094.0,梁皓妤,0.10375863313674928,Q41837887,Culture.Sports,5924094.0,0.5,3.0,13901.0
17581,3.0,5924094.0,梁皓妤,0.0,Q41837887,Geography.Regions.Asia.East_Asia,5924094.0,0.5,3.0,13901.0
17582,1.0,5932306.0,楊淨宇,0.2942249774932861,Q48911993,STEM.STEM*,5932306.0,0.0,4.0,1180.0
17583,1.0,5932306.0,楊淨宇,0.0,Q48911993,Geography.Regions.Asia.Asia*,5932306.0,0.0,4.0,1180.0
17584,1.0,5932306.0,楊淨宇,0.0,Q48911993,Geography.Regions.Americas.North_America,5932306.0,0.0,4.0,1180.0
17585,1.0,5932306.0,楊淨宇,0.0,Q48911993,Geography.Regions.Europe.Europe*,5932306.0,0.0,4.0,1180.0
17586,5.0,5933470.0,姜食堂,0.9836069941520692,Q44691432,Culture.Media.Television,5933470.0,542.9979638928106,0.0,4141.0
17587,5.0,5933470.0,姜食堂,0.9219318628311156,Q44691432,Culture.Media.Media*,5933470.0,542.9979638928106,0.0,4141.0
17588,5.0,5933470.0,姜食堂,0.2921159734725952,Q44691432,Geography.Regions.Asia.East_Asia,5933470.0,542.9979638928106,0.0,4141.0
17589,5.0,5933470.0,姜食堂,0.21124218606948847,Q44691432,Geography.Regions.Asia.Asia*,5933470.0,542.9979638928106,0.0,4141.0
17590,1.0,5933797.0,貝塔·雷·比爾,0.9989112615585328,Q1987662,Culture.Literature,5933797.0,0.0,6.0,646.0
17591,1.0,5933797.0,貝塔·雷·比爾,0.2814156115055084,Q1987662,Culture.Visual_arts.Comics_and_Anime,5933797.0,0.0,6.0,646.0
17592,1.0,5933797.0,貝塔·雷·比爾,0.18714269995689392,Q1987662,Culture.Visual_arts.Visual_arts*,5933797.0,0.0,6.0,646.0
17593,11.0,5935008.0,LiTV 線上影視,0.2942249774932861,Q48913608,STEM.STEM*,5935008.0,42178.67871485911,13.0,2677.0
17594,11.0,5935008.0,LiTV 線上影視,0.0,Q48913608,Geography.Regions.Asia.Asia*,5935008.0,42178.67871485911,13.0,2677.0
17595,11.0,5935008.0,LiTV 線上影視,0.0,Q48913608,Geography.Regions.Americas.North_America,5935008.0,42178.67871485911,13.0,2677.0
17596,11.0,5935008.0,LiTV 線上影視,0.0,Q48913608,Geography.Regions.Europe.Europe*,5935008.0,42178.67871485911,13.0,2677.0
17597,1.0,5937718.0,张小建,0.9890230894088744,Q47670143,Culture.Biography.Biography*,5937718.0,0.0,12.0,736.0
17598,1.0,5937718.0,张小建,0.9099169969558716,Q47670143,History_and_Society.Politics_and_government,5937718.0,0.0,12.0,736.0
17599,1.0,5937718.0,张小建,0.15611489117145538,Q47670143,History_and_Society.Military_and_warfare,5937718.0,0.0,12.0,736.0
17600,10.0,5938718.0,歌手 (湖南卫视),0.9579222798347472,Q32179514,Culture.Media.Television,5938718.0,17148.479769578335,12.0,2772.0
17601,10.0,5938718.0,歌手 (湖南卫视),0.91965252161026,Q32179514,Culture.Media.Media*,5938718.0,17148.479769578335,12.0,2772.0
17602,10.0,5938718.0,歌手 (湖南卫视),0.0,Q32179514,Geography.Regions.Asia.Asia*,5938718.0,17148.479769578335,12.0,2772.0
17603,10.0,5938718.0,歌手 (湖南卫视),0.0,Q32179514,Geography.Regions.Asia.East_Asia,5938718.0,17148.479769578335,12.0,2772.0
17604,1.0,5940229.0,紀艾希,1.0000100135803225,Q47545997,Culture.Biography.Biography*,5940229.0,0.0,2.0,1282.0
17605,1.0,5940229.0,紀艾希,0.9019306898117064,Q47545997,History_and_Society.Society,5940229.0,0.0,2.0,1282.0
17606,1.0,5940229.0,紀艾希,0.7122421860694885,Q47545997,Culture.Biography.Women,5940229.0,0.0,2.0,1282.0
17607,1.0,5940229.0,紀艾希,0.4294682612419128,Q47545997,Geography.Regions.Asia.East_Asia,5940229.0,0.0,2.0,1282.0
17608,1.0,5940229.0,紀艾希,0.40093068981170654,Q47545997,Geography.Regions.Asia.Asia*,5940229.0,0.0,2.0,1282.0
17609,3.0,5941719.0,晚9朝5,0.990301549434662,Q7857811,Culture.Media.Films,5941719.0,0.0,12.0,1730.0
17610,3.0,5941719.0,晚9朝5,0.990301549434662,Q7857811,Culture.Media.Media*,5941719.0,0.0,12.0,1730.0
17611,3.0,5941719.0,晚9朝5,0.4669093360900879,Q7857811,Geography.Regions.Asia.Asia*,5941719.0,0.0,12.0,1730.0
17612,3.0,5941719.0,晚9朝5,0.4163126816749573,Q7857811,Geography.Regions.Asia.East_Asia,5941719.0,0.0,12.0,1730.0
17613,3.0,5946144.0,我的情敵女婿,0.2942249774932861,Q48908944,STEM.STEM*,5946144.0,363.1830483283796,12.0,3185.0
17614,3.0,5946144.0,我的情敵女婿,0.0,Q48908944,Geography.Regions.Asia.Asia*,5946144.0,363.1830483283796,12.0,3185.0
17615,3.0,5946144.0,我的情敵女婿,0.0,Q48908944,Geography.Regions.Americas.North_America,5946144.0,363.1830483283796,12.0,3185.0
17616,3.0,5946144.0,我的情敵女婿,0.0,Q48908944,Geography.Regions.Europe.Europe*,5946144.0,363.1830483283796,12.0,3185.0
17617,9.0,5949918.0,伊藤健太郎 (演員),0.9814634323120116,Q22044079,Culture.Biography.Biography*,5949918.0,8452.305662405228,13.0,2712.0
17618,9.0,5949918.0,伊藤健太郎 (演員),0.3624016513824463,Q22044079,Geography.Regions.Asia.East_Asia,5949918.0,8452.305662405228,13.0,2712.0
17619,9.0,5949918.0,伊藤健太郎 (演員),0.3344935646057129,Q22044079,Geography.Regions.Asia.Asia*,5949918.0,8452.305662405228,13.0,2712.0
17620,9.0,5949918.0,伊藤健太郎 (演員),0.13661839067935946,Q22044079,Culture.Visual_arts.Visual_arts*,5949918.0,8452.305662405228,13.0,2712.0
17621,9.0,5949918.0,伊藤健太郎 (演員),0.1097157895565033,Q22044079,Culture.Visual_arts.Comics_and_Anime,5949918.0,8452.305662405228,13.0,2712.0
17622,6.0,5950624.0,杜忻恬,0.9539760947227478,Q47670804,Culture.Biography.Biography*,5950624.0,26256.04984901151,4.0,1413.0
17623,6.0,5950624.0,杜忻恬,0.4610267877578736,Q47670804,Culture.Biography.Women,5950624.0,26256.04984901151,4.0,1413.0
17624,6.0,5950624.0,杜忻恬,0.41490885615348816,Q47670804,History_and_Society.History,5950624.0,26256.04984901151,4.0,1413.0
17625,6.0,5950624.0,杜忻恬,0.24217800998687744,Q47670804,Geography.Regions.Asia.Asia*,5950624.0,26256.04984901151,4.0,1413.0
17626,6.0,5950624.0,杜忻恬,0.20182321965694427,Q47670804,Culture.Media.Media*,5950624.0,26256.04984901151,4.0,1413.0
17627,6.0,5950624.0,杜忻恬,0.18495945835113525,Q47670804,Geography.Regions.Asia.East_Asia,5950624.0,26256.04984901151,4.0,1413.0
17628,6.0,5950624.0,杜忻恬,0.14805719256401062,Q47670804,Culture.Media.Music,5950624.0,26256.04984901151,4.0,1413.0
17629,1.0,5951830.0,私刑教育2,0.9996530413627625,Q41493467,Culture.Media.Films,5951830.0,0.0,6.0,2598.0
17630,1.0,5951830.0,私刑教育2,0.997894287109375,Q41493467,Culture.Media.Media*,5951830.0,0.0,6.0,2598.0
17631,1.0,5951830.0,私刑教育2,0.0,Q41493467,Geography.Regions.Americas.North_America,5951830.0,0.0,6.0,2598.0
17632,2.0,5954140.0,蘿拉·哈德克,0.997758150100708,Q1807757,Culture.Biography.Biography*,5954140.0,0.0,6.0,2168.0
17633,2.0,5954140.0,蘿拉·哈德克,0.9591643214225768,Q1807757,Culture.Biography.Women,5954140.0,0.0,6.0,2168.0
17634,2.0,5954140.0,蘿拉·哈德克,0.11921291798353195,Q1807757,Culture.Media.Media*,5954140.0,0.0,6.0,2168.0
17635,2.0,5954140.0,蘿拉·哈德克,0.1067005917429924,Q1807757,Culture.Media.Television,5954140.0,0.0,6.0,2168.0
17636,2.0,5954140.0,蘿拉·哈德克,0.006821857929229736,Q1807757,Geography.Regions.Europe.Europe*,5954140.0,0.0,6.0,2168.0
17637,2.0,5954140.0,蘿拉·哈德克,0.0,Q1807757,Geography.Regions.Europe.Northern_Europe,5954140.0,0.0,6.0,2168.0
17638,2.0,5954140.0,蘿拉·哈德克,0.0,Q1807757,Geography.Regions.Americas.North_America,5954140.0,0.0,6.0,2168.0
17639,3.0,5954292.0,A.C.E,0.8962613940238953,Q30236860,Culture.Biography.Biography*,5954292.0,781.3122330018855,0.0,1900.0
17640,3.0,5954292.0,A.C.E,0.6442351341247559,Q30236860,Culture.Media.Media*,5954292.0,781.3122330018855,0.0,1900.0
17641,3.0,5954292.0,A.C.E,0.4843900501728058,Q30236860,Culture.Media.Music,5954292.0,781.3122330018855,0.0,1900.0
17642,3.0,5954292.0,A.C.E,0.4231518378257752,Q30236860,Geography.Regions.Asia.Asia*,5954292.0,781.3122330018855,0.0,1900.0
17643,3.0,5954292.0,A.C.E,0.4139109721183777,Q30236860,Geography.Regions.Asia.East_Asia,5954292.0,781.3122330018855,0.0,1900.0
17644,2.0,5956170.0,江歌案,0.9433575868606568,Q46584138,Culture.Internet_culture,5956170.0,17290.027572686107,10.0,4995.0
17645,2.0,5956170.0,江歌案,0.8634016513824463,Q46584138,History_and_Society.Politics_and_government,5956170.0,17290.027572686107,10.0,4995.0
17646,2.0,5956170.0,江歌案,0.7773098945617676,Q46584138,History_and_Society.Society,5956170.0,17290.027572686107,10.0,4995.0
17647,2.0,5956170.0,江歌案,0.7310686111450195,Q46584138,Culture.Media.Video_games,5956170.0,17290.027572686107,10.0,4995.0
17648,2.0,5956170.0,江歌案,0.6076731681823729,Q46584138,Culture.Media.Films,5956170.0,17290.027572686107,10.0,4995.0
17649,2.0,5956170.0,江歌案,0.546748161315918,Q46584138,Culture.Media.Media*,5956170.0,17290.027572686107,10.0,4995.0
17650,2.0,5956170.0,江歌案,0.4921981394290924,Q46584138,Culture.Media.Software,5956170.0,17290.027572686107,10.0,4995.0
17651,2.0,5956170.0,江歌案,0.4810237755775452,Q46584138,Geography.Regions.Asia.East_Asia,5956170.0,17290.027572686107,10.0,4995.0
17652,2.0,5956170.0,江歌案,0.4688006341457367,Q46584138,Culture.Biography.Women,5956170.0,17290.027572686107,10.0,4995.0
17653,2.0,5956170.0,江歌案,0.4406641592979431,Q46584138,Geography.Regions.Asia.Asia*,5956170.0,17290.027572686107,10.0,4995.0
17654,2.0,5956170.0,江歌案,0.3276783227920532,Q46584138,Culture.Biography.Biography*,5956170.0,17290.027572686107,10.0,4995.0
17655,2.0,5956170.0,江歌案,0.1732981950044632,Q46584138,STEM.Technology,5956170.0,17290.027572686107,10.0,4995.0
17656,2.0,5956170.0,江歌案,0.16452647745609286,Q46584138,STEM.Computing,5956170.0,17290.027572686107,10.0,4995.0
17657,2.0,5956170.0,江歌案,0.14805719256401062,Q46584138,History_and_Society.Business_and_economics,5956170.0,17290.027572686107,10.0,4995.0
17658,2.0,5956170.0,江歌案,0.11280541121959685,Q46584138,STEM.Medicine_&_Health,5956170.0,17290.027572686107,10.0,4995.0
17659,2.0,5956170.0,江歌案,0.1097157895565033,Q46584138,Culture.Media.Television,5956170.0,17290.027572686107,10.0,4995.0
17660,2.0,5956170.0,江歌案,0.0,Q46584138,Geography.Regions.Asia.Southeast_Asia,5956170.0,17290.027572686107,10.0,4995.0
17661,7.0,5956660.0,日本劇集列表 (2019年),1.0,Q49049334,Compilation.List_Disambig,5956660.0,5848.624823123676,13.0,2417.0
17662,7.0,5956660.0,日本劇集列表 (2019年),0.2227101624011993,Q49049334,STEM.STEM*,5956660.0,5848.624823123676,13.0,2417.0
17663,7.0,5956660.0,日本劇集列表 (2019年),0.1259327530860901,Q49049334,Culture.Media.Media*,5956660.0,5848.624823123676,13.0,2417.0
17664,7.0,5956660.0,日本劇集列表 (2019年),0.10088862478733064,Q49049334,Culture.Sports,5956660.0,5848.624823123676,13.0,2417.0
17665,7.0,5956660.0,日本劇集列表 (2019年),0.0,Q49049334,Geography.Regions.Americas.North_America,5956660.0,5848.624823123676,13.0,2417.0
17666,7.0,5956660.0,日本劇集列表 (2019年),0.0,Q49049334,Geography.Regions.Europe.Europe*,5956660.0,5848.624823123676,13.0,2417.0
17667,7.0,5956660.0,日本劇集列表 (2019年),0.0,Q49049334,Geography.Regions.Asia.Asia*,5956660.0,5848.624823123676,13.0,2417.0
17668,1.0,5957501.0,俞昊翔,0.9863731861114502,Q47671061,Culture.Biography.Biography*,5957501.0,0.0,12.0,1255.0
17669,1.0,5957501.0,俞昊翔,0.0,Q47671061,Geography.Regions.Asia.Asia*,5957501.0,0.0,12.0,1255.0
17670,1.0,5957501.0,俞昊翔,0.0,Q47671061,Geography.Regions.Asia.South_Asia,5957501.0,0.0,12.0,1255.0
17671,1.0,5958667.0,裴晟佑,0.9969346523284912,Q17564517,Culture.Biography.Biography*,5958667.0,0.0,0.0,1927.0
17672,1.0,5958667.0,裴晟佑,0.21760438585281366,Q17564517,Geography.Regions.Asia.East_Asia,5958667.0,0.0,0.0,1927.0
17673,1.0,5958667.0,裴晟佑,0.12878464365005493,Q17564517,Geography.Regions.Asia.Asia*,5958667.0,0.0,0.0,1927.0
17674,1.0,5958745.0,温哲轩,0.9879562258720398,Q47671371,Culture.Biography.Biography*,5958745.0,0.0,4.0,1559.0
17675,1.0,5958745.0,温哲轩,0.1259327530860901,Q47671371,Culture.Media.Media*,5958745.0,0.0,4.0,1559.0
17676,1.0,5958745.0,温哲轩,0.11921291798353195,Q47671371,Culture.Media.Music,5958745.0,0.0,4.0,1559.0
17677,1.0,5958745.0,温哲轩,0.0,Q47671371,Geography.Regions.Asia.Asia*,5958745.0,0.0,4.0,1559.0
17678,1.0,5958745.0,温哲轩,0.0,Q47671371,Geography.Regions.Asia.South_Asia,5958745.0,0.0,4.0,1559.0
17679,1.0,5958745.0,温哲轩,0.0,Q47671371,Geography.Regions.Europe.Europe*,5958745.0,0.0,4.0,1559.0
17680,3.0,5960351.0,姊姊們的逆襲,0.7718535065650941,Q43283497,Culture.Media.Media*,5960351.0,1367.077416562556,13.0,5810.0
17681,3.0,5960351.0,姊姊們的逆襲,0.7431780099868774,Q43283497,Culture.Media.Television,5960351.0,1367.077416562556,13.0,5810.0
17682,3.0,5960351.0,姊姊們的逆襲,0.4605437984466553,Q43283497,Geography.Regions.Asia.Asia*,5960351.0,1367.077416562556,13.0,5810.0
17683,3.0,5960351.0,姊姊們的逆襲,0.3862146010398865,Q43283497,Geography.Regions.Asia.East_Asia,5960351.0,1367.077416562556,13.0,5810.0
17684,1.0,5961498.0,浑水研究,0.5234303474426271,Q6931694,History_and_Society.Business_and_economics,5961498.0,0.0,10.0,18771.0
17685,1.0,5961498.0,浑水研究,0.2763098945617676,Q6931694,Geography.Regions.Americas.North_America,5961498.0,0.0,10.0,18771.0
17686,1.0,5961498.0,浑水研究,0.13297423720359802,Q6931694,STEM.STEM*,5961498.0,0.0,10.0,18771.0
17687,2.0,5964358.0,红黄蓝教育,0.6926519870758057,Q43452224,History_and_Society.Business_and_economics,5964358.0,1705.098477785437,5.0,2203.0
17688,2.0,5964358.0,红黄蓝教育,0.3696072568893433,Q43452224,Geography.Regions.Asia.East_Asia,5964358.0,1705.098477785437,5.0,2203.0
17689,2.0,5964358.0,红黄蓝教育,0.3257217874526977,Q43452224,Geography.Regions.Asia.Asia*,5964358.0,1705.098477785437,5.0,2203.0
17690,2.0,5964358.0,红黄蓝教育,0.3007555902004242,Q43452224,History_and_Society.Education,5964358.0,1705.098477785437,5.0,2203.0
17691,4.0,5964447.0,風再起時 (電影),0.9937201142311096,Q43734006,Culture.Media.Films,5964447.0,3942.0,12.0,2807.0
17692,4.0,5964447.0,風再起時 (電影),0.9914325475692748,Q43734006,Culture.Media.Media*,5964447.0,3942.0,12.0,2807.0
17693,4.0,5964447.0,風再起時 (電影),0.4274188151359558,Q43734006,Geography.Regions.Asia.East_Asia,5964447.0,3942.0,12.0,2807.0
17694,4.0,5964447.0,風再起時 (電影),0.3344935646057129,Q43734006,Geography.Regions.Asia.Asia*,5964447.0,3942.0,12.0,2807.0
17695,10.0,5968357.0,土瓜灣站,0.9960646033287048,Q6720831,History_and_Society.Transportation,5968357.0,0.21111111111111108,10.0,2474.0
17696,10.0,5968357.0,土瓜灣站,0.967909336090088,Q6720831,Geography.Regions.Asia.Asia*,5968357.0,0.21111111111111108,10.0,2474.0
17697,10.0,5968357.0,土瓜灣站,0.960371196269989,Q6720831,Geography.Regions.Asia.East_Asia,5968357.0,0.21111111111111108,10.0,2474.0
17698,10.0,5968357.0,土瓜灣站,0.1259327530860901,Q6720831,History_and_Society.Business_and_economics,5968357.0,0.21111111111111108,10.0,2474.0
17699,1.0,5969406.0,淑女鳥,0.9952548146247864,Q27480769,Culture.Media.Films,5969406.0,0.0,13.0,2856.0
17700,1.0,5969406.0,淑女鳥,0.9783946871757508,Q27480769,Culture.Media.Media*,5969406.0,0.0,13.0,2856.0
17701,1.0,5969406.0,淑女鳥,0.3509628047943115,Q27480769,Geography.Regions.Americas.North_America,5969406.0,0.0,13.0,2856.0
17702,1.0,5969406.0,淑女鳥,0.22816647589206696,Q27480769,History_and_Society.Society,5969406.0,0.0,13.0,2856.0
17703,1.0,5969406.0,淑女鳥,0.0,Q27480769,Geography.Regions.Europe.Europe*,5969406.0,0.0,13.0,2856.0
17704,1.0,5969406.0,淑女鳥,0.0,Q27480769,Geography.Regions.Europe.Northern_Europe,5969406.0,0.0,13.0,2856.0
17705,1.0,5973933.0,陳子敬,1.0000100135803225,Q47674608,Culture.Biography.Biography*,5973933.0,0.0,2.0,902.0
17706,1.0,5973933.0,陳子敬,0.966924011707306,Q47674608,History_and_Society.Society,5973933.0,0.0,2.0,902.0
17707,1.0,5973933.0,陳子敬,0.4581643214225769,Q47674608,Geography.Regions.Asia.East_Asia,5973933.0,0.0,2.0,902.0
17708,1.0,5973933.0,陳子敬,0.4471645226478577,Q47674608,Geography.Regions.Asia.Asia*,5973933.0,0.0,2.0,902.0
17709,2.0,5977834.0,快盜戰隊魯邦連者VS警察戰隊巡邏連者,0.3775506913661957,Q47011432,Culture.Media.Television,5977834.0,298.05550676323804,13.0,2934.0
17710,2.0,5977834.0,快盜戰隊魯邦連者VS警察戰隊巡邏連者,0.3730872144699097,Q47011432,Geography.Regions.Asia.Asia*,5977834.0,298.05550676323804,13.0,2934.0
17711,2.0,5977834.0,快盜戰隊魯邦連者VS警察戰隊巡邏連者,0.3429050912857056,Q47011432,Geography.Regions.Asia.East_Asia,5977834.0,298.05550676323804,13.0,2934.0
17712,2.0,5977834.0,快盜戰隊魯邦連者VS警察戰隊巡邏連者,0.24509501457214355,Q47011432,Culture.Media.Media*,5977834.0,298.05550676323804,13.0,2934.0
17713,2.0,5981741.0,Cytus II,1.0000100135803225,Q48927923,Culture.Internet_culture,5981741.0,3942.0000000000014,16.0,3379.0
17714,2.0,5981741.0,Cytus II,1.0000100135803225,Q48927923,Culture.Media.Video_games,5981741.0,3942.0000000000014,16.0,3379.0
17715,2.0,5981741.0,Cytus II,1.0000100135803225,Q48927923,Culture.Media.Media*,5981741.0,3942.0000000000014,16.0,3379.0
17716,1.0,5984185.0,老千 (電影),0.9952548146247864,Q7690479,Culture.Media.Media*,5984185.0,0.0,12.0,7535.0
17717,1.0,5984185.0,老千 (電影),0.9863731861114502,Q7690479,Culture.Media.Films,5984185.0,0.0,12.0,7535.0
17718,1.0,5984185.0,老千 (電影),0.4925217499732971,Q7690479,Geography.Regions.Asia.East_Asia,5984185.0,0.0,12.0,7535.0
17719,1.0,5984185.0,老千 (電影),0.4705740084648132,Q7690479,Geography.Regions.Asia.Asia*,5984185.0,0.0,12.0,7535.0
17720,5.0,5985876.0,謝宜君,0.9946250915527344,Q47672479,Culture.Biography.Biography*,5985876.0,1249.2128524376876,4.0,2016.0
17721,5.0,5985876.0,謝宜君,0.8175845146179199,Q47672479,Culture.Biography.Women,5985876.0,1249.2128524376876,4.0,2016.0
17722,5.0,5985876.0,謝宜君,0.2763098945617676,Q47672479,Geography.Regions.Asia.Asia*,5985876.0,1249.2128524376876,4.0,2016.0
17723,5.0,5985876.0,謝宜君,0.2689514458179474,Q47672479,Culture.Media.Music,5985876.0,1249.2128524376876,4.0,2016.0
17724,5.0,5985876.0,謝宜君,0.2047950496673584,Q47672479,Geography.Regions.Asia.East_Asia,5985876.0,1249.2128524376876,4.0,2016.0
17725,5.0,5985876.0,謝宜君,0.18714269995689392,Q47672479,Culture.Media.Media*,5985876.0,1249.2128524376876,4.0,2016.0
17726,5.0,5985876.0,謝宜君,0.0,Q47672479,Geography.Regions.Americas.North_America,5985876.0,1249.2128524376876,4.0,2016.0
17727,1.0,5988868.0,移動城市：致命引擎,0.997894287109375,Q28999515,Culture.Media.Films,5988868.0,0.0,1.0,2483.0
17728,1.0,5988868.0,移動城市：致命引擎,0.9964163899421692,Q28999515,Culture.Media.Media*,5988868.0,0.0,1.0,2483.0
17729,1.0,5988868.0,移動城市：致命引擎,0.4455395638942719,Q28999515,Culture.Media.Entertainment,5988868.0,0.0,1.0,2483.0
17730,1.0,5988868.0,移動城市：致命引擎,0.1732981950044632,Q28999515,Culture.Literature,5988868.0,0.0,1.0,2483.0
17731,1.0,5988868.0,移動城市：致命引擎,0.1520422399044037,Q28999515,Culture.Visual_arts.Comics_and_Anime,5988868.0,0.0,1.0,2483.0
17732,1.0,5988868.0,移動城市：致命引擎,0.0,Q28999515,Geography.Regions.Americas.North_America,5988868.0,0.0,1.0,2483.0
17733,13.0,5990482.0,鄭若驊,0.994098961353302,Q47073007,Culture.Biography.Biography*,5990482.0,11386.32380433395,3.0,2368.0
17734,13.0,5990482.0,鄭若驊,0.8267217874526978,Q47073007,Culture.Biography.Women,5990482.0,11386.32380433395,3.0,2368.0
17735,13.0,5990482.0,鄭若驊,0.3730872144699097,Q47073007,Geography.Regions.Asia.East_Asia,5990482.0,11386.32380433395,3.0,2368.0
17736,13.0,5990482.0,鄭若驊,0.3624016513824463,Q47073007,Geography.Regions.Asia.Asia*,5990482.0,11386.32380433395,3.0,2368.0
17737,2.0,5991837.0,翁章梁,1.0000100135803225,Q48928203,Culture.Biography.Biography*,5991837.0,0.0,0.0,2049.0
17738,2.0,5991837.0,翁章梁,0.9951046109199524,Q48928203,History_and_Society.Society,5991837.0,0.0,0.0,2049.0
17739,2.0,5991837.0,翁章梁,0.4815675487518311,Q48928203,Geography.Regions.Asia.East_Asia,5991837.0,0.0,0.0,2049.0
17740,2.0,5991837.0,翁章梁,0.4678661694526672,Q48928203,Geography.Regions.Asia.Asia*,5991837.0,0.0,0.0,2049.0
17741,2.0,5992202.0,全美超級模特兒新秀大賽 (第二十四季),0.9496793746948242,Q45788087,Culture.Media.Media*,5992202.0,0.0,17.0,4497.0
17742,2.0,5992202.0,全美超級模特兒新秀大賽 (第二十四季),0.9099169969558716,Q45788087,Culture.Media.Television,5992202.0,0.0,17.0,4497.0
17743,2.0,5992202.0,全美超級模特兒新秀大賽 (第二十四季),0.59267657995224,Q45788087,Culture.Visual_arts.Fashion,5992202.0,0.0,17.0,4497.0
17744,2.0,5992202.0,全美超級模特兒新秀大賽 (第二十四季),0.19194278120994568,Q45788087,Culture.Visual_arts.Visual_arts*,5992202.0,0.0,17.0,4497.0
17745,10.0,5997532.0,各國死刑列表,1.0000100135803225,Q1332528,History_and_Society.Society,5997532.0,30582.333301603576,2.0,11522.0
17746,10.0,5997532.0,各國死刑列表,1.0,Q1332528,Compilation.List_Disambig,5997532.0,30582.333301603576,2.0,11522.0
17747,10.0,5997532.0,各國死刑列表,0.287777841091156,Q1332528,History_and_Society.Politics_and_government,5997532.0,30582.333301603576,2.0,11522.0
17748,10.0,5997532.0,各國死刑列表,0.1968362182378769,Q1332528,Culture.Biography.Biography*,5997532.0,30582.333301603576,2.0,11522.0
17749,10.0,5997532.0,各國死刑列表,0.1732981950044632,Q1332528,STEM.STEM*,5997532.0,30582.333301603576,2.0,11522.0
17750,10.0,5997532.0,各國死刑列表,0.15611489117145538,Q1332528,Culture.Philosophy_and_religion,5997532.0,30582.333301603576,2.0,11522.0
17751,10.0,5997532.0,各國死刑列表,0.13297423720359802,Q1332528,History_and_Society.History,5997532.0,30582.333301603576,2.0,11522.0
17752,10.0,5997532.0,各國死刑列表,0.0,Q1332528,Geography.Regions.Asia.Asia*,5997532.0,30582.333301603576,2.0,11522.0
17753,10.0,5997532.0,各國死刑列表,0.0,Q1332528,Geography.Regions.Europe.Europe*,5997532.0,30582.333301603576,2.0,11522.0
17754,10.0,5997532.0,各國死刑列表,0.0,Q1332528,Geography.Regions.Americas.North_America,5997532.0,30582.333301603576,2.0,11522.0
17755,10.0,5997532.0,各國死刑列表,0.0,Q1332528,Geography.Regions.Europe.Northern_Europe,5997532.0,30582.333301603576,2.0,11522.0
17756,10.0,5997532.0,各國死刑列表,0.0,Q1332528,Geography.Regions.Asia.East_Asia,5997532.0,30582.333301603576,2.0,11522.0
17757,2.0,5998122.0,钟楚曦,0.996837317943573,Q47091311,Culture.Biography.Biography*,5998122.0,100.374217364372,12.0,1918.0
17758,2.0,5998122.0,钟楚曦,0.4831036200523377,Q47091311,Geography.Regions.Asia.East_Asia,5998122.0,100.374217364372,12.0,1918.0
17759,2.0,5998122.0,钟楚曦,0.4352950325012207,Q47091311,Geography.Regions.Asia.Asia*,5998122.0,100.374217364372,12.0,1918.0
17760,2.0,5998122.0,钟楚曦,0.4225146472454071,Q47091311,Culture.Biography.Women,5998122.0,100.374217364372,12.0,1918.0
17761,2.0,5998122.0,钟楚曦,0.1520422399044037,Q47091311,Culture.Visual_arts.Fashion,5998122.0,100.374217364372,12.0,1918.0
17762,4.0,6001546.0,何義士,1.0000100135803225,Q48928450,Culture.Biography.Biography*,6001546.0,0.0,11.0,1343.0
17763,4.0,6001546.0,何義士,0.13661839067935946,Q48928450,History_and_Society.Society,6001546.0,0.0,11.0,1343.0
17764,4.0,6001546.0,何義士,0.0,Q48928450,Geography.Regions.Europe.Southern_Europe,6001546.0,0.0,11.0,1343.0
17765,4.0,6001546.0,何義士,0.0,Q48928450,Geography.Regions.Europe.Europe*,6001546.0,0.0,11.0,1343.0
17766,8.0,6001664.0,羅東聖母醫院,0.9985549449920654,Q48928452,History_and_Society.Society,6001664.0,9190.499999999778,11.0,3360.0
17767,8.0,6001664.0,羅東聖母醫院,0.9984612464904784,Q48928452,Culture.Biography.Biography*,6001664.0,9190.499999999778,11.0,3360.0
17768,8.0,6001664.0,羅東聖母醫院,0.9893575310707092,Q48928452,STEM.STEM*,6001664.0,9190.499999999778,11.0,3360.0
17769,8.0,6001664.0,羅東聖母醫院,0.9841036200523376,Q48928452,STEM.Medicine_&_Health,6001664.0,9190.499999999778,11.0,3360.0
17770,8.0,6001664.0,羅東聖母醫院,0.4954163899421692,Q48928452,Geography.Regions.Asia.East_Asia,6001664.0,9190.499999999778,11.0,3360.0
17771,8.0,6001664.0,羅東聖母醫院,0.493455099105835,Q48928452,Geography.Regions.Asia.Asia*,6001664.0,9190.499999999778,11.0,3360.0
17772,4.0,6003556.0,滄海一聲笑,0.9777238368988036,Q47333851,Culture.Media.Media*,6003556.0,113.28731909665598,12.0,4395.0
17773,4.0,6003556.0,滄海一聲笑,0.974052667617798,Q47333851,Culture.Media.Music,6003556.0,113.28731909665598,12.0,4395.0
17774,4.0,6003556.0,滄海一聲笑,0.0,Q47333851,Geography.Regions.Europe.Europe*,6003556.0,113.28731909665598,12.0,4395.0
17775,5.0,6004548.0,喬幼,1.0000100135803225,Q48928515,Culture.Biography.Biography*,6004548.0,97.58571077789564,4.0,3348.0
17776,5.0,6004548.0,喬幼,0.946606695652008,Q48928515,History_and_Society.Society,6004548.0,97.58571077789564,4.0,3348.0
17777,5.0,6004548.0,喬幼,0.5156299471855164,Q48928515,Culture.Biography.Women,6004548.0,97.58571077789564,4.0,3348.0
17778,5.0,6004548.0,喬幼,0.4831036200523377,Q48928515,Geography.Regions.Asia.East_Asia,6004548.0,97.58571077789564,4.0,3348.0
17779,5.0,6004548.0,喬幼,0.4738311638832092,Q48928515,Geography.Regions.Asia.Asia*,6004548.0,97.58571077789564,4.0,3348.0
17780,5.0,6004548.0,喬幼,0.19194278120994568,Q48928515,Culture.Media.Media*,6004548.0,97.58571077789564,4.0,3348.0
17781,5.0,6004548.0,喬幼,0.14034625887870789,Q48928515,Culture.Media.Music,6004548.0,97.58571077789564,4.0,3348.0
17782,6.0,6005335.0,機器之血,0.9935217499732972,Q27703164,Culture.Media.Films,6005335.0,23739.59731073,12.0,1519.0
17783,6.0,6005335.0,機器之血,0.9926641583442688,Q27703164,Culture.Media.Media*,6005335.0,23739.59731073,12.0,1519.0
17784,6.0,6005335.0,機器之血,0.0,Q27703164,Geography.Regions.Asia.Asia*,6005335.0,23739.59731073,12.0,1519.0
17785,6.0,6005335.0,機器之血,0.0,Q27703164,Geography.Regions.Asia.East_Asia,6005335.0,23739.59731073,12.0,1519.0
17786,4.0,6012569.0,白種元的胡同餐館,0.8439050912857056,Q47225677,Culture.Media.Television,6012569.0,8159.362057915036,0.0,2315.0
17787,4.0,6012569.0,白種元的胡同餐館,0.7663036584854126,Q47225677,Culture.Media.Media*,6012569.0,8159.362057915036,0.0,2315.0
17788,4.0,6012569.0,白種元的胡同餐館,0.3548611869812012,Q47225677,Geography.Regions.Asia.East_Asia,6012569.0,8159.362057915036,0.0,2315.0
17789,4.0,6012569.0,白種元的胡同餐館,0.311877357006073,Q47225677,Geography.Regions.Asia.Asia*,6012569.0,8159.362057915036,0.0,2315.0
17790,4.0,6015370.0,摩天大樓 (電影),0.9994215965270996,Q37447062,Culture.Media.Films,6015370.0,3277.412913710133,6.0,4690.0
17791,4.0,6015370.0,摩天大樓 (電影),0.9976133108139038,Q37447062,Culture.Media.Media*,6015370.0,3277.412913710133,6.0,4690.0
17792,4.0,6015370.0,摩天大樓 (電影),0.21124218606948847,Q37447062,Geography.Regions.Americas.North_America,6015370.0,3277.412913710133,6.0,4690.0
17793,4.0,6015370.0,摩天大樓 (電影),0.11597072333097458,Q37447062,Culture.Visual_arts.Comics_and_Anime,6015370.0,3277.412913710133,6.0,4690.0
17794,4.0,6015370.0,摩天大樓 (電影),0.11597072333097458,Q37447062,Culture.Literature,6015370.0,3277.412913710133,6.0,4690.0
17795,4.0,6015370.0,摩天大樓 (電影),0.1097157895565033,Q37447062,Culture.Visual_arts.Visual_arts*,6015370.0,3277.412913710133,6.0,4690.0
17796,4.0,6015370.0,摩天大樓 (電影),0.10088862478733064,Q37447062,Culture.Media.Entertainment,6015370.0,3277.412913710133,6.0,4690.0
17797,2.0,6020309.0,對倒,0.2942249774932861,Q56283571,STEM.STEM*,6020309.0,0.0,3.0,937.0
17798,2.0,6020309.0,對倒,0.0,Q56283571,Geography.Regions.Asia.Asia*,6020309.0,0.0,3.0,937.0
17799,2.0,6020309.0,對倒,0.0,Q56283571,Geography.Regions.Americas.North_America,6020309.0,0.0,3.0,937.0
17800,2.0,6020309.0,對倒,0.0,Q56283571,Geography.Regions.Europe.Europe*,6020309.0,0.0,3.0,937.0
17801,2.0,6023070.0,陳思宇,1.0,Q48929163,Compilation.List_Disambig,6023070.0,0.0,2.0,505.0
17802,2.0,6023070.0,陳思宇,0.15611489117145538,Q48929163,STEM.STEM*,6023070.0,0.0,2.0,505.0
17803,2.0,6023070.0,陳思宇,0.14805719256401062,Q48929163,History_and_Society.Transportation,6023070.0,0.0,2.0,505.0
17804,2.0,6023070.0,陳思宇,0.11280541121959685,Q48929163,History_and_Society.Military_and_warfare,6023070.0,0.0,2.0,505.0
17805,2.0,6023070.0,陳思宇,0.0,Q48929163,Geography.Regions.Asia.Asia*,6023070.0,0.0,2.0,505.0
17806,2.0,6023070.0,陳思宇,0.0,Q48929163,Geography.Geographical,6023070.0,0.0,2.0,505.0
17807,2.0,6023070.0,陳思宇,0.0,Q48929163,Geography.Regions.Asia.West_Asia,6023070.0,0.0,2.0,505.0
17808,2.0,6023090.0,陳思宇 (政治人物),1.0000100135803225,Q48929164,Culture.Biography.Biography*,6023090.0,0.0,2.0,2110.0
17809,2.0,6023090.0,陳思宇 (政治人物),0.994455099105835,Q48929164,History_and_Society.Society,6023090.0,0.0,2.0,2110.0
17810,2.0,6023090.0,陳思宇 (政治人物),0.6513648629188538,Q48929164,Culture.Biography.Women,6023090.0,0.0,2.0,2110.0
17811,2.0,6023090.0,陳思宇 (政治人物),0.4889964332580566,Q48929164,Geography.Regions.Asia.East_Asia,6023090.0,0.0,2.0,2110.0
17812,2.0,6023090.0,陳思宇 (政治人物),0.4760326614379883,Q48929164,Geography.Regions.Asia.Asia*,6023090.0,0.0,2.0,2110.0
17813,9.0,6026527.0,共同民主党,0.7248802781105042,Q15978686,History_and_Society.Politics_and_government,6026527.0,13846.447176761816,0.0,1672.0
17814,9.0,6026527.0,共同民主党,0.4423575868606568,Q15978686,Geography.Regions.Asia.East_Asia,6026527.0,13846.447176761816,0.0,1672.0
17815,9.0,6026527.0,共同民主党,0.3764868249893189,Q15978686,Geography.Regions.Asia.Asia*,6026527.0,13846.447176761816,0.0,1672.0
17816,7.0,6027084.0,世界末日,1.0,Q3184996,Compilation.List_Disambig,6027084.0,34175.24402686676,6.0,2276.0
17817,7.0,6027084.0,世界末日,0.5544804334640503,Q3184996,Culture.Linguistics,6027084.0,34175.24402686676,6.0,2276.0
17818,7.0,6027530.0,联合国专门机构,1.0,Q14638071,Compilation.List_Disambig,6027530.0,1121.394347460134,5.0,3195.0
17819,7.0,6027530.0,联合国专门机构,0.9073222279548644,Q14638071,History_and_Society.Politics_and_government,6027530.0,1121.394347460134,5.0,3195.0
17820,7.0,6027530.0,联合国专门机构,0.23371636867523196,Q14638071,STEM.STEM*,6027530.0,1121.394347460134,5.0,3195.0
17821,7.0,6027530.0,联合国专门机构,0.1778208613395691,Q14638071,History_and_Society.Business_and_economics,6027530.0,1121.394347460134,5.0,3195.0
17822,7.0,6027530.0,联合国专门机构,0.16886694729328156,Q14638071,History_and_Society.Society,6027530.0,1121.394347460134,5.0,3195.0
17823,7.0,6027530.0,联合国专门机构,0.11597072333097458,Q14638071,STEM.Technology,6027530.0,1121.394347460134,5.0,3195.0
17824,1.0,6029572.0,寻秦记 (网络剧),0.8221991658210754,Q48929663,Culture.Media.Media*,6029572.0,0.0,7.0,2612.0
17825,1.0,6029572.0,寻秦记 (网络剧),0.6791887283325195,Q48929663,Culture.Media.Television,6029572.0,0.0,7.0,2612.0
17826,1.0,6029572.0,寻秦记 (网络剧),0.4352950325012207,Q48929663,Geography.Regions.Asia.East_Asia,6029572.0,0.0,7.0,2612.0
17827,1.0,6029572.0,寻秦记 (网络剧),0.2869412174224853,Q48929663,Geography.Regions.Asia.Asia*,6029572.0,0.0,7.0,2612.0
17828,2.0,6030518.0,刺客教條系列角色列表,1.0,Q2599910,Compilation.List_Disambig,6030518.0,0.0,12.0,2020.0
17829,2.0,6030518.0,刺客教條系列角色列表,0.9994029402732848,Q2599910,Culture.Media.Video_games,6030518.0,0.0,12.0,2020.0
17830,2.0,6030518.0,刺客教條系列角色列表,0.998803436756134,Q2599910,Culture.Internet_culture,6030518.0,0.0,12.0,2020.0
17831,2.0,6030518.0,刺客教條系列角色列表,0.9820237755775452,Q2599910,Culture.Media.Media*,6030518.0,0.0,12.0,2020.0
17832,2.0,6030518.0,刺客教條系列角色列表,0.1520422399044037,Q2599910,Culture.Literature,6030518.0,0.0,12.0,2020.0
17833,2.0,6030518.0,刺客教條系列角色列表,0.14805719256401062,Q2599910,Culture.Media.Films,6030518.0,0.0,12.0,2020.0
17834,2.0,6030518.0,刺客教條系列角色列表,0.0,Q2599910,Geography.Regions.Americas.North_America,6030518.0,0.0,12.0,2020.0
17835,2.0,6030518.0,刺客教條系列角色列表,0.0,Q2599910,Geography.Regions.Europe.Europe*,6030518.0,0.0,12.0,2020.0
17836,6.0,6030978.0,POKÉMON 名偵探皮卡丘,0.9994215965270996,Q47492499,Culture.Media.Films,6030978.0,15150.474080389336,6.0,10402.0
17837,6.0,6030978.0,POKÉMON 名偵探皮卡丘,0.9983615279197692,Q47492499,Culture.Media.Media*,6030978.0,15150.474080389336,6.0,10402.0
17838,6.0,6030978.0,POKÉMON 名偵探皮卡丘,0.3629792034626007,Q47492499,Culture.Visual_arts.Comics_and_Anime,6030978.0,15150.474080389336,6.0,10402.0
17839,6.0,6030978.0,POKÉMON 名偵探皮卡丘,0.2509227991104126,Q47492499,Culture.Visual_arts.Visual_arts*,6030978.0,15150.474080389336,6.0,10402.0
17840,6.0,6030978.0,POKÉMON 名偵探皮卡丘,0.2509227991104126,Q47492499,Culture.Media.Entertainment,6030978.0,15150.474080389336,6.0,10402.0
17841,6.0,6030978.0,POKÉMON 名偵探皮卡丘,0.1520422399044037,Q47492499,Culture.Literature,6030978.0,15150.474080389336,6.0,10402.0
17842,6.0,6030978.0,POKÉMON 名偵探皮卡丘,0.0,Q47492499,Geography.Regions.Americas.North_America,6030978.0,15150.474080389336,6.0,10402.0
17843,2.0,6040046.0,倪雅倫,0.9989450573921204,Q47690016,Culture.Biography.Biography*,6040046.0,3942.0,4.0,4599.0
17844,2.0,6040046.0,倪雅倫,0.5544804334640503,Q47690016,History_and_Society.Society,6040046.0,3942.0,4.0,4599.0
17845,2.0,6040046.0,倪雅倫,0.42531375789642334,Q47690016,Geography.Regions.Asia.East_Asia,6040046.0,3942.0,4.0,4599.0
17846,2.0,6040046.0,倪雅倫,0.38304929637908935,Q47690016,Geography.Regions.Asia.Asia*,6040046.0,3942.0,4.0,4599.0
17847,2.0,6040046.0,倪雅倫,0.2069040536880493,Q47690016,Culture.Visual_arts.Visual_arts*,6040046.0,3942.0,4.0,4599.0
17848,2.0,6040046.0,倪雅倫,0.16886694729328156,Q47690016,Culture.Visual_arts.Fashion,6040046.0,3942.0,4.0,4599.0
17849,2.0,6040046.0,倪雅倫,0.14415885508060455,Q47690016,Culture.Biography.Women,6040046.0,3942.0,4.0,4599.0
17850,3.0,6040082.0,殺戮元年,0.9988405108451844,Q42048180,Culture.Media.Films,6040082.0,7882.0,12.0,2512.0
17851,3.0,6040082.0,殺戮元年,0.9979592561721802,Q42048180,Culture.Media.Media*,6040082.0,7882.0,12.0,2512.0
17852,3.0,6040082.0,殺戮元年,0.0,Q42048180,Geography.Regions.Americas.North_America,6040082.0,7882.0,12.0,2512.0
17853,2.0,6042564.0,柳芳 (国际民用航空组织秘书长),0.9926641583442688,Q27683556,Culture.Biography.Biography*,6042564.0,0.0,10.0,834.0
17854,2.0,6042564.0,柳芳 (国际民用航空组织秘书长),0.2393593490123749,Q27683556,Culture.Biography.Women,6042564.0,0.0,10.0,834.0
17855,2.0,6042564.0,柳芳 (国际民用航空组织秘书长),0.22816647589206696,Q27683556,History_and_Society.Politics_and_government,6042564.0,0.0,10.0,834.0
17856,2.0,6042564.0,柳芳 (国际民用航空组织秘书长),0.0,Q27683556,Geography.Regions.Asia.Asia*,6042564.0,0.0,10.0,834.0
17857,1.0,6045603.0,歐洲攻略,0.9942797422409058,Q27590999,Culture.Media.Films,6045603.0,0.0,12.0,1680.0
17858,1.0,6045603.0,歐洲攻略,0.9825675487518309,Q27590999,Culture.Media.Media*,6045603.0,0.0,12.0,1680.0
17859,1.0,6045603.0,歐洲攻略,0.4659240117073059,Q27590999,Geography.Regions.Asia.Asia*,6045603.0,0.0,12.0,1680.0
17860,1.0,6045603.0,歐洲攻略,0.4616831412315369,Q27590999,Geography.Regions.Asia.East_Asia,6045603.0,0.0,12.0,1680.0
17861,1.0,6045926.0,陽光姊妹淘 (日本電影),0.94500470161438,Q47899228,Culture.Media.Films,6045926.0,0.0,13.0,2572.0
17862,1.0,6045926.0,陽光姊妹淘 (日本電影),0.8670457601547241,Q47899228,Culture.Media.Media*,6045926.0,0.0,13.0,2572.0
17863,1.0,6045926.0,陽光姊妹淘 (日本電影),0.2763098945617676,Q47899228,Geography.Regions.Asia.Asia*,6045926.0,0.0,13.0,2572.0
17864,1.0,6045926.0,陽光姊妹淘 (日本電影),0.0991983880996704,Q47899228,Geography.Regions.Asia.East_Asia,6045926.0,0.0,13.0,2572.0
17865,1.0,6050508.0,范世平,1.0000100135803225,Q48936358,Culture.Biography.Biography*,6050508.0,0.0,5.0,2976.0
17866,1.0,6050508.0,范世平,0.9992545843124391,Q48936358,History_and_Society.Society,6050508.0,0.0,5.0,2976.0
17867,1.0,6050508.0,范世平,0.478677677154541,Q48936358,Geography.Regions.Asia.East_Asia,6050508.0,0.0,5.0,2976.0
17868,1.0,6050508.0,范世平,0.459371196269989,Q48936358,Geography.Regions.Asia.Asia*,6050508.0,0.0,5.0,2976.0
17869,1.0,6053134.0,古劍奇譚之流月昭明,0.9724247455596924,Q27957938,Culture.Media.Films,6053134.0,0.0,12.0,1633.0
17870,1.0,6053134.0,古劍奇譚之流月昭明,0.9591643214225768,Q27957938,Culture.Media.Media*,6053134.0,0.0,12.0,1633.0
17871,1.0,6053134.0,古劍奇譚之流月昭明,0.3660457601547241,Q27957938,Geography.Regions.Asia.East_Asia,6053134.0,0.0,12.0,1633.0
17872,1.0,6053134.0,古劍奇譚之流月昭明,0.3165845146179199,Q27957938,Geography.Regions.Asia.Asia*,6053134.0,0.0,12.0,1633.0
17873,1.0,6055229.0,張遠 (維基人),1.0000100135803225,Q48936752,Culture.Biography.Biography*,6055229.0,0.0,5.0,1264.0
17874,1.0,6055229.0,張遠 (維基人),0.9993433356285096,Q48936752,History_and_Society.Society,6055229.0,0.0,5.0,1264.0
17875,1.0,6055229.0,張遠 (維基人),0.4953027834892273,Q48936752,Geography.Regions.Asia.East_Asia,6055229.0,0.0,5.0,1264.0
17876,1.0,6055229.0,張遠 (維基人),0.4927201142311096,Q48936752,Geography.Regions.Asia.Asia*,6055229.0,0.0,5.0,1264.0
17877,1.0,6055229.0,張遠 (維基人),0.16027602553367615,Q48936752,STEM.STEM*,6055229.0,0.0,5.0,1264.0
17878,1.0,6059519.0,杉野遙亮,0.9790457487106324,Q28068790,Culture.Biography.Biography*,6059519.0,0.0,13.0,3083.0
17879,1.0,6059519.0,杉野遙亮,0.3070772161483765,Q28068790,Geography.Regions.Asia.East_Asia,6059519.0,0.0,13.0,3083.0
17880,1.0,6059519.0,杉野遙亮,0.29719679260253906,Q28068790,Geography.Regions.Asia.Asia*,6059519.0,0.0,13.0,3083.0
17881,3.0,6064063.0,坤寧宮事變,0.2942249774932861,Q56025610,STEM.STEM*,6064063.0,291.8400044122111,15.0,10583.0
17882,3.0,6064063.0,坤寧宮事變,0.0,Q56025610,Geography.Regions.Asia.Asia*,6064063.0,291.8400044122111,15.0,10583.0
17883,3.0,6064063.0,坤寧宮事變,0.0,Q56025610,Geography.Regions.Americas.North_America,6064063.0,291.8400044122111,15.0,10583.0
17884,3.0,6064063.0,坤寧宮事變,0.0,Q56025610,Geography.Regions.Europe.Europe*,6064063.0,291.8400044122111,15.0,10583.0
17885,3.0,6069486.0,火王 (电视剧),0.8933194279670715,Q41641956,Culture.Media.Television,6069486.0,4728.090313959673,7.0,2475.0
17886,3.0,6069486.0,火王 (电视剧),0.8670457601547241,Q41641956,Culture.Media.Media*,6069486.0,4728.090313959673,7.0,2475.0
17887,3.0,6069486.0,火王 (电视剧),0.0,Q41641956,Geography.Regions.Asia.East_Asia,6069486.0,4728.090313959673,7.0,2475.0
17888,3.0,6069486.0,火王 (电视剧),0.0,Q41641956,Geography.Regions.Asia.Asia*,6069486.0,4728.090313959673,7.0,2475.0
17889,13.0,6070389.0,控訴者羅南,1.0000100135803225,Q1772041,Culture.Literature,6070389.0,56.86496124440588,6.0,1417.0
17890,14.0,6070390.0,涅布拉 (漫威漫畫),1.0000100135803225,Q2721134,Culture.Literature,6070390.0,77.52574787269161,6.0,1857.0
17891,14.0,6070390.0,涅布拉 (漫威漫畫),0.14034625887870789,Q2721134,Culture.Visual_arts.Visual_arts*,6070390.0,77.52574787269161,6.0,1857.0
17892,14.0,6070390.0,涅布拉 (漫威漫畫),0.1259327530860901,Q2721134,Culture.Media.Films,6070390.0,77.52574787269161,6.0,1857.0
17893,14.0,6070390.0,涅布拉 (漫威漫畫),0.10088862478733064,Q2721134,Culture.Media.Media*,6070390.0,77.52574787269161,6.0,1857.0
17894,3.0,6072135.0,于成龙 (电视剧),0.2942249774932861,Q55716097,STEM.STEM*,6072135.0,3974.874585615731,2.0,2006.0
17895,3.0,6072135.0,于成龙 (电视剧),0.0,Q55716097,Geography.Regions.Asia.Asia*,6072135.0,3974.874585615731,2.0,2006.0
17896,3.0,6072135.0,于成龙 (电视剧),0.0,Q55716097,Geography.Regions.Americas.North_America,6072135.0,3974.874585615731,2.0,2006.0
17897,3.0,6072135.0,于成龙 (电视剧),0.0,Q55716097,Geography.Regions.Europe.Europe*,6072135.0,3974.874585615731,2.0,2006.0
17898,4.0,6076187.0,傲骨之战,0.9433575868606568,Q28052823,Culture.Media.Media*,6076187.0,4794.409338471806,11.0,2110.0
17899,4.0,6076187.0,傲骨之战,0.7606606483459473,Q28052823,Culture.Media.Television,6076187.0,4794.409338471806,11.0,2110.0
17900,4.0,6076187.0,傲骨之战,0.15611489117145538,Q28052823,Culture.Media.Films,6076187.0,4794.409338471806,11.0,2110.0
17901,4.0,6076187.0,傲骨之战,0.11597072333097458,Q28052823,Culture.Media.Entertainment,6076187.0,4794.409338471806,11.0,2110.0
17902,4.0,6076187.0,傲骨之战,0.06118653917312623,Q28052823,Geography.Regions.Americas.North_America,6076187.0,4794.409338471806,11.0,2110.0
17903,1.0,6079512.0,凌文龍,0.9960646033287048,Q51884726,Culture.Biography.Biography*,6079512.0,0.0,12.0,1071.0
17904,1.0,6079512.0,凌文龍,0.0,Q51884726,Geography.Regions.Asia.Asia*,6079512.0,0.0,12.0,1071.0
17905,1.0,6079512.0,凌文龍,0.0,Q51884726,Geography.Regions.Asia.East_Asia,6079512.0,0.0,12.0,1071.0
17906,2.0,6079523.0,梁相宜翻白眼事件,0.3981314172744751,Q53679781,Geography.Regions.Asia.Asia*,6079523.0,1387.8217116462436,3.0,1142.0
17907,2.0,6079523.0,梁相宜翻白眼事件,0.38304929637908935,Q53679781,Geography.Regions.Asia.East_Asia,6079523.0,1387.8217116462436,3.0,1142.0
17908,2.0,6079523.0,梁相宜翻白眼事件,0.26285186409950256,Q53679781,History_and_Society.Politics_and_government,6079523.0,1387.8217116462436,3.0,1142.0
17909,2.0,6079523.0,梁相宜翻白眼事件,0.10375863313674928,Q53679781,History_and_Society.Military_and_warfare,6079523.0,1387.8217116462436,3.0,1142.0
17910,1.0,6080794.0,中村倫也,0.9967369437217712,Q11365305,Culture.Biography.Biography*,6080794.0,0.0,13.0,3012.0
17911,1.0,6080794.0,中村倫也,0.3301530351638794,Q11365305,Geography.Regions.Asia.East_Asia,6080794.0,0.0,13.0,3012.0
17912,1.0,6080794.0,中村倫也,0.311877357006073,Q11365305,Geography.Regions.Asia.Asia*,6080794.0,0.0,13.0,3012.0
17913,1.0,6082284.0,你與我最後的戰場，亦或是世界起始的聖戰,0.994455099105835,Q50658532,Culture.Literature,6082284.0,0.0,13.0,1586.0
17914,1.0,6082284.0,你與我最後的戰場，亦或是世界起始的聖戰,0.9626831412315368,Q50658532,Culture.Visual_arts.Comics_and_Anime,6082284.0,0.0,13.0,1586.0
17915,1.0,6082284.0,你與我最後的戰場，亦或是世界起始的聖戰,0.9553291201591492,Q50658532,Culture.Visual_arts.Visual_arts*,6082284.0,0.0,13.0,1586.0
17916,1.0,6082284.0,你與我最後的戰場，亦或是世界起始的聖戰,0.3415925204753876,Q50658532,Culture.Media.Books,6082284.0,0.0,13.0,1586.0
17917,1.0,6082284.0,你與我最後的戰場，亦或是世界起始的聖戰,0.16027602553367615,Q50658532,Culture.Media.Media*,6082284.0,0.0,13.0,1586.0
17918,1.0,6082284.0,你與我最後的戰場，亦或是世界起始的聖戰,0.0,Q50658532,Geography.Regions.Asia.East_Asia,6082284.0,0.0,13.0,1586.0
17919,1.0,6082284.0,你與我最後的戰場，亦或是世界起始的聖戰,0.0,Q50658532,Geography.Regions.Asia.Asia*,6082284.0,0.0,13.0,1586.0
17920,1.0,6085128.0,林航,0.994098961353302,Q51884782,Culture.Biography.Biography*,6085128.0,0.0,4.0,655.0
17921,1.0,6085128.0,林航,0.9732507467269896,Q51884782,Culture.Sports,6085128.0,0.0,4.0,655.0
17922,1.0,6085128.0,林航,0.7122421860694885,Q51884782,Culture.Biography.Women,6085128.0,0.0,4.0,655.0
17923,1.0,6085128.0,林航,0.3775506913661957,Q51884782,History_and_Society.Society,6085128.0,0.0,4.0,655.0
17924,1.0,6085128.0,林航,0.2763098945617676,Q51884782,Geography.Regions.Asia.East_Asia,6085128.0,0.0,4.0,655.0
17925,1.0,6085128.0,林航,0.23616819286346435,Q51884782,Geography.Regions.Asia.Asia*,6085128.0,0.0,4.0,655.0
17926,1.0,6087913.0,林書葶,1.0000100135803225,Q51884800,Culture.Biography.Biography*,6087913.0,0.0,4.0,2267.0
17927,1.0,6087913.0,林書葶,0.9706977605819702,Q51884800,History_and_Society.Society,6087913.0,0.0,4.0,2267.0
17928,1.0,6087913.0,林書葶,0.546748161315918,Q51884800,Culture.Biography.Women,6087913.0,0.0,4.0,2267.0
17929,1.0,6087913.0,林書葶,0.4730526676177978,Q51884800,Geography.Regions.Asia.East_Asia,6087913.0,0.0,4.0,2267.0
17930,1.0,6087913.0,林書葶,0.4696977605819702,Q51884800,Geography.Regions.Asia.Asia*,6087913.0,0.0,4.0,2267.0
17931,1.0,6088498.0,廖奕琁,0.9960646033287048,Q51884810,Culture.Biography.Biography*,6088498.0,0.0,4.0,1578.0
17932,1.0,6088498.0,廖奕琁,0.4378334879875183,Q51884810,Culture.Biography.Women,6088498.0,0.0,4.0,1578.0
17933,1.0,6088498.0,廖奕琁,0.3140605390071869,Q51884810,Culture.Visual_arts.Fashion,6088498.0,0.0,4.0,1578.0
17934,1.0,6088498.0,廖奕琁,0.2509227991104126,Q51884810,Culture.Visual_arts.Visual_arts*,6088498.0,0.0,4.0,1578.0
17935,1.0,6088498.0,廖奕琁,0.0,Q51884810,Geography.Regions.Asia.Asia*,6088498.0,0.0,4.0,1578.0
17936,1.0,6088498.0,廖奕琁,0.0,Q51884810,Geography.Regions.Asia.South_Asia,6088498.0,0.0,4.0,1578.0
17937,1.0,6088498.0,廖奕琁,0.0,Q51884810,Geography.Regions.Europe.Europe*,6088498.0,0.0,4.0,1578.0
17938,2.0,6088806.0,大樂師·為愛配樂,0.2942249774932861,Q55698332,STEM.STEM*,6088806.0,811.8034942899843,12.0,1222.0
17939,2.0,6088806.0,大樂師·為愛配樂,0.0,Q55698332,Geography.Regions.Asia.Asia*,6088806.0,811.8034942899843,12.0,1222.0
17940,2.0,6088806.0,大樂師·為愛配樂,0.0,Q55698332,Geography.Regions.Americas.North_America,6088806.0,811.8034942899843,12.0,1222.0
17941,2.0,6088806.0,大樂師·為愛配樂,0.0,Q55698332,Geography.Regions.Europe.Europe*,6088806.0,811.8034942899843,12.0,1222.0
17942,2.0,6090415.0,败者为王,0.8479777574539185,Q47500529,Culture.Media.Films,6090415.0,7882.0,12.0,2883.0
17943,2.0,6090415.0,败者为王,0.5312193632125854,Q47500529,Culture.Media.Media*,6090415.0,7882.0,12.0,2883.0
17944,2.0,6090415.0,败者为王,0.11921291798353195,Q47500529,Culture.Sports,6090415.0,7882.0,12.0,2883.0
17945,2.0,6090415.0,败者为王,0.0,Q47500529,Geography.Regions.Asia.Southeast_Asia,6090415.0,7882.0,12.0,2883.0
17946,2.0,6090415.0,败者为王,0.0,Q47500529,Geography.Regions.Asia.Asia*,6090415.0,7882.0,12.0,2883.0
17947,4.0,6090868.0,林穎孟,1.0000100135803225,Q55287325,Culture.Biography.Biography*,6090868.0,453.9542497572909,2.0,1940.0
17948,4.0,6090868.0,林穎孟,0.9992545843124391,Q55287325,History_and_Society.Society,6090868.0,453.9542497572909,2.0,1940.0
17949,4.0,6090868.0,林穎孟,0.4893015494346618,Q55287325,Geography.Regions.Asia.East_Asia,6090868.0,453.9542497572909,2.0,1940.0
17950,4.0,6090868.0,林穎孟,0.4889964332580566,Q55287325,Geography.Regions.Asia.Asia*,6090868.0,453.9542497572909,2.0,1940.0
17951,4.0,6090868.0,林穎孟,0.2689514458179474,Q55287325,Culture.Biography.Women,6090868.0,453.9542497572909,2.0,1940.0
17952,4.0,6090868.0,林穎孟,0.10375863313674928,Q55287325,History_and_Society.Politics_and_government,6090868.0,453.9542497572909,2.0,1940.0
17953,4.0,6091777.0,四大家族之龍虎兄弟,0.2942249774932861,Q50969497,STEM.STEM*,6091777.0,2651.653436358364,3.0,1435.0
17954,4.0,6091777.0,四大家族之龍虎兄弟,0.0,Q50969497,Geography.Regions.Asia.Asia*,6091777.0,2651.653436358364,3.0,1435.0
17955,4.0,6091777.0,四大家族之龍虎兄弟,0.0,Q50969497,Geography.Regions.Americas.North_America,6091777.0,2651.653436358364,3.0,1435.0
17956,4.0,6091777.0,四大家族之龍虎兄弟,0.0,Q50969497,Geography.Regions.Europe.Europe*,6091777.0,2651.653436358364,3.0,1435.0
17957,4.0,6095958.0,魂囚西門,0.99753737449646,Q55708527,Culture.Media.Television,6095958.0,7705.7390058818055,4.0,3244.0
17958,4.0,6095958.0,魂囚西門,0.9825675487518309,Q55708527,Culture.Media.Media*,6095958.0,7705.7390058818055,4.0,3244.0
17959,4.0,6095958.0,魂囚西門,0.9626831412315368,Q55708527,History_and_Society.Society,6095958.0,7705.7390058818055,4.0,3244.0
17960,4.0,6095958.0,魂囚西門,0.8175845146179199,Q55708527,Culture.Biography.Biography*,6095958.0,7705.7390058818055,4.0,3244.0
17961,4.0,6095958.0,魂囚西門,0.338743971824646,Q55708527,Geography.Regions.Asia.Asia*,6095958.0,7705.7390058818055,4.0,3244.0
17962,4.0,6095958.0,魂囚西門,0.26285186409950256,Q55708527,Culture.Media.Entertainment,6095958.0,7705.7390058818055,4.0,3244.0
17963,4.0,6095958.0,魂囚西門,0.1713417043685913,Q55708527,Geography.Regions.Asia.East_Asia,6095958.0,7705.7390058818055,4.0,3244.0
17964,4.0,6095958.0,魂囚西門,0.16027602553367615,Q55708527,Culture.Literature,6095958.0,7705.7390058818055,4.0,3244.0
17965,4.0,6095958.0,魂囚西門,0.11597072333097458,Q55708527,Culture.Visual_arts.Comics_and_Anime,6095958.0,7705.7390058818055,4.0,3244.0
17966,1.0,6099888.0,復甦安妮,0.9995221495628356,Q1476188,STEM.Medicine_&_Health,6099888.0,0.0,10.0,565.0
17967,1.0,6099888.0,復甦安妮,0.9830951094627379,Q1476188,STEM.STEM*,6099888.0,0.0,10.0,565.0
17968,1.0,6100282.0,貼背戰,0.9986850023269652,Q30612098,Culture.Media.Films,6100282.0,0.0,12.0,2163.0
17969,1.0,6100282.0,貼背戰,0.9951046109199524,Q30612098,Culture.Media.Media*,6100282.0,0.0,12.0,2163.0
17970,1.0,6100282.0,貼背戰,0.3998216390609741,Q30612098,Culture.Media.Entertainment,6100282.0,0.0,12.0,2163.0
17971,1.0,6100282.0,貼背戰,0.3301530351638794,Q30612098,Geography.Regions.Americas.North_America,6100282.0,0.0,12.0,2163.0
17972,1.0,6100354.0,張智峰,1.0000100135803225,Q5071600,Culture.Biography.Biography*,6100354.0,0.0,0.0,2259.0
17973,1.0,6100354.0,張智峰,0.9241518378257751,Q5071600,Culture.Sports,6100354.0,0.0,0.0,2259.0
17974,1.0,6100354.0,張智峰,0.546748161315918,Q5071600,History_and_Society.Society,6100354.0,0.0,0.0,2259.0
17975,1.0,6100354.0,張智峰,0.23616819286346435,Q5071600,Geography.Regions.Asia.East_Asia,6100354.0,0.0,0.0,2259.0
17976,1.0,6100354.0,張智峰,0.19826446676254272,Q5071600,Geography.Regions.Asia.Asia*,6100354.0,0.0,0.0,2259.0
17977,4.0,6103155.0,鋼彈創鬥者 潛網大戰,1.0000100135803225,Q48539751,Culture.Visual_arts.Comics_and_Anime,6103155.0,7155.913860264191,13.0,2938.0
17978,4.0,6103155.0,鋼彈創鬥者 潛網大戰,1.0000100135803225,Q48539751,Culture.Visual_arts.Visual_arts*,6103155.0,7155.913860264191,13.0,2938.0
17979,4.0,6103155.0,鋼彈創鬥者 潛網大戰,1.0000100135803225,Q48539751,Culture.Literature,6103155.0,7155.913860264191,13.0,2938.0
17980,4.0,6103155.0,鋼彈創鬥者 潛網大戰,0.16886694729328156,Q48539751,Culture.Internet_culture,6103155.0,7155.913860264191,13.0,2938.0
17981,4.0,6103155.0,鋼彈創鬥者 潛網大戰,0.14034625887870789,Q48539751,Culture.Media.Video_games,6103155.0,7155.913860264191,13.0,2938.0
17982,4.0,6103155.0,鋼彈創鬥者 潛網大戰,0.1097157895565033,Q48539751,Culture.Media.Media*,6103155.0,7155.913860264191,13.0,2938.0
17983,5.0,6104097.0,CloverWorks,1.0000100135803225,Q52700115,Culture.Literature,6104097.0,8087.104652587238,13.0,2395.0
17984,5.0,6104097.0,CloverWorks,1.0000100135803225,Q52700115,Culture.Visual_arts.Comics_and_Anime,6104097.0,8087.104652587238,13.0,2395.0
17985,5.0,6104097.0,CloverWorks,1.0000100135803225,Q52700115,Culture.Visual_arts.Visual_arts*,6104097.0,8087.104652587238,13.0,2395.0
17986,5.0,6104097.0,CloverWorks,0.22816647589206696,Q52700115,Culture.Media.Films,6104097.0,8087.104652587238,13.0,2395.0
17987,5.0,6104097.0,CloverWorks,0.0,Q52700115,Geography.Regions.Asia.East_Asia,6104097.0,8087.104652587238,13.0,2395.0
17988,5.0,6104097.0,CloverWorks,0.0,Q52700115,Geography.Regions.Asia.Asia*,6104097.0,8087.104652587238,13.0,2395.0
17989,3.0,6104102.0,羅伊婷,0.9908843636512756,Q28650634,Culture.Biography.Biography*,6104102.0,913.976519397775,12.0,1399.0
17990,3.0,6104102.0,羅伊婷,0.21124218606948847,Q28650634,Geography.Regions.Asia.Asia*,6104102.0,913.976519397775,12.0,1399.0
17991,3.0,6104102.0,羅伊婷,0.18495945835113525,Q28650634,Geography.Regions.Asia.East_Asia,6104102.0,913.976519397775,12.0,1399.0
17992,3.0,6104102.0,羅伊婷,0.14034625887870789,Q28650634,Culture.Biography.Women,6104102.0,913.976519397775,12.0,1399.0
17993,5.0,6106460.0,古墓丽影：生命的摇篮,0.9978272914886476,Q1125253,Culture.Media.Films,6106460.0,17170.066597465786,12.0,1347.0
17994,5.0,6106460.0,古墓丽影：生命的摇篮,0.9976868629455566,Q1125253,Culture.Media.Media*,6106460.0,17170.066597465786,12.0,1347.0
17995,5.0,6106460.0,古墓丽影：生命的摇篮,0.1778208613395691,Q1125253,Culture.Media.Entertainment,6106460.0,17170.066597465786,12.0,1347.0
17996,5.0,6106460.0,古墓丽影：生命的摇篮,0.1067005917429924,Q1125253,Culture.Literature,6106460.0,17170.066597465786,12.0,1347.0
17997,5.0,6108717.0,Minnie,0.9946250915527344,Q56761923,Culture.Biography.Biography*,6108717.0,14417.976296769255,0.0,4484.0
17998,5.0,6108717.0,Minnie,0.6926519870758057,Q56761923,Culture.Media.Music,6108717.0,14417.976296769255,0.0,4484.0
17999,5.0,6108717.0,Minnie,0.5234303474426271,Q56761923,Culture.Media.Media*,6108717.0,14417.976296769255,0.0,4484.0
18000,5.0,6108717.0,Minnie,0.4798859825134277,Q56761923,Geography.Regions.Asia.Asia*,6108717.0,14417.976296769255,0.0,4484.0
18001,5.0,6108717.0,Minnie,0.22816647589206696,Q56761923,Culture.Biography.Women,6108717.0,14417.976296769255,0.0,4484.0
18002,5.0,6108717.0,Minnie,0.22388027811050412,Q56761923,Geography.Regions.Asia.Southeast_Asia,6108717.0,14417.976296769255,0.0,4484.0
18003,5.0,6108717.0,Minnie,0.0,Q56761923,Geography.Regions.Asia.East_Asia,6108717.0,14417.976296769255,0.0,4484.0
18004,13.0,6109316.0,林亮君,0.9951046109199524,Q51673092,Culture.Biography.Biography*,6109316.0,32367.1833203073,2.0,1341.0
18005,13.0,6109316.0,林亮君,0.9626831412315368,Q51673092,History_and_Society.Society,6109316.0,32367.1833203073,2.0,1341.0
18006,13.0,6109316.0,林亮君,0.5078218579292297,Q51673092,Culture.Biography.Women,6109316.0,32367.1833203073,2.0,1341.0
18007,13.0,6109316.0,林亮君,0.4605437984466553,Q51673092,Geography.Regions.Asia.East_Asia,6109316.0,32367.1833203073,2.0,1341.0
18008,13.0,6109316.0,林亮君,0.4423575868606568,Q51673092,Geography.Regions.Asia.Asia*,6109316.0,32367.1833203073,2.0,1341.0
18009,1.0,6109675.0,鎮福社,0.2942249774932861,Q97352074,STEM.STEM*,6109675.0,0.0,2.0,943.0
18010,1.0,6109675.0,鎮福社,0.0,Q97352074,Geography.Regions.Asia.Asia*,6109675.0,0.0,2.0,943.0
18011,1.0,6109675.0,鎮福社,0.0,Q97352074,Geography.Regions.Americas.North_America,6109675.0,0.0,2.0,943.0
18012,1.0,6109675.0,鎮福社,0.0,Q97352074,Geography.Regions.Europe.Europe*,6109675.0,0.0,2.0,943.0
18013,1.0,6109970.0,纳斯帕斯,0.8354935646057129,Q1965898,History_and_Society.Business_and_economics,6109970.0,0.0,13.0,1814.0
18014,1.0,6109970.0,纳斯帕斯,0.1968362182378769,Q1965898,STEM.STEM*,6109970.0,0.0,13.0,1814.0
18015,1.0,6109970.0,纳斯帕斯,0.0,Q1965898,Geography.Regions.Africa.Africa*,6109970.0,0.0,13.0,1814.0
18016,1.0,6109970.0,纳斯帕斯,0.0,Q1965898,Geography.Regions.Africa.Southern_Africa,6109970.0,0.0,13.0,1814.0
18017,1.0,6109970.0,纳斯帕斯,0.0,Q1965898,Geography.Regions.Europe.Europe*,6109970.0,0.0,13.0,1814.0
18018,2.0,6110546.0,街口電子支付,1.0000100135803225,Q55708371,Culture.Biography.Biography*,6110546.0,2527.105785631737,2.0,2946.0
18019,2.0,6110546.0,街口電子支付,1.0000100135803225,Q55708371,History_and_Society.Society,6110546.0,2527.105785631737,2.0,2946.0
18020,2.0,6110546.0,街口電子支付,0.9931061863899232,Q55708371,History_and_Society.Business_and_economics,6110546.0,2527.105785631737,2.0,2946.0
18021,2.0,6110546.0,街口電子支付,0.7431780099868774,Q55708371,History_and_Society.History,6110546.0,2527.105785631737,2.0,2946.0
18022,2.0,6110546.0,街口電子支付,0.4990100135803223,Q55708371,Geography.Regions.Asia.East_Asia,6110546.0,2527.105785631737,2.0,2946.0
18023,2.0,6110546.0,街口電子支付,0.4990100135803223,Q55708371,Geography.Regions.Asia.Asia*,6110546.0,2527.105785631737,2.0,2946.0
18024,2.0,6110546.0,街口電子支付,0.3276783227920532,Q55708371,STEM.Medicine_&_Health,6110546.0,2527.105785631737,2.0,2946.0
18025,2.0,6110546.0,街口電子支付,0.14805719256401062,Q55708371,Culture.Media.Media*,6110546.0,2527.105785631737,2.0,2946.0
18026,2.0,6110546.0,街口電子支付,0.11597072333097458,Q55708371,Culture.Food_and_drink,6110546.0,2527.105785631737,2.0,2946.0
18027,3.0,6114497.0,宋多恩,0.9964163899421692,Q31177726,Culture.Biography.Biography*,6114497.0,11822.0,0.0,0.0
18028,3.0,6114497.0,宋多恩,0.275139719247818,Q31177726,Culture.Biography.Women,6114497.0,11822.0,0.0,0.0
18029,3.0,6114497.0,宋多恩,0.0,Q31177726,Geography.Regions.Asia.Asia*,6114497.0,11822.0,0.0,0.0
18030,3.0,6114497.0,宋多恩,0.0,Q31177726,Geography.Regions.Asia.East_Asia,6114497.0,11822.0,0.0,0.0
18031,2.0,6114717.0,王楚然,0.994455099105835,Q51885007,Culture.Biography.Biography*,6114717.0,7371.242110600142,7.0,6265.0
18032,2.0,6114717.0,王楚然,0.14323513412475586,Q51885007,Geography.Regions.Asia.East_Asia,6114717.0,7371.242110600142,7.0,6265.0
18033,2.0,6114717.0,王楚然,0.11921291798353195,Q51885007,Culture.Biography.Women,6114717.0,7371.242110600142,7.0,6265.0
18034,2.0,6114717.0,王楚然,0.06118653917312623,Q51885007,Geography.Regions.Asia.Asia*,6114717.0,7371.242110600142,7.0,6265.0
18035,3.0,6119367.0,老大人,0.2942249774932861,Q55697750,STEM.STEM*,6119367.0,4050.447497291542,4.0,6842.0
18036,3.0,6119367.0,老大人,0.0,Q55697750,Geography.Regions.Asia.Asia*,6119367.0,4050.447497291542,4.0,6842.0
18037,3.0,6119367.0,老大人,0.0,Q55697750,Geography.Regions.Americas.North_America,6119367.0,4050.447497291542,4.0,6842.0
18038,3.0,6119367.0,老大人,0.0,Q55697750,Geography.Regions.Europe.Europe*,6119367.0,4050.447497291542,4.0,6842.0
18039,2.0,6121227.0,未來的未來,0.9992306232452391,Q45865176,Culture.Media.Films,6121227.0,0.0,13.0,2642.0
18040,2.0,6121227.0,未來的未來,0.9972950220108032,Q45865176,Culture.Media.Media*,6121227.0,0.0,13.0,2642.0
18041,2.0,6121227.0,未來的未來,0.8840492963790894,Q45865176,Culture.Literature,6121227.0,0.0,13.0,2642.0
18042,2.0,6121227.0,未來的未來,0.8706072568893433,Q45865176,Culture.Visual_arts.Comics_and_Anime,6121227.0,0.0,13.0,2642.0
18043,2.0,6121227.0,未來的未來,0.8221991658210754,Q45865176,Culture.Visual_arts.Visual_arts*,6121227.0,0.0,13.0,2642.0
18044,2.0,6121227.0,未來的未來,0.0,Q45865176,Geography.Regions.Asia.East_Asia,6121227.0,0.0,13.0,2642.0
18045,2.0,6121227.0,未來的未來,0.0,Q45865176,Geography.Regions.Asia.Asia*,6121227.0,0.0,13.0,2642.0
18046,5.0,6122476.0,鏡週刊,1.0000100135803225,Q52089378,Culture.Biography.Biography*,6122476.0,19495.575192453347,2.0,2431.0
18047,5.0,6122476.0,鏡週刊,1.0000100135803225,Q52089378,History_and_Society.Society,6122476.0,19495.575192453347,2.0,2431.0
18048,5.0,6122476.0,鏡週刊,0.9931061863899232,Q52089378,History_and_Society.Business_and_economics,6122476.0,19495.575192453347,2.0,2431.0
18049,5.0,6122476.0,鏡週刊,0.7431780099868774,Q52089378,History_and_Society.History,6122476.0,19495.575192453347,2.0,2431.0
18050,5.0,6122476.0,鏡週刊,0.4990100135803223,Q52089378,Geography.Regions.Asia.East_Asia,6122476.0,19495.575192453347,2.0,2431.0
18051,5.0,6122476.0,鏡週刊,0.4990100135803223,Q52089378,Geography.Regions.Asia.Asia*,6122476.0,19495.575192453347,2.0,2431.0
18052,5.0,6122476.0,鏡週刊,0.3276783227920532,Q52089378,STEM.Medicine_&_Health,6122476.0,19495.575192453347,2.0,2431.0
18053,5.0,6122476.0,鏡週刊,0.14805719256401062,Q52089378,Culture.Media.Media*,6122476.0,19495.575192453347,2.0,2431.0
18054,5.0,6122476.0,鏡週刊,0.11597072333097458,Q52089378,Culture.Food_and_drink,6122476.0,19495.575192453347,2.0,2431.0
18055,2.0,6129447.0,藍道爾·朴,0.9926641583442688,Q7291588,Culture.Biography.Biography*,6129447.0,470.1991249234459,6.0,2347.0
18056,2.0,6129447.0,藍道爾·朴,0.14415885508060455,Q7291588,Culture.Media.Media*,6129447.0,470.1991249234459,6.0,2347.0
18057,2.0,6129447.0,藍道爾·朴,0.0,Q7291588,Geography.Regions.Americas.North_America,6129447.0,470.1991249234459,6.0,2347.0
18058,2.0,6130086.0,林玉書 (演員),1.0000100135803225,Q55715942,Culture.Biography.Biography*,6130086.0,429.55354409223435,4.0,1748.0
18059,2.0,6130086.0,林玉書 (演員),0.9879562258720398,Q55715942,History_and_Society.Society,6130086.0,429.55354409223435,4.0,1748.0
18060,2.0,6130086.0,林玉書 (演員),0.538993239402771,Q55715942,Culture.Biography.Women,6130086.0,429.55354409223435,4.0,1748.0
18061,2.0,6130086.0,林玉書 (演員),0.4873227348327637,Q55715942,Geography.Regions.Asia.East_Asia,6130086.0,429.55354409223435,4.0,1748.0
18062,2.0,6130086.0,林玉書 (演員),0.4826069941520691,Q55715942,Geography.Regions.Asia.Asia*,6130086.0,429.55354409223435,4.0,1748.0
18063,2.0,6138747.0,瘋了，因為你！,0.974052667617798,Q52627218,Culture.Media.Media*,6138747.0,173.26312419281604,13.0,3337.0
18064,2.0,6138747.0,瘋了，因為你！,0.9732507467269896,Q52627218,Culture.Media.Television,6138747.0,173.26312419281604,13.0,3337.0
18065,2.0,6138747.0,瘋了，因為你！,0.493455099105835,Q52627218,Geography.Regions.Asia.East_Asia,6138747.0,173.26312419281604,13.0,3337.0
18066,2.0,6138747.0,瘋了，因為你！,0.4906942119598389,Q52627218,Geography.Regions.Asia.Asia*,6138747.0,173.26312419281604,13.0,3337.0
18067,2.0,6154236.0,北宋帽妖案,0.2942249774932861,Q55696973,STEM.STEM*,6154236.0,0.0,15.0,2241.0
18068,2.0,6154236.0,北宋帽妖案,0.0,Q55696973,Geography.Regions.Asia.Asia*,6154236.0,0.0,15.0,2241.0
18069,2.0,6154236.0,北宋帽妖案,0.0,Q55696973,Geography.Regions.Americas.North_America,6154236.0,0.0,15.0,2241.0
18070,2.0,6154236.0,北宋帽妖案,0.0,Q55696973,Geography.Regions.Europe.Europe*,6154236.0,0.0,15.0,2241.0
18071,6.0,6154802.0,聯合國正式語文,0.9748311638832092,Q2511187,Culture.Linguistics,6154802.0,183.42846610953185,5.0,3307.0
18072,6.0,6154802.0,聯合國正式語文,0.7431780099868774,Q2511187,History_and_Society.Politics_and_government,6154802.0,183.42846610953185,5.0,3307.0
18073,6.0,6154802.0,聯合國正式語文,0.2814156115055084,Q2511187,History_and_Society.Society,6154802.0,183.42846610953185,5.0,3307.0
18074,6.0,6154802.0,聯合國正式語文,0.0,Q2511187,Geography.Regions.Europe.Europe*,6154802.0,183.42846610953185,5.0,3307.0
18075,2.0,6155586.0,鋼鐵墳墓2,0.9939124584197998,Q30637119,Culture.Media.Media*,6155586.0,0.0,6.0,3655.0
18076,2.0,6155586.0,鋼鐵墳墓2,0.9841036200523376,Q30637119,Culture.Media.Films,6155586.0,0.0,6.0,3655.0
18077,2.0,6155586.0,鋼鐵墳墓2,0.0,Q30637119,Geography.Regions.Americas.North_America,6155586.0,0.0,6.0,3655.0
18078,3.0,6156806.0,许龄月,0.951152205467224,Q55696905,Culture.Biography.Biography*,6156806.0,11822.0,7.0,4797.0
18079,3.0,6156806.0,许龄月,0.3276783227920532,Q55696905,Culture.Biography.Women,6156806.0,11822.0,7.0,4797.0
18080,3.0,6156806.0,许龄月,0.12878464365005493,Q55696905,Geography.Regions.Asia.Asia*,6156806.0,11822.0,7.0,4797.0
18081,3.0,6156806.0,许龄月,0.03021936321258545,Q55696905,Geography.Regions.Asia.East_Asia,6156806.0,11822.0,7.0,4797.0
18082,1.0,6156834.0,諾福克南方鐵路,0.5544804334640503,Q1321054,History_and_Society.Transportation,6156834.0,0.0,17.0,818.0
18083,1.0,6156834.0,諾福克南方鐵路,0.3007555902004242,Q1321054,History_and_Society.Business_and_economics,6156834.0,0.0,17.0,818.0
18084,1.0,6156834.0,諾福克南方鐵路,0.19165198707580566,Q1321054,Geography.Regions.Americas.North_America,6156834.0,0.0,17.0,818.0
18085,2.0,6158098.0,游淑慧,1.0000100135803225,Q55696857,Culture.Biography.Biography*,6158098.0,0.0,2.0,2446.0
18086,2.0,6158098.0,游淑慧,0.8872146010398865,Q55696857,History_and_Society.Society,6158098.0,0.0,2.0,2446.0
18087,2.0,6158098.0,游淑慧,0.6076731681823729,Q55696857,Culture.Biography.Women,6158098.0,0.0,2.0,2446.0
18088,2.0,6158098.0,游淑慧,0.0,Q55696857,Geography.Regions.Asia.Asia*,6158098.0,0.0,2.0,2446.0
18089,2.0,6158098.0,游淑慧,0.0,Q55696857,Geography.Regions.Asia.East_Asia,6158098.0,0.0,2.0,2446.0
18090,6.0,6160431.0,東方華爾街 (電視劇),0.7879412174224854,Q54312251,Culture.Media.Media*,6160431.0,22995.995803033617,13.0,4417.0
18091,6.0,6160431.0,東方華爾街 (電視劇),0.6654205918312073,Q54312251,Culture.Media.Television,6160431.0,22995.995803033617,13.0,4417.0
18092,6.0,6160431.0,東方華爾街 (電視劇),0.4835854640007019,Q54312251,Geography.Regions.Asia.East_Asia,6160431.0,22995.995803033617,13.0,4417.0
18093,6.0,6160431.0,東方華爾街 (電視劇),0.4352950325012207,Q54312251,Geography.Regions.Asia.Asia*,6160431.0,22995.995803033617,13.0,4417.0
18094,2.0,6162512.0,有五個姊姊的我就註定要單身了啊！,1.0000100135803225,Q55696693,Culture.Media.Films,6162512.0,47.877896468566654,4.0,3380.0
18095,2.0,6162512.0,有五個姊姊的我就註定要單身了啊！,0.9960646033287048,Q55696693,Culture.Media.Media*,6162512.0,47.877896468566654,4.0,3380.0
18096,2.0,6162512.0,有五個姊姊的我就註定要單身了啊！,0.1294127255678177,Q55696693,Culture.Sports,6162512.0,47.877896468566654,4.0,3380.0
18097,2.0,6162512.0,有五個姊姊的我就註定要單身了啊！,0.0,Q55696693,Geography.Regions.Asia.Asia*,6162512.0,47.877896468566654,4.0,3380.0
18098,4.0,6164420.0,吳沛憶,1.0000100135803225,Q55696463,Culture.Biography.Biography*,6164420.0,453.9542497572909,2.0,1046.0
18099,4.0,6164420.0,吳沛憶,0.9688661694526672,Q55696463,History_and_Society.Society,6164420.0,453.9542497572909,2.0,1046.0
18100,4.0,6164420.0,吳沛憶,0.4688006341457367,Q55696463,Culture.Biography.Women,6164420.0,453.9542497572909,2.0,1046.0
18101,4.0,6164420.0,吳沛憶,0.32119916582107544,Q55696463,Geography.Regions.Asia.Asia*,6164420.0,453.9542497572909,2.0,1046.0
18102,4.0,6164420.0,吳沛憶,0.2047950496673584,Q55696463,Geography.Regions.Asia.East_Asia,6164420.0,453.9542497572909,2.0,1046.0
18103,2.0,6165120.0,司徒颂曦,0.9984121918678284,Q27881316,Culture.Biography.Biography*,6165120.0,566.1819476094241,5.0,2126.0
18104,2.0,6165120.0,司徒颂曦,0.053480433464050285,Q27881316,Geography.Regions.Americas.North_America,6165120.0,566.1819476094241,5.0,2126.0
18105,1.0,6167738.0,金刻羽,0.9924327731132508,Q76713918,Culture.Biography.Biography*,6167738.0,0.0,2.0,3647.0
18106,1.0,6167738.0,金刻羽,0.880807101726532,Q76713918,History_and_Society.Business_and_economics,6167738.0,0.0,2.0,3647.0
18107,1.0,6167738.0,金刻羽,0.4610267877578736,Q76713918,Culture.Biography.Women,6167738.0,0.0,2.0,3647.0
18108,1.0,6167738.0,金刻羽,0.0,Q76713918,Geography.Regions.Asia.Asia*,6167738.0,0.0,2.0,3647.0
18109,1.0,6167738.0,金刻羽,0.0,Q76713918,Geography.Regions.Asia.East_Asia,6167738.0,0.0,2.0,3647.0
18110,2.0,6169320.0,捍衛戰士：獨行俠,0.992888569831848,Q31202708,Culture.Media.Media*,6169320.0,10032.203342451376,6.0,3098.0
18111,2.0,6169320.0,捍衛戰士：獨行俠,0.9855064153671264,Q31202708,Culture.Media.Films,6169320.0,10032.203342451376,6.0,3098.0
18112,2.0,6169320.0,捍衛戰士：獨行俠,0.0,Q31202708,Geography.Regions.Americas.North_America,6169320.0,10032.203342451376,6.0,3098.0
18113,3.0,6174221.0,吳震亞,0.9399233460426332,Q60989086,Culture.Biography.Biography*,6174221.0,2020.628719889124,4.0,997.0
18114,3.0,6174221.0,吳震亞,0.3007555902004242,Q60989086,Culture.Sports,6174221.0,2020.628719889124,4.0,997.0
18115,3.0,6174221.0,吳震亞,0.16886694729328156,Q60989086,History_and_Society.Politics_and_government,6174221.0,2020.628719889124,4.0,997.0
18116,3.0,6174221.0,吳震亞,0.0,Q60989086,Geography.Regions.Americas.North_America,6174221.0,2020.628719889124,4.0,997.0
18117,3.0,6174221.0,吳震亞,0.0,Q60989086,Geography.Regions.Oceania,6174221.0,2020.628719889124,4.0,997.0
18118,3.0,6174221.0,吳震亞,0.0,Q60989086,Geography.Regions.Europe.Europe*,6174221.0,2020.628719889124,4.0,997.0
18119,1.0,6174234.0,招名威,1.0000100135803225,Q55696248,Culture.Biography.Biography*,6174234.0,0.0,0.0,4023.0
18120,1.0,6174234.0,招名威,0.9715740084648132,Q55696248,History_and_Society.Society,6174234.0,0.0,0.0,4023.0
18121,1.0,6174234.0,招名威,0.38304929637908935,Q55696248,Geography.Regions.Asia.East_Asia,6174234.0,0.0,0.0,4023.0
18122,1.0,6174234.0,招名威,0.2596606483459473,Q55696248,Geography.Regions.Asia.Asia*,6174234.0,0.0,0.0,4023.0
18123,1.0,6174234.0,招名威,0.23371636867523196,Q55696248,STEM.STEM*,6174234.0,0.0,0.0,4023.0
18124,7.0,6176951.0,守美的飯饌,0.8706072568893433,Q65265207,Culture.Media.Television,6176951.0,5325.799584521527,0.0,2262.0
18125,7.0,6176951.0,守美的飯饌,0.7981967926025391,Q65265207,Culture.Media.Media*,6176951.0,5325.799584521527,0.0,2262.0
18126,7.0,6176951.0,守美的飯饌,0.4831036200523377,Q65265207,Geography.Regions.Asia.East_Asia,6176951.0,5325.799584521527,0.0,2262.0
18127,7.0,6176951.0,守美的飯饌,0.4063222279548645,Q65265207,Geography.Regions.Asia.Asia*,6176951.0,5325.799584521527,0.0,2262.0
18128,4.0,6178804.0,Repeat～改變命運的10個月～,0.2942249774932861,Q48760151,STEM.STEM*,6178804.0,4026.9503448323603,13.0,5658.0
18129,4.0,6178804.0,Repeat～改變命運的10個月～,0.0,Q48760151,Geography.Regions.Asia.Asia*,6178804.0,4026.9503448323603,13.0,5658.0
18130,4.0,6178804.0,Repeat～改變命運的10個月～,0.0,Q48760151,Geography.Regions.Americas.North_America,6178804.0,4026.9503448323603,13.0,5658.0
18131,4.0,6178804.0,Repeat～改變命運的10個月～,0.0,Q48760151,Geography.Regions.Europe.Europe*,6178804.0,4026.9503448323603,13.0,5658.0
18132,5.0,6179609.0,綜藝玩很大節目列表,1.0,Q54878450,Compilation.List_Disambig,6179609.0,5491.831620598574,4.0,2000.0
18133,5.0,6179609.0,綜藝玩很大節目列表,0.2227101624011993,Q54878450,STEM.STEM*,6179609.0,5491.831620598574,4.0,2000.0
18134,5.0,6179609.0,綜藝玩很大節目列表,0.1259327530860901,Q54878450,Culture.Media.Media*,6179609.0,5491.831620598574,4.0,2000.0
18135,5.0,6179609.0,綜藝玩很大節目列表,0.10088862478733064,Q54878450,Culture.Sports,6179609.0,5491.831620598574,4.0,2000.0
18136,5.0,6179609.0,綜藝玩很大節目列表,0.0,Q54878450,Geography.Regions.Americas.North_America,6179609.0,5491.831620598574,4.0,2000.0
18137,5.0,6179609.0,綜藝玩很大節目列表,0.0,Q54878450,Geography.Regions.Europe.Europe*,6179609.0,5491.831620598574,4.0,2000.0
18138,5.0,6179609.0,綜藝玩很大節目列表,0.0,Q54878450,Geography.Regions.Asia.Asia*,6179609.0,5491.831620598574,4.0,2000.0
18139,6.0,6182852.0,神力女超人1984,0.9893575310707092,Q33408623,Culture.Media.Media*,6182852.0,1923.6034277457745,6.0,2872.0
18140,6.0,6182852.0,神力女超人1984,0.9755869507789612,Q33408623,Culture.Media.Films,6182852.0,1923.6034277457745,6.0,2872.0
18141,6.0,6182852.0,神力女超人1984,0.275139719247818,Q33408623,Culture.Literature,6182852.0,1923.6034277457745,6.0,2872.0
18142,6.0,6182852.0,神力女超人1984,0.2509227991104126,Q33408623,Culture.Visual_arts.Comics_and_Anime,6182852.0,1923.6034277457745,6.0,2872.0
18143,6.0,6182852.0,神力女超人1984,0.18714269995689392,Q33408623,Culture.Visual_arts.Visual_arts*,6182852.0,1923.6034277457745,6.0,2872.0
18144,6.0,6182852.0,神力女超人1984,0.0,Q33408623,Geography.Regions.Americas.North_America,6182852.0,1923.6034277457745,6.0,2872.0
18145,1.0,6183690.0,尚语贤,0.9284188151359558,Q55707828,Culture.Biography.Biography*,6183690.0,0.0,12.0,1443.0
18146,5.0,6185608.0,第一滴血2,0.9949496984481812,Q319783,Culture.Media.Films,6185608.0,6372.0157959661365,6.0,4386.0
18147,5.0,6185608.0,第一滴血2,0.9939124584197998,Q319783,Culture.Media.Media*,6185608.0,6372.0157959661365,6.0,4386.0
18148,5.0,6185608.0,第一滴血2,0.12253321707248688,Q319783,Culture.Media.Entertainment,6185608.0,6372.0157959661365,6.0,4386.0
18149,5.0,6185608.0,第一滴血2,0.006821857929229736,Q319783,Geography.Regions.Americas.North_America,6185608.0,6372.0157959661365,6.0,4386.0
18150,3.0,6188518.0,(G)I-DLE媒体作品列表,0.2942249774932861,Q55695714,STEM.STEM*,6188518.0,1634.5352997074076,0.0,2409.0
18151,3.0,6188518.0,(G)I-DLE媒体作品列表,0.0,Q55695714,Geography.Regions.Asia.Asia*,6188518.0,1634.5352997074076,0.0,2409.0
18152,3.0,6188518.0,(G)I-DLE媒体作品列表,0.0,Q55695714,Geography.Regions.Americas.North_America,6188518.0,1634.5352997074076,0.0,2409.0
18153,3.0,6188518.0,(G)I-DLE媒体作品列表,0.0,Q55695714,Geography.Regions.Europe.Europe*,6188518.0,1634.5352997074076,0.0,2409.0
18154,1.0,6192336.0,三國殺·幻,0.2942249774932861,Q55695739,STEM.STEM*,6192336.0,0.0,12.0,865.0
18155,1.0,6192336.0,三國殺·幻,0.0,Q55695739,Geography.Regions.Asia.Asia*,6192336.0,0.0,12.0,865.0
18156,1.0,6192336.0,三國殺·幻,0.0,Q55695739,Geography.Regions.Americas.North_America,6192336.0,0.0,12.0,865.0
18157,1.0,6192336.0,三國殺·幻,0.0,Q55695739,Geography.Regions.Europe.Europe*,6192336.0,0.0,12.0,865.0
18158,3.0,6197445.0,逆流大叔,0.9859463572502136,Q55695666,Culture.Media.Films,6197445.0,0.0,12.0,2473.0
18159,3.0,6197445.0,逆流大叔,0.9637899398803712,Q55695666,Culture.Media.Media*,6197445.0,0.0,12.0,2473.0
18160,3.0,6197445.0,逆流大叔,0.3509628047943115,Q55695666,Geography.Regions.Asia.Asia*,6197445.0,0.0,12.0,2473.0
18161,3.0,6197445.0,逆流大叔,0.16442059183120727,Q55695666,Geography.Regions.Asia.East_Asia,6197445.0,0.0,12.0,2473.0
18162,3.0,6198794.0,猎毒人,0.9241518378257751,Q55442537,Culture.Media.Television,6198794.0,5835.823771657907,7.0,3841.0
18163,3.0,6198794.0,猎毒人,0.8991314172744751,Q55442537,Culture.Media.Media*,6198794.0,5835.823771657907,7.0,3841.0
18164,3.0,6198794.0,猎毒人,0.3696072568893433,Q55442537,Geography.Regions.Asia.East_Asia,6198794.0,5835.823771657907,7.0,3841.0
18165,3.0,6198794.0,猎毒人,0.25392501258850103,Q55442537,Geography.Regions.Asia.Asia*,6198794.0,5835.823771657907,7.0,3841.0
18166,2.0,6208382.0,王健 (1961年),0.99567848443985,Q55377479,Culture.Biography.Biography*,6208382.0,0.0,10.0,1692.0
18167,2.0,6208382.0,王健 (1961年),0.7431780099868774,Q55377479,History_and_Society.Business_and_economics,6208382.0,0.0,10.0,1692.0
18168,2.0,6208382.0,王健 (1961年),0.4688006341457367,Q55377479,History_and_Society.Transportation,6208382.0,0.0,10.0,1692.0
18169,2.0,6208382.0,王健 (1961年),0.42531375789642334,Q55377479,Geography.Regions.Asia.East_Asia,6208382.0,0.0,10.0,1692.0
18170,2.0,6208382.0,王健 (1961年),0.4225146472454071,Q55377479,STEM.Engineering,6208382.0,0.0,10.0,1692.0
18171,2.0,6208382.0,王健 (1961年),0.3893042674064636,Q55377479,Geography.Regions.Asia.Asia*,6208382.0,0.0,10.0,1692.0
18172,2.0,6208382.0,王健 (1961年),0.287777841091156,Q55377479,STEM.STEM*,6208382.0,0.0,10.0,1692.0
18173,4.0,6210623.0,劉些寧,0.9924327731132508,Q27748795,Culture.Biography.Biography*,6210623.0,776.1464385359433,7.0,1786.0
18174,4.0,6210623.0,劉些寧,0.7773098945617676,Q27748795,Culture.Media.Music,6210623.0,776.1464385359433,7.0,1786.0
18175,4.0,6210623.0,劉些寧,0.7310686111450195,Q27748795,Culture.Biography.Women,6210623.0,776.1464385359433,7.0,1786.0
18176,4.0,6210623.0,劉些寧,0.6442351341247559,Q27748795,Culture.Media.Media*,6210623.0,776.1464385359433,7.0,1786.0
18177,4.0,6210623.0,劉些寧,0.42531375789642334,Q27748795,Geography.Regions.Asia.East_Asia,6210623.0,776.1464385359433,7.0,1786.0
18178,4.0,6210623.0,劉些寧,0.3952613940238953,Q27748795,Geography.Regions.Asia.Asia*,6210623.0,776.1464385359433,7.0,1786.0
18179,24.0,6216828.0,黑超特警組：反轉世界,0.9983093142509459,Q55439830,Culture.Media.Films,6216828.0,3697.253972912465,6.0,2970.0
18180,24.0,6216828.0,黑超特警組：反轉世界,0.9964163899421692,Q55439830,Culture.Media.Media*,6216828.0,3697.253972912465,6.0,2970.0
18181,24.0,6216828.0,黑超特警組：反轉世界,0.3998216390609741,Q55439830,Culture.Media.Entertainment,6216828.0,3697.253972912465,6.0,2970.0
18182,24.0,6216828.0,黑超特警組：反轉世界,0.3702353835105896,Q55439830,Culture.Literature,6216828.0,3697.253972912465,6.0,2970.0
18183,24.0,6216828.0,黑超特警組：反轉世界,0.348655104637146,Q55439830,Culture.Visual_arts.Comics_and_Anime,6216828.0,3697.253972912465,6.0,2970.0
18184,24.0,6216828.0,黑超特警組：反轉世界,0.275139719247818,Q55439830,Culture.Visual_arts.Visual_arts*,6216828.0,3697.253972912465,6.0,2970.0
18185,24.0,6216828.0,黑超特警組：反轉世界,0.0,Q55439830,Geography.Regions.Americas.North_America,6216828.0,3697.253972912465,6.0,2970.0
18186,2.0,6219839.0,K11 MUSEA,0.8558611869812012,Q55615502,History_and_Society.Business_and_economics,6219839.0,0.0,10.0,2363.0
18187,2.0,6219839.0,K11 MUSEA,0.4961204400062561,Q55615502,Geography.Regions.Asia.East_Asia,6219839.0,0.0,10.0,2363.0
18188,2.0,6219839.0,K11 MUSEA,0.4960290064811706,Q55615502,Geography.Regions.Asia.Asia*,6219839.0,0.0,10.0,2363.0
18189,2.0,6219839.0,K11 MUSEA,0.38492217659950256,Q55615502,Culture.Visual_arts.Visual_arts*,6219839.0,0.0,10.0,2363.0
18190,2.0,6219839.0,K11 MUSEA,0.2393593490123749,Q55615502,Culture.Visual_arts.Architecture,6219839.0,0.0,10.0,2363.0
18191,2.0,6225855.0,下雨地震說,0.2942249774932861,Q55694330,STEM.STEM*,6225855.0,9455.833707649921,8.0,1790.0
18192,2.0,6225855.0,下雨地震說,0.0,Q55694330,Geography.Regions.Asia.Asia*,6225855.0,9455.833707649921,8.0,1790.0
18193,2.0,6225855.0,下雨地震說,0.0,Q55694330,Geography.Regions.Americas.North_America,6225855.0,9455.833707649921,8.0,1790.0
18194,2.0,6225855.0,下雨地震說,0.0,Q55694330,Geography.Regions.Europe.Europe*,6225855.0,9455.833707649921,8.0,1790.0
18195,4.0,6241290.0,张静懿,1.0000100135803225,Q56259801,Culture.Biography.Biography*,6241290.0,5438.590328971968,4.0,743.0
18196,4.0,6241290.0,张静懿,0.8634016513824463,Q56259801,History_and_Society.Society,6241290.0,5438.590328971968,4.0,743.0
18197,4.0,6241290.0,张静懿,0.4753205647468567,Q56259801,Geography.Regions.Asia.East_Asia,6241290.0,5438.590328971968,4.0,743.0
18198,4.0,6241290.0,张静懿,0.4616831412315369,Q56259801,Geography.Regions.Asia.Asia*,6241290.0,5438.590328971968,4.0,743.0
18199,4.0,6241290.0,张静懿,0.3140605390071869,Q56259801,Culture.Biography.Women,6241290.0,5438.590328971968,4.0,743.0
18200,7.0,6246227.0,黃捷,1.0000100135803225,Q56025529,Culture.Biography.Biography*,6246227.0,7516.376085271351,2.0,2629.0
18201,7.0,6246227.0,黃捷,0.9987651705741882,Q56025529,History_and_Society.Society,6246227.0,7516.376085271351,2.0,2629.0
18202,7.0,6246227.0,黃捷,0.6791887283325195,Q56025529,Culture.Biography.Women,6246227.0,7516.376085271351,2.0,2629.0
18203,7.0,6246227.0,黃捷,0.4738311638832092,Q56025529,Geography.Regions.Asia.Asia*,6246227.0,7516.376085271351,2.0,2629.0
18204,7.0,6246227.0,黃捷,0.4638651480674744,Q56025529,Geography.Regions.Asia.East_Asia,6246227.0,7516.376085271351,2.0,2629.0
18205,3.0,6249403.0,胡美貽,0.960371196269989,Q47009570,Culture.Biography.Biography*,6249403.0,10668.196071025483,7.0,4996.0
18206,3.0,6249403.0,胡美貽,0.4455395638942719,Q47009570,Culture.Biography.Women,6249403.0,10668.196071025483,7.0,4996.0
18207,3.0,6249403.0,胡美貽,0.0,Q47009570,Geography.Regions.Asia.Asia*,6249403.0,10668.196071025483,7.0,4996.0
18208,3.0,6249403.0,胡美貽,0.0,Q47009570,Geography.Regions.Asia.East_Asia,6249403.0,10668.196071025483,7.0,4996.0
18209,3.0,6250604.0,騰訊遊戲,0.8175845146179199,Q39057776,Culture.Internet_culture,6250604.0,11820.0,16.0,2341.0
18210,3.0,6250604.0,騰訊遊戲,0.8031837940216064,Q39057776,Culture.Media.Media*,6250604.0,11820.0,16.0,2341.0
18211,3.0,6250604.0,騰訊遊戲,0.7122421860694885,Q39057776,Culture.Media.Video_games,6250604.0,11820.0,16.0,2341.0
18212,3.0,6250604.0,騰訊遊戲,0.5698626637458801,Q39057776,History_and_Society.Business_and_economics,6250604.0,11820.0,16.0,2341.0
18213,3.0,6250604.0,騰訊遊戲,0.4089169969558716,Q39057776,Geography.Regions.Asia.East_Asia,6250604.0,11820.0,16.0,2341.0
18214,3.0,6250604.0,騰訊遊戲,0.23006861114501956,Q39057776,Geography.Regions.Asia.Asia*,6250604.0,11820.0,16.0,2341.0
18215,3.0,6250604.0,騰訊遊戲,0.0,Q39057776,Geography.Regions.Americas.North_America,6250604.0,11820.0,16.0,2341.0
18216,1.0,6256921.0,凯瑟琳·纽顿,1.0000100135803225,Q165625,Culture.Biography.Biography*,6256921.0,0.0,6.0,1442.0
18217,1.0,6256921.0,凯瑟琳·纽顿,0.966924011707306,Q165625,Culture.Biography.Women,6256921.0,0.0,6.0,1442.0
18218,1.0,6256921.0,凯瑟琳·纽顿,0.11921291798353195,Q165625,Culture.Media.Media*,6256921.0,0.0,6.0,1442.0
18219,1.0,6256921.0,凯瑟琳·纽顿,0.006821857929229736,Q165625,Geography.Regions.Americas.North_America,6256921.0,0.0,6.0,1442.0
18220,12.0,6274018.0,綜藝新時代,0.8519628047943115,Q60995611,Culture.Media.Television,6274018.0,29769.709184662108,4.0,3131.0
18221,12.0,6274018.0,綜藝新時代,0.7773098945617676,Q60995611,Culture.Media.Media*,6274018.0,29769.709184662108,4.0,3131.0
18222,12.0,6274018.0,綜藝新時代,0.0,Q60995611,Geography.Regions.Asia.Asia*,6274018.0,29769.709184662108,4.0,3131.0
18223,2.0,6281917.0,閃電十一人 獵戶座的刻印,1.0000100135803225,Q56350050,Culture.Visual_arts.Visual_arts*,6281917.0,0.0,13.0,2863.0
18224,2.0,6281917.0,閃電十一人 獵戶座的刻印,1.0000100135803225,Q56350050,Culture.Visual_arts.Comics_and_Anime,6281917.0,0.0,13.0,2863.0
18225,2.0,6281917.0,閃電十一人 獵戶座的刻印,1.0000100135803225,Q56350050,Culture.Literature,6281917.0,0.0,13.0,2863.0
18226,7.0,6291281.0,蘭開斯特公爵領地事務大臣,0.9770326614379884,Q162754,History_and_Society.Politics_and_government,6291281.0,31.445994707782337,1.0,825.0
18227,7.0,6291281.0,蘭開斯特公爵領地事務大臣,0.24509501457214355,Q162754,History_and_Society.Military_and_warfare,6291281.0,31.445994707782337,1.0,825.0
18228,7.0,6291281.0,蘭開斯特公爵領地事務大臣,0.0,Q162754,Geography.Regions.Europe.Europe*,6291281.0,31.445994707782337,1.0,825.0
18229,7.0,6291281.0,蘭開斯特公爵領地事務大臣,0.0,Q162754,Geography.Regions.Europe.Northern_Europe,6291281.0,31.445994707782337,1.0,825.0
18230,19.0,6291286.0,首席大臣,0.9820237755775452,Q3068024,History_and_Society.Politics_and_government,6291286.0,302.34879122063165,1.0,1814.0
18231,1.0,6292608.0,絕世英豪,0.994455099105835,Q839596,Culture.Media.Media*,6292608.0,0.0,11.0,1054.0
18232,1.0,6292608.0,絕世英豪,0.9905974268913268,Q839596,Culture.Media.Films,6292608.0,0.0,11.0,1054.0
18233,1.0,6292608.0,絕世英豪,0.0,Q839596,Geography.Regions.Europe.Europe*,6292608.0,0.0,11.0,1054.0
18234,1.0,6292608.0,絕世英豪,0.0,Q839596,Geography.Regions.Europe.Northern_Europe,6292608.0,0.0,11.0,1054.0
18235,7.0,6293312.0,IPhone XS,0.9951046109199524,Q56599248,STEM.STEM*,6293312.0,27552.0,17.0,3004.0
18236,7.0,6293312.0,IPhone XS,0.990301549434662,Q56599248,STEM.Technology,6293312.0,27552.0,17.0,3004.0
18237,7.0,6293312.0,IPhone XS,0.8903042674064636,Q56599248,Culture.Media.Software,6293312.0,27552.0,17.0,3004.0
18238,7.0,6293312.0,IPhone XS,0.8774868249893188,Q56599248,Culture.Media.Media*,6293312.0,27552.0,17.0,3004.0
18239,7.0,6293312.0,IPhone XS,0.3998216390609741,Q56599248,STEM.Computing,6293312.0,27552.0,17.0,3004.0
18240,7.0,6293312.0,IPhone XS,0.10375863313674928,Q56599248,History_and_Society.Business_and_economics,6293312.0,27552.0,17.0,3004.0
18241,2.0,6294494.0,台鐵EMU900型電聯車,1.0000100135803225,Q57404203,Culture.Biography.Biography*,6294494.0,0.0,13.0,2719.0
18242,2.0,6294494.0,台鐵EMU900型電聯車,1.0000100135803225,Q57404203,History_and_Society.Society,6294494.0,0.0,13.0,2719.0
18243,2.0,6294494.0,台鐵EMU900型電聯車,0.9988405108451844,Q57404203,History_and_Society.Transportation,6294494.0,0.0,13.0,2719.0
18244,2.0,6294494.0,台鐵EMU900型電聯車,0.4990100135803223,Q57404203,Geography.Regions.Asia.Asia*,6294494.0,0.0,13.0,2719.0
18245,2.0,6294494.0,台鐵EMU900型電聯車,0.4990100135803223,Q57404203,Geography.Regions.Asia.East_Asia,6294494.0,0.0,13.0,2719.0
18246,1.0,6294981.0,蘇啟誠,0.998599648475647,Q60694064,Culture.Biography.Biography*,6294981.0,0.0,5.0,2161.0
18247,1.0,6294981.0,蘇啟誠,0.5621865391731262,Q60694064,History_and_Society.Society,6294981.0,0.0,5.0,2161.0
18248,1.0,6294981.0,蘇啟誠,0.2869412174224853,Q60694064,Geography.Regions.Asia.Asia*,6294981.0,0.0,5.0,2161.0
18249,1.0,6294981.0,蘇啟誠,0.22388027811050412,Q60694064,Geography.Regions.Asia.East_Asia,6294981.0,0.0,5.0,2161.0
18250,1.0,6294981.0,蘇啟誠,0.21734751760959625,Q60694064,History_and_Society.Politics_and_government,6294981.0,0.0,5.0,2161.0
18251,1.0,6302055.0,致青春·原來你還在這裡,0.9591643214225768,Q19954800,Culture.Media.Media*,6302055.0,0.0,12.0,2978.0
18252,1.0,6302055.0,致青春·原來你還在這裡,0.9362950325012208,Q19954800,Culture.Media.Films,6302055.0,0.0,12.0,2978.0
18253,1.0,6302055.0,致青春·原來你還在這裡,0.4669093360900879,Q19954800,Geography.Regions.Asia.Asia*,6302055.0,0.0,12.0,2978.0
18254,1.0,6302055.0,致青春·原來你還在這裡,0.43892334604263306,Q19954800,Geography.Regions.Asia.East_Asia,6302055.0,0.0,12.0,2978.0
18255,2.0,6307390.0,PUBG Mobile,0.99219411611557,Q63595820,Culture.Internet_culture,6307390.0,0.0,16.0,2098.0
18256,2.0,6307390.0,PUBG Mobile,0.9659096002578736,Q63595820,Culture.Media.Video_games,6307390.0,0.0,16.0,2098.0
18257,2.0,6307390.0,PUBG Mobile,0.9637899398803712,Q63595820,Culture.Media.Media*,6307390.0,0.0,16.0,2098.0
18258,8.0,6307776.0,艾蜜麗的五件事,0.2942249774932861,Q60990557,STEM.STEM*,6307776.0,15539.97912292949,4.0,2587.0
18259,8.0,6307776.0,艾蜜麗的五件事,0.0,Q60990557,Geography.Regions.Asia.Asia*,6307776.0,15539.97912292949,4.0,2587.0
18260,8.0,6307776.0,艾蜜麗的五件事,0.0,Q60990557,Geography.Regions.Americas.North_America,6307776.0,15539.97912292949,4.0,2587.0
18261,8.0,6307776.0,艾蜜麗的五件事,0.0,Q60990557,Geography.Regions.Europe.Europe*,6307776.0,15539.97912292949,4.0,2587.0
18262,6.0,6310685.0,瑞幸咖啡,0.6001983880996704,Q56811344,History_and_Society.Business_and_economics,6310685.0,20823.48729777854,10.0,116149.0
18263,6.0,6310685.0,瑞幸咖啡,0.4114462008476257,Q56811344,Geography.Regions.Asia.East_Asia,6310685.0,20823.48729777854,10.0,116149.0
18264,6.0,6310685.0,瑞幸咖啡,0.29719679260253906,Q56811344,Geography.Regions.Asia.Asia*,6310685.0,20823.48729777854,10.0,116149.0
18265,6.0,6310685.0,瑞幸咖啡,0.1097157895565033,Q56811344,STEM.STEM*,6310685.0,20823.48729777854,10.0,116149.0
18266,3.0,6311754.0,林意箴,0.9659096002578736,Q60990796,Culture.Biography.Biography*,6311754.0,6026.143399470533,4.0,2671.0
18267,3.0,6311754.0,林意箴,0.9416641592979432,Q60990796,History_and_Society.Society,6311754.0,6026.143399470533,4.0,2671.0
18268,3.0,6311754.0,林意箴,0.1778208613395691,Q60990796,Culture.Performing_arts,6311754.0,6026.143399470533,4.0,2671.0
18269,3.0,6311754.0,林意箴,0.0,Q60990796,Geography.Regions.Americas.North_America,6311754.0,6026.143399470533,4.0,2671.0
18270,3.0,6311754.0,林意箴,0.0,Q60990796,Geography.Regions.Europe.Europe*,6311754.0,6026.143399470533,4.0,2671.0
18271,2.0,6319633.0,速成家庭,0.998142421245575,Q50649533,Culture.Media.Films,6319633.0,9303.026007370538,12.0,934.0
18272,2.0,6319633.0,速成家庭,0.9964163899421692,Q50649533,Culture.Media.Media*,6319633.0,9303.026007370538,12.0,934.0
18273,2.0,6319633.0,速成家庭,0.15742753648757934,Q50649533,Geography.Regions.Americas.North_America,6319633.0,9303.026007370538,12.0,934.0
18274,1.0,6326186.0,上海快鹿投资集团,0.2942249774932861,Q60991441,STEM.STEM*,6326186.0,0.0,12.0,682.0
18275,1.0,6326186.0,上海快鹿投资集团,0.0,Q60991441,Geography.Regions.Asia.Asia*,6326186.0,0.0,12.0,682.0
18276,1.0,6326186.0,上海快鹿投资集团,0.0,Q60991441,Geography.Regions.Americas.North_America,6326186.0,0.0,12.0,682.0
18277,1.0,6326186.0,上海快鹿投资集团,0.0,Q60991441,Geography.Regions.Europe.Europe*,6326186.0,0.0,12.0,682.0
18278,4.0,6327618.0,徐艺洋,0.9825675487518309,Q60991481,Culture.Biography.Biography*,6327618.0,6595.457277382272,7.0,1589.0
18279,4.0,6327618.0,徐艺洋,0.4225146472454071,Q60991481,Culture.Biography.Women,6327618.0,6595.457277382272,7.0,1589.0
18280,4.0,6327618.0,徐艺洋,0.14415885508060455,Q60991481,Culture.Media.Media*,6327618.0,6595.457277382272,7.0,1589.0
18281,4.0,6327618.0,徐艺洋,0.0,Q60991481,Geography.Regions.Asia.Asia*,6327618.0,6595.457277382272,7.0,1589.0
18282,4.0,6327618.0,徐艺洋,0.0,Q60991481,Geography.Regions.Asia.East_Asia,6327618.0,6595.457277382272,7.0,1589.0
18283,4.0,6328796.0,大雄的月球探測記,0.9992306232452391,Q57329294,Culture.Media.Films,6328796.0,2629.671433826535,16.0,3264.0
18284,4.0,6328796.0,大雄的月球探測記,0.9976868629455566,Q57329294,Culture.Media.Media*,6328796.0,2629.671433826535,16.0,3264.0
18285,4.0,6328796.0,大雄的月球探測記,0.9796776771545409,Q57329294,Culture.Visual_arts.Comics_and_Anime,6328796.0,2629.671433826535,16.0,3264.0
18286,4.0,6328796.0,大雄的月球探測記,0.9715740084648132,Q57329294,Culture.Visual_arts.Visual_arts*,6328796.0,2629.671433826535,16.0,3264.0
18287,4.0,6328796.0,大雄的月球探測記,0.9715740084648132,Q57329294,Culture.Literature,6328796.0,2629.671433826535,16.0,3264.0
18288,4.0,6328796.0,大雄的月球探測記,0.4456066956520081,Q57329294,Geography.Regions.Asia.Asia*,6328796.0,2629.671433826535,16.0,3264.0
18289,4.0,6328796.0,大雄的月球探測記,0.4352950325012207,Q57329294,Geography.Regions.Asia.East_Asia,6328796.0,2629.671433826535,16.0,3264.0
18290,12.0,6334989.0,普悠瑪列車出軌事故,0.9924327731132508,Q57580401,Geography.Regions.Asia.Asia*,6334989.0,51939.186708523426,5.0,3057.0
18291,12.0,6334989.0,普悠瑪列車出軌事故,0.9648651480674744,Q57580401,Culture.Biography.Biography*,6334989.0,51939.186708523426,5.0,3057.0
18292,12.0,6334989.0,普悠瑪列車出軌事故,0.960371196269989,Q57580401,Geography.Regions.Asia.East_Asia,6334989.0,51939.186708523426,5.0,3057.0
18293,12.0,6334989.0,普悠瑪列車出軌事故,0.9019306898117064,Q57580401,History_and_Society.Society,6334989.0,51939.186708523426,5.0,3057.0
18294,12.0,6334989.0,普悠瑪列車出軌事故,0.8080772161483765,Q57580401,History_and_Society.Transportation,6334989.0,51939.186708523426,5.0,3057.0
18295,12.0,6334989.0,普悠瑪列車出軌事故,0.41490885615348816,Q57580401,History_and_Society.Politics_and_government,6334989.0,51939.186708523426,5.0,3057.0
18296,3.0,6338760.0,特警新人類,0.9637899398803712,Q645387,Culture.Media.Media*,6338760.0,56.253887939962866,12.0,1157.0
18297,3.0,6338760.0,特警新人類,0.9381340146064758,Q645387,Culture.Media.Films,6338760.0,56.253887939962866,12.0,1157.0
18298,3.0,6338760.0,特警新人類,0.4898843636512756,Q645387,Geography.Regions.Asia.East_Asia,6338760.0,56.253887939962866,12.0,1157.0
18299,3.0,6338760.0,特警新人類,0.4730526676177978,Q645387,Geography.Regions.Asia.Asia*,6338760.0,56.253887939962866,12.0,1157.0
18300,1.0,6342767.0,免許,0.7718535065650941,Q1050178,STEM.STEM*,6342767.0,0.0,4.0,879.0
18301,1.0,6342767.0,免許,0.4301573634147644,Q1050178,Culture.Biography.Biography*,6342767.0,0.0,4.0,879.0
18302,1.0,6342767.0,免許,0.3276783227920532,Q1050178,STEM.Computing,6342767.0,0.0,4.0,879.0
18303,1.0,6342767.0,免許,0.22816647589206696,Q1050178,History_and_Society.Transportation,6342767.0,0.0,4.0,879.0
18304,1.0,6342767.0,免許,0.14415885508060455,Q1050178,STEM.Engineering,6342767.0,0.0,4.0,879.0
18305,1.0,6342767.0,免許,0.1294127255678177,Q1050178,History_and_Society.Politics_and_government,6342767.0,0.0,4.0,879.0
18306,1.0,6342767.0,免許,0.11921291798353195,Q1050178,History_and_Society.Business_and_economics,6342767.0,0.0,4.0,879.0
18307,1.0,6342767.0,免許,0.10088862478733064,Q1050178,History_and_Society.Military_and_warfare,6342767.0,0.0,4.0,879.0
18308,1.0,6342767.0,免許,0.10088862478733064,Q1050178,History_and_Society.History,6342767.0,0.0,4.0,879.0
18309,5.0,6342787.0,新幹線戰士,1.0000100135803225,Q30114481,Culture.Literature,6342787.0,5065.947340756762,13.0,3170.0
18310,5.0,6342787.0,新幹線戰士,1.0000100135803225,Q30114481,Culture.Visual_arts.Visual_arts*,6342787.0,5065.947340756762,13.0,3170.0
18311,5.0,6342787.0,新幹線戰士,1.0000100135803225,Q30114481,Culture.Visual_arts.Comics_and_Anime,6342787.0,5065.947340756762,13.0,3170.0
18312,5.0,6342787.0,新幹線戰士,0.2869412174224853,Q30114481,Geography.Regions.Asia.East_Asia,6342787.0,5065.947340756762,13.0,3170.0
18313,5.0,6342787.0,新幹線戰士,0.15611489117145538,Q30114481,Culture.Media.Media*,6342787.0,5065.947340756762,13.0,3170.0
18314,5.0,6342787.0,新幹線戰士,0.053480433464050285,Q30114481,Geography.Regions.Asia.Asia*,6342787.0,5065.947340756762,13.0,3170.0
18315,2.0,6346580.0,阿曼達·諾克斯,0.9951046109199524,Q4739665,Culture.Biography.Biography*,6346580.0,13493.573711905745,10.0,6048.0
18316,2.0,6346580.0,阿曼達·諾克斯,0.839743971824646,Q4739665,Culture.Biography.Women,6346580.0,13493.573711905745,10.0,6048.0
18317,2.0,6346580.0,阿曼達·諾克斯,0.2047950496673584,Q4739665,Geography.Regions.Americas.North_America,6346580.0,13493.573711905745,10.0,6048.0
18318,2.0,6346580.0,阿曼達·諾克斯,0.19194278120994568,Q4739665,Culture.Literature,6346580.0,13493.573711905745,10.0,6048.0
18319,2.0,6346580.0,阿曼達·諾克斯,0.10088862478733064,Q4739665,Culture.Media.Media*,6346580.0,13493.573711905745,10.0,6048.0
18320,1.0,6347345.0,Dusk Diver 酉閃町,0.2942249774932861,Q60991975,STEM.STEM*,6347345.0,0.0,2.0,1852.0
18321,1.0,6347345.0,Dusk Diver 酉閃町,0.0,Q60991975,Geography.Regions.Asia.Asia*,6347345.0,0.0,2.0,1852.0
18322,1.0,6347345.0,Dusk Diver 酉閃町,0.0,Q60991975,Geography.Regions.Americas.North_America,6347345.0,0.0,2.0,1852.0
18323,1.0,6347345.0,Dusk Diver 酉閃町,0.0,Q60991975,Geography.Regions.Europe.Europe*,6347345.0,0.0,2.0,1852.0
18324,3.0,6348754.0,蠟筆小新：新婚旅行風暴〜奪回廣志大作戰〜,0.996837317943573,Q58082579,Culture.Media.Media*,6348754.0,0.0,14.0,3128.0
18325,3.0,6348754.0,蠟筆小新：新婚旅行風暴〜奪回廣志大作戰〜,0.9905974268913268,Q58082579,Culture.Media.Films,6348754.0,0.0,14.0,3128.0
18326,3.0,6348754.0,蠟筆小新：新婚旅行風暴〜奪回廣志大作戰〜,0.8311530351638794,Q58082579,Culture.Literature,6348754.0,0.0,14.0,3128.0
18327,3.0,6348754.0,蠟筆小新：新婚旅行風暴〜奪回廣志大作戰〜,0.6992644667625427,Q58082579,Culture.Visual_arts.Comics_and_Anime,6348754.0,0.0,14.0,3128.0
18328,3.0,6348754.0,蠟筆小新：新婚旅行風暴〜奪回廣志大作戰〜,0.6723417043685913,Q58082579,Culture.Visual_arts.Visual_arts*,6348754.0,0.0,14.0,3128.0
18329,3.0,6348754.0,蠟筆小新：新婚旅行風暴〜奪回廣志大作戰〜,0.13604079389572146,Q58082579,Geography.Regions.Asia.Asia*,6348754.0,0.0,14.0,3128.0
18330,3.0,6348754.0,蠟筆小新：新婚旅行風暴〜奪回廣志大作戰〜,0.0,Q58082579,Geography.Regions.Asia.East_Asia,6348754.0,0.0,14.0,3128.0
18331,1.0,6350870.0,林玹珠,0.9960646033287048,Q60992093,Culture.Biography.Biography*,6350870.0,0.0,0.0,1448.0
18332,1.0,6350870.0,林玹珠,0.7248802781105042,Q60992093,Culture.Biography.Women,6350870.0,0.0,0.0,1448.0
18333,1.0,6350870.0,林玹珠,0.16886694729328156,Q60992093,Culture.Sports,6350870.0,0.0,0.0,1448.0
18334,1.0,6350870.0,林玹珠,0.0,Q60992093,Geography.Regions.Asia.Asia*,6350870.0,0.0,0.0,1448.0
18335,1.0,6350870.0,林玹珠,0.0,Q60992093,Geography.Regions.Asia.East_Asia,6350870.0,0.0,0.0,1448.0
18336,1.0,6351220.0,柳應廷,0.9790457487106324,Q57736555,Culture.Biography.Biography*,6351220.0,0.0,12.0,2783.0
18337,1.0,6351220.0,柳應廷,0.5698626637458801,Q57736555,STEM.STEM*,6351220.0,0.0,12.0,2783.0
18338,1.0,6351220.0,柳應廷,0.3415925204753876,Q57736555,Culture.Biography.Women,6351220.0,0.0,12.0,2783.0
18339,1.0,6351220.0,柳應廷,0.24509501457214355,Q57736555,STEM.Medicine_&_Health,6351220.0,0.0,12.0,2783.0
18340,1.0,6351220.0,柳應廷,0.0,Q57736555,Geography.Regions.Americas.North_America,6351220.0,0.0,12.0,2783.0
18341,1.0,6355465.0,吳英珠,0.984585464000702,Q60992213,Culture.Biography.Biography*,6355465.0,0.0,0.0,1971.0
18342,1.0,6355465.0,吳英珠,0.320831298828125,Q60992213,Culture.Philosophy_and_religion,6355465.0,0.0,0.0,1971.0
18343,1.0,6355465.0,吳英珠,0.24217800998687744,Q60992213,Geography.Regions.Asia.East_Asia,6355465.0,0.0,0.0,1971.0
18344,1.0,6355465.0,吳英珠,0.16886694729328156,Q60992213,History_and_Society.Education,6355465.0,0.0,0.0,1971.0
18345,1.0,6355465.0,吳英珠,0.16027602553367615,Q60992213,STEM.STEM*,6355465.0,0.0,0.0,1971.0
18346,1.0,6355465.0,吳英珠,0.15036486291885376,Q60992213,Geography.Regions.Asia.Asia*,6355465.0,0.0,0.0,1971.0
18347,1.0,6355465.0,吳英珠,0.14805719256401062,Q60992213,Culture.Biography.Women,6355465.0,0.0,0.0,1971.0
18348,1.0,6355465.0,吳英珠,0.1097157895565033,Q60992213,History_and_Society.Society,6355465.0,0.0,0.0,1971.0
18349,2.0,6358122.0,只有大海知道,0.2942249774932861,Q60992301,STEM.STEM*,6358122.0,3942.0,4.0,1736.0
18350,2.0,6358122.0,只有大海知道,0.0,Q60992301,Geography.Regions.Asia.Asia*,6358122.0,3942.0,4.0,1736.0
18351,2.0,6358122.0,只有大海知道,0.0,Q60992301,Geography.Regions.Americas.North_America,6358122.0,3942.0,4.0,1736.0
18352,2.0,6358122.0,只有大海知道,0.0,Q60992301,Geography.Regions.Europe.Europe*,6358122.0,3942.0,4.0,1736.0
18353,2.0,6362433.0,賈斯特·史密斯,0.9992778301239014,Q22058479,Culture.Biography.Biography*,6362433.0,128.90272602480846,6.0,1723.0
18354,2.0,6362433.0,賈斯特·史密斯,0.22816647589206696,Q22058479,Culture.Biography.Women,6362433.0,128.90272602480846,6.0,1723.0
18355,2.0,6362433.0,賈斯特·史密斯,0.1778208613395691,Q22058479,Culture.Media.Media*,6362433.0,128.90272602480846,6.0,1723.0
18356,2.0,6362433.0,賈斯特·史密斯,0.1520422399044037,Q22058479,Culture.Media.Television,6362433.0,128.90272602480846,6.0,1723.0
18357,2.0,6362433.0,賈斯特·史密斯,0.11921291798353195,Q22058479,Culture.Performing_arts,6362433.0,128.90272602480846,6.0,1723.0
18358,2.0,6362433.0,賈斯特·史密斯,0.0,Q22058479,Geography.Regions.Americas.North_America,6362433.0,128.90272602480846,6.0,1723.0
18359,2.0,6362433.0,賈斯特·史密斯,0.0,Q22058479,Geography.Regions.Europe.Europe*,6362433.0,128.90272602480846,6.0,1723.0
18360,2.0,6362775.0,項婕如,0.9972950220108032,Q60992443,Culture.Biography.Biography*,6362775.0,2747.002985720166,4.0,2612.0
18361,2.0,6362775.0,項婕如,0.6076731681823729,Q60992443,Culture.Biography.Women,6362775.0,2747.002985720166,4.0,2612.0
18362,2.0,6362775.0,項婕如,0.348655104637146,Q60992443,History_and_Society.Society,6362775.0,2747.002985720166,4.0,2612.0
18363,2.0,6362775.0,項婕如,0.0,Q60992443,Geography.Regions.Asia.Asia*,6362775.0,2747.002985720166,4.0,2612.0
18364,2.0,6362775.0,項婕如,0.0,Q60992443,Geography.Regions.Asia.East_Asia,6362775.0,2747.002985720166,4.0,2612.0
18365,2.0,6362775.0,項婕如,0.0,Q60992443,Geography.Regions.Americas.North_America,6362775.0,2747.002985720166,4.0,2612.0
18366,10.0,6363024.0,非常突然,0.7773098945617676,Q3062080,Culture.Media.Media*,6363024.0,1493.357532375842,12.0,1062.0
18367,10.0,6363024.0,非常突然,0.6442351341247559,Q3062080,Culture.Media.Films,6363024.0,1493.357532375842,12.0,1062.0
18368,10.0,6363024.0,非常突然,0.4440047016143799,Q3062080,Geography.Regions.Asia.East_Asia,6363024.0,1493.357532375842,12.0,1062.0
18369,10.0,6363024.0,非常突然,0.4163126816749573,Q3062080,Geography.Regions.Asia.Asia*,6363024.0,1493.357532375842,12.0,1062.0
18370,1.0,6366667.0,鍾家駿,0.9863731861114502,Q60992505,Culture.Biography.Biography*,6366667.0,0.0,4.0,628.0
18371,1.0,6366667.0,鍾家駿,0.0,Q60992505,Geography.Regions.Asia.Asia*,6366667.0,0.0,4.0,628.0
18372,1.0,6366667.0,鍾家駿,0.0,Q60992505,Geography.Regions.Asia.South_Asia,6366667.0,0.0,4.0,628.0
18373,1.0,6369123.0,捍衛生死線,0.9993003606796264,Q27958509,Culture.Media.Films,6369123.0,0.0,10.0,3337.0
18374,1.0,6369123.0,捍衛生死線,0.997894287109375,Q27958509,Culture.Media.Media*,6369123.0,0.0,10.0,3337.0
18375,1.0,6369123.0,捍衛生死線,0.0,Q27958509,Geography.Regions.Americas.North_America,6369123.0,0.0,10.0,3337.0
18376,3.0,6370139.0,烈火英雄,0.9949496984481812,Q60992635,Culture.Media.Films,6370139.0,7498.833142545027,12.0,2875.0
18377,3.0,6370139.0,烈火英雄,0.9924327731132508,Q60992635,Culture.Media.Media*,6370139.0,7498.833142545027,12.0,2875.0
18378,3.0,6370139.0,烈火英雄,0.3660457601547241,Q60992635,Geography.Regions.Asia.East_Asia,6370139.0,7498.833142545027,12.0,2875.0
18379,3.0,6370139.0,烈火英雄,0.338743971824646,Q60992635,Geography.Regions.Asia.Asia*,6370139.0,7498.833142545027,12.0,2875.0
18380,7.0,6371551.0,蔡壁如,1.0000100135803225,Q60992669,Culture.Biography.Biography*,6371551.0,204.8928802469973,2.0,4224.0
18381,7.0,6371551.0,蔡壁如,0.9890230894088744,Q60992669,History_and_Society.Society,6371551.0,204.8928802469973,2.0,4224.0
18382,7.0,6371551.0,蔡壁如,0.7773098945617676,Q60992669,Culture.Biography.Women,6371551.0,204.8928802469973,2.0,4224.0
18383,7.0,6371551.0,蔡壁如,0.4669093360900879,Q60992669,Geography.Regions.Asia.Asia*,6371551.0,204.8928802469973,2.0,4224.0
18384,7.0,6371551.0,蔡壁如,0.4456066956520081,Q60992669,Geography.Regions.Asia.East_Asia,6371551.0,204.8928802469973,2.0,4224.0
18385,4.0,6372184.0,哭泣的女人 (電影),0.9981998205184937,Q48674258,Culture.Media.Films,6372184.0,2831.228213891693,6.0,3529.0
18386,4.0,6372184.0,哭泣的女人 (電影),0.9972090721130372,Q48674258,Culture.Media.Media*,6372184.0,2831.228213891693,6.0,3529.0
18387,4.0,6372184.0,哭泣的女人 (電影),0.2047950496673584,Q48674258,Geography.Regions.Americas.North_America,6372184.0,2831.228213891693,6.0,3529.0
18388,1.0,6376880.0,瓦干達,0.966924011707306,Q766099,Culture.Literature,6376880.0,0.0,6.0,9199.0
18389,1.0,6376880.0,瓦干達,0.2120788097381592,Q766099,Culture.Visual_arts.Visual_arts*,6376880.0,0.0,6.0,9199.0
18390,1.0,6376880.0,瓦干達,0.0,Q766099,Geography.Regions.Africa.Africa*,6376880.0,0.0,6.0,9199.0
18391,7.0,6379270.0,王辰,0.9949496984481812,Q60992954,Culture.Biography.Biography*,6379270.0,2432.343815025109,3.0,1281.0
18392,7.0,6379270.0,王辰,0.5078218579292297,Q60992954,STEM.STEM*,6379270.0,2432.343815025109,3.0,1281.0
18393,7.0,6379270.0,王辰,0.35867373847961426,Q60992954,Geography.Regions.Asia.East_Asia,6379270.0,2432.343815025109,3.0,1281.0
18394,7.0,6379270.0,王辰,0.3344935646057129,Q60992954,Geography.Regions.Asia.Asia*,6379270.0,2432.343815025109,3.0,1281.0
18395,7.0,6379270.0,王辰,0.23371636867523196,Q60992954,STEM.Medicine_&_Health,6379270.0,2432.343815025109,3.0,1281.0
18396,1.0,6379283.0,Traveler,0.9046605229377748,Q61849363,Culture.Media.Media*,6379283.0,0.0,0.0,3803.0
18397,1.0,6379283.0,Traveler,0.7773098945617676,Q61849363,Culture.Media.Television,6379283.0,0.0,0.0,3803.0
18398,1.0,6379283.0,Traveler,0.0,Q61849363,Geography.Regions.Asia.East_Asia,6379283.0,0.0,0.0,3803.0
18399,1.0,6379283.0,Traveler,0.0,Q61849363,Geography.Regions.Asia.Asia*,6379283.0,0.0,0.0,3803.0
18400,5.0,6383240.0,姜食堂 (第二季),0.2942249774932861,Q60996339,STEM.STEM*,6383240.0,542.9979638928106,0.0,2472.0
18401,5.0,6383240.0,姜食堂 (第二季),0.0,Q60996339,Geography.Regions.Asia.Asia*,6383240.0,542.9979638928106,0.0,2472.0
18402,5.0,6383240.0,姜食堂 (第二季),0.0,Q60996339,Geography.Regions.Americas.North_America,6383240.0,542.9979638928106,0.0,2472.0
18403,5.0,6383240.0,姜食堂 (第二季),0.0,Q60996339,Geography.Regions.Europe.Europe*,6383240.0,542.9979638928106,0.0,2472.0
18404,1.0,6387384.0,申度賢,0.984585464000702,Q55731330,Culture.Biography.Biography*,6387384.0,0.0,0.0,2525.0
18405,1.0,6387384.0,申度賢,0.5621865391731262,Q55731330,Culture.Biography.Women,6387384.0,0.0,0.0,2525.0
18406,1.0,6387384.0,申度賢,0.3923194279670715,Q55731330,Geography.Regions.Asia.Asia*,6387384.0,0.0,0.0,2525.0
18407,1.0,6387384.0,申度賢,0.3764868249893189,Q55731330,Geography.Regions.Asia.East_Asia,6387384.0,0.0,0.0,2525.0
18408,1.0,6389490.0,郭嘉駿,0.4843900501728058,Q60043681,Culture.Biography.Biography*,6389490.0,0.0,12.0,1856.0
18409,1.0,6389490.0,郭嘉駿,0.19194278120994568,Q60043681,Culture.Sports,6389490.0,0.0,12.0,1856.0
18410,1.0,6389490.0,郭嘉駿,0.0,Q60043681,Geography.Regions.Americas.North_America,6389490.0,0.0,12.0,1856.0
18411,1.0,6389490.0,郭嘉駿,0.0,Q60043681,Geography.Regions.Europe.Europe*,6389490.0,0.0,12.0,1856.0
18412,1.0,6389490.0,郭嘉駿,0.0,Q60043681,Geography.Regions.Asia.Asia*,6389490.0,0.0,12.0,1856.0
18413,1.0,6390959.0,失業生,0.2942249774932861,Q60994067,STEM.STEM*,6390959.0,0.0,4.0,1534.0
18414,1.0,6390959.0,失業生,0.0,Q60994067,Geography.Regions.Asia.Asia*,6390959.0,0.0,4.0,1534.0
18415,1.0,6390959.0,失業生,0.0,Q60994067,Geography.Regions.Americas.North_America,6390959.0,0.0,4.0,1534.0
18416,1.0,6390959.0,失業生,0.0,Q60994067,Geography.Regions.Europe.Europe*,6390959.0,0.0,4.0,1534.0
18417,2.0,6391584.0,童惠珍,1.0000100135803225,Q60994088,Culture.Biography.Biography*,6391584.0,0.0,2.0,858.0
18418,2.0,6391584.0,童惠珍,1.0000100135803225,Q60994088,History_and_Society.Society,6391584.0,0.0,2.0,858.0
18419,2.0,6391584.0,童惠珍,0.960371196269989,Q60994088,Culture.Biography.Women,6391584.0,0.0,2.0,858.0
18420,2.0,6391584.0,童惠珍,0.4927201142311096,Q60994088,Geography.Regions.Asia.East_Asia,6391584.0,0.0,2.0,858.0
18421,2.0,6391584.0,童惠珍,0.4869562258720398,Q60994088,Geography.Regions.Asia.Asia*,6391584.0,0.0,2.0,858.0
18422,2.0,6391610.0,倫文敘老點柳先開,0.974052667617798,Q7744984,Culture.Media.Media*,6391610.0,1146.4279589331275,12.0,713.0
18423,2.0,6391610.0,倫文敘老點柳先開,0.9648651480674744,Q7744984,Culture.Media.Films,6391610.0,1146.4279589331275,12.0,713.0
18424,2.0,6391610.0,倫文敘老點柳先開,0.3923194279670715,Q7744984,Geography.Regions.Asia.Asia*,6391610.0,1146.4279589331275,12.0,713.0
18425,2.0,6391610.0,倫文敘老點柳先開,0.3070772161483765,Q7744984,Geography.Regions.Asia.East_Asia,6391610.0,1146.4279589331275,12.0,713.0
18426,2.0,6391610.0,倫文敘老點柳先開,0.18714269995689392,Q7744984,Culture.Sports,6391610.0,1146.4279589331275,12.0,713.0
18427,1.0,6393438.0,陰陽魔界 (2019年電視劇),0.966924011707306,Q57270033,Culture.Media.Media*,6393438.0,0.0,11.0,1632.0
18428,1.0,6393438.0,陰陽魔界 (2019年電視劇),0.8519628047943115,Q57270033,Culture.Media.Television,6393438.0,0.0,11.0,1632.0
18429,5.0,6394378.0,Coffee Friends,0.9697954058647156,Q60996455,Culture.Media.Television,6394378.0,9657.091305964985,0.0,3247.0
18430,5.0,6394378.0,Coffee Friends,0.7981967926025391,Q60996455,Culture.Media.Media*,6394378.0,9657.091305964985,0.0,3247.0
18431,5.0,6394378.0,Coffee Friends,0.07650540971755981,Q60996455,Geography.Regions.Asia.East_Asia,6394378.0,9657.091305964985,0.0,3247.0
18432,5.0,6394378.0,Coffee Friends,0.0,Q60996455,Geography.Regions.Asia.Asia*,6394378.0,9657.091305964985,0.0,3247.0
18433,5.0,6395022.0,陳炳甫,1.0000100135803225,Q60994178,Culture.Biography.Biography*,6395022.0,1387.8972495936307,2.0,918.0
18434,5.0,6395022.0,陳炳甫,0.9996179938316344,Q60994178,History_and_Society.Society,6395022.0,1387.8972495936307,2.0,918.0
18435,5.0,6395022.0,陳炳甫,0.4976850023269653,Q60994178,Geography.Regions.Asia.East_Asia,6395022.0,1387.8972495936307,2.0,918.0
18436,5.0,6395022.0,陳炳甫,0.4936250915527344,Q60994178,Geography.Regions.Asia.Asia*,6395022.0,1387.8972495936307,2.0,918.0
18437,4.0,6395279.0,英雄联盟2019赛季全球总决赛,0.8354935646057129,Q61056709,Culture.Media.Video_games,6395279.0,5912.0,2.0,2603.0
18438,4.0,6395279.0,英雄联盟2019赛季全球总决赛,0.7663036584854126,Q61056709,Culture.Internet_culture,6395279.0,5912.0,2.0,2603.0
18439,4.0,6395279.0,英雄联盟2019赛季全球总决赛,0.3073680400848389,Q61056709,Culture.Sports,6395279.0,5912.0,2.0,2603.0
18440,4.0,6395279.0,英雄联盟2019赛季全球总决赛,0.22816647589206696,Q61056709,Culture.Media.Media*,6395279.0,5912.0,2.0,2603.0
18441,1.0,6396204.0,非分熟女,0.9637899398803712,Q60994200,Culture.Media.Films,6396204.0,0.0,12.0,1909.0
18442,1.0,6396204.0,非分熟女,0.9553291201591492,Q60994200,Culture.Media.Media*,6396204.0,0.0,12.0,1909.0
18443,1.0,6396204.0,非分熟女,0.4792908897399902,Q60994200,Geography.Regions.Asia.East_Asia,6396204.0,0.0,12.0,1909.0
18444,1.0,6396204.0,非分熟女,0.4569222798347473,Q60994200,Geography.Regions.Asia.Asia*,6396204.0,0.0,12.0,1909.0
18445,2.0,6396864.0,金薔薇 (演員),1.0000100135803225,Q60994211,Culture.Biography.Biography*,6396864.0,3942.0,0.0,1100.0
18446,2.0,6396864.0,金薔薇 (演員),0.2816725244522095,Q60994211,Geography.Regions.Asia.Asia*,6396864.0,3942.0,0.0,1100.0
18447,2.0,6396864.0,金薔薇 (演員),0.2653036584854126,Q60994211,Geography.Regions.Asia.East_Asia,6396864.0,3942.0,0.0,1100.0
18448,2.0,6396864.0,金薔薇 (演員),0.11921291798353195,Q60994211,Culture.Sports,6396864.0,3942.0,0.0,1100.0
18449,1.0,6397670.0,米日古丽·图尔荪,0.9976868629455566,Q59728080,Culture.Biography.Biography*,6397670.0,0.0,3.0,2421.0
18450,1.0,6397670.0,米日古丽·图尔荪,0.1968362182378769,Q59728080,Culture.Biography.Women,6397670.0,0.0,3.0,2421.0
18451,1.0,6397670.0,米日古丽·图尔荪,0.16442059183120727,Q59728080,Geography.Regions.Asia.Asia*,6397670.0,0.0,3.0,2421.0
18452,1.0,6397670.0,米日古丽·图尔荪,0.11409788036346435,Q59728080,Geography.Regions.Asia.East_Asia,6397670.0,0.0,3.0,2421.0
18453,2.0,6399136.0,宇珍,0.9939124584197998,Q61100680,Culture.Biography.Biography*,6399136.0,0.0,0.0,1658.0
18454,2.0,6399136.0,宇珍,0.7981967926025391,Q61100680,Culture.Media.Music,6399136.0,0.0,0.0,1658.0
18455,2.0,6399136.0,宇珍,0.5544804334640503,Q61100680,Culture.Media.Media*,6399136.0,0.0,0.0,1658.0
18456,2.0,6399136.0,宇珍,0.4274188151359558,Q61100680,Geography.Regions.Asia.East_Asia,6399136.0,0.0,0.0,1658.0
18457,2.0,6399136.0,宇珍,0.4209318628311157,Q61100680,Geography.Regions.Asia.Asia*,6399136.0,0.0,0.0,1658.0
18458,2.0,6401982.0,如珠如寶,0.2942249774932861,Q60994353,STEM.STEM*,6401982.0,0.0,12.0,1020.0
18459,2.0,6401982.0,如珠如寶,0.0,Q60994353,Geography.Regions.Asia.Asia*,6401982.0,0.0,12.0,1020.0
18460,2.0,6401982.0,如珠如寶,0.0,Q60994353,Geography.Regions.Americas.North_America,6401982.0,0.0,12.0,1020.0
18461,2.0,6401982.0,如珠如寶,0.0,Q60994353,Geography.Regions.Europe.Europe*,6401982.0,0.0,12.0,1020.0
18462,1.0,6402602.0,神秘音樂秀：蒙面歌王節目列表,1.0,Q20947015,Compilation.List_Disambig,6402602.0,0.0,0.0,2852.0
18463,1.0,6402602.0,神秘音樂秀：蒙面歌王節目列表,0.9124462008476256,Q20947015,Culture.Media.Media*,6402602.0,0.0,0.0,2852.0
18464,1.0,6402602.0,神秘音樂秀：蒙面歌王節目列表,0.9099169969558716,Q20947015,Culture.Media.Television,6402602.0,0.0,0.0,2852.0
18465,1.0,6402602.0,神秘音樂秀：蒙面歌王節目列表,0.26285186409950256,Q20947015,Culture.Visual_arts.Comics_and_Anime,6402602.0,0.0,0.0,2852.0
18466,1.0,6402602.0,神秘音樂秀：蒙面歌王節目列表,0.2568419873714447,Q20947015,Culture.Visual_arts.Visual_arts*,6402602.0,0.0,0.0,2852.0
18467,1.0,6402602.0,神秘音樂秀：蒙面歌王節目列表,0.2509227991104126,Q20947015,Culture.Literature,6402602.0,0.0,0.0,2852.0
18468,1.0,6402602.0,神秘音樂秀：蒙面歌王節目列表,0.0,Q20947015,Geography.Regions.Americas.North_America,6402602.0,0.0,0.0,2852.0
18469,1.0,6405765.0,蔚来汽车,0.9046605229377748,Q29921278,STEM.Engineering,6405765.0,0.0,10.0,2316.0
18470,1.0,6405765.0,蔚来汽车,0.9046605229377748,Q29921278,History_and_Society.Transportation,6405765.0,0.0,10.0,2316.0
18471,1.0,6405765.0,蔚来汽车,0.8740872144699097,Q29921278,STEM.STEM*,6405765.0,0.0,10.0,2316.0
18472,1.0,6405765.0,蔚来汽车,0.7371681928634644,Q29921278,History_and_Society.Business_and_economics,6405765.0,0.0,10.0,2316.0
18473,1.0,6405765.0,蔚来汽车,0.4440047016143799,Q29921278,Geography.Regions.Asia.East_Asia,6405765.0,0.0,10.0,2316.0
18474,1.0,6405765.0,蔚来汽车,0.3344935646057129,Q29921278,Geography.Regions.Asia.Asia*,6405765.0,0.0,10.0,2316.0
18475,2.0,6407375.0,肇逃計畫,0.9976133108139038,Q60054842,Culture.Media.Media*,6407375.0,852.1601742145093,0.0,4293.0
18476,2.0,6407375.0,肇逃計畫,0.9960646033287048,Q60054842,Culture.Media.Films,6407375.0,852.1601742145093,0.0,4293.0
18477,2.0,6407375.0,肇逃計畫,0.4543291201591492,Q60054842,Geography.Regions.Asia.East_Asia,6407375.0,852.1601742145093,0.0,4293.0
18478,2.0,6407375.0,肇逃計畫,0.4456066956520081,Q60054842,Geography.Regions.Asia.Asia*,6407375.0,852.1601742145093,0.0,4293.0
18479,4.0,6418450.0,2019年台灣電影列表,0.2942249774932861,Q60994799,STEM.STEM*,6418450.0,7761.9166750362365,12.0,1983.0
18480,4.0,6418450.0,2019年台灣電影列表,0.0,Q60994799,Geography.Regions.Asia.Asia*,6418450.0,7761.9166750362365,12.0,1983.0
18481,4.0,6418450.0,2019年台灣電影列表,0.0,Q60994799,Geography.Regions.Americas.North_America,6418450.0,7761.9166750362365,12.0,1983.0
18482,4.0,6418450.0,2019年台灣電影列表,0.0,Q60994799,Geography.Regions.Europe.Europe*,6418450.0,7761.9166750362365,12.0,1983.0
18483,1.0,6423261.0,羅詠怡,0.9939124584197998,Q60994868,Culture.Biography.Biography*,6423261.0,0.0,7.0,1139.0
18484,1.0,6423261.0,羅詠怡,0.2596606483459473,Q60994868,Geography.Regions.Asia.East_Asia,6423261.0,0.0,7.0,1139.0
18485,1.0,6423261.0,羅詠怡,0.24217800998687744,Q60994868,Geography.Regions.Asia.Asia*,6423261.0,0.0,7.0,1139.0
18486,1.0,6423261.0,羅詠怡,0.2069040536880493,Q60994868,Culture.Visual_arts.Visual_arts*,6423261.0,0.0,7.0,1139.0
18487,2.0,6425787.0,岡田健史,0.9496793746948242,Q60168025,Culture.Biography.Biography*,6425787.0,3942.0,13.0,3283.0
18488,2.0,6425787.0,岡田健史,0.0,Q60168025,Geography.Regions.Asia.Asia*,6425787.0,3942.0,13.0,3283.0
18489,2.0,6425787.0,岡田健史,0.0,Q60168025,Geography.Regions.Asia.East_Asia,6425787.0,3942.0,13.0,3283.0
18490,3.0,6428360.0,汤兰兰事件,0.2942249774932861,Q60996796,STEM.STEM*,6428360.0,4207.940356075066,4.0,1323.0
18491,3.0,6428360.0,汤兰兰事件,0.0,Q60996796,Geography.Regions.Asia.Asia*,6428360.0,4207.940356075066,4.0,1323.0
18492,3.0,6428360.0,汤兰兰事件,0.0,Q60996796,Geography.Regions.Americas.North_America,6428360.0,4207.940356075066,4.0,1323.0
18493,3.0,6428360.0,汤兰兰事件,0.0,Q60996796,Geography.Regions.Europe.Europe*,6428360.0,4207.940356075066,4.0,1323.0
18494,1.0,6449985.0,曾厚仁,1.0000100135803225,Q61013890,Culture.Biography.Biography*,6449985.0,0.0,5.0,525.0
18495,1.0,6449985.0,曾厚仁,0.9926641583442688,Q61013890,History_and_Society.Society,6449985.0,0.0,5.0,525.0
18496,1.0,6449985.0,曾厚仁,0.493455099105835,Q61013890,Geography.Regions.Asia.East_Asia,6449985.0,0.0,5.0,525.0
18497,1.0,6449985.0,曾厚仁,0.4820951094627381,Q61013890,Geography.Regions.Asia.Asia*,6449985.0,0.0,5.0,525.0
18498,2.0,6452366.0,大三元 (2019年電影),0.2942249774932861,Q61057491,STEM.STEM*,6452366.0,3942.0,2.0,1963.0
18499,2.0,6452366.0,大三元 (2019年電影),0.0,Q61057491,Geography.Regions.Asia.Asia*,6452366.0,3942.0,2.0,1963.0
18500,2.0,6452366.0,大三元 (2019年電影),0.0,Q61057491,Geography.Regions.Americas.North_America,6452366.0,3942.0,2.0,1963.0
18501,2.0,6452366.0,大三元 (2019年電影),0.0,Q61057491,Geography.Regions.Europe.Europe*,6452366.0,3942.0,2.0,1963.0
18502,4.0,6453910.0,極惡人魔,0.9949496984481812,Q48671183,Culture.Media.Media*,6453910.0,4810.24320128823,5.0,3267.0
18503,4.0,6453910.0,極惡人魔,0.9893575310707092,Q48671183,Culture.Media.Films,6453910.0,4810.24320128823,5.0,3267.0
18504,4.0,6453910.0,極惡人魔,0.0,Q48671183,Geography.Regions.Americas.North_America,6453910.0,4810.24320128823,5.0,3267.0
18505,2.0,6459099.0,華農兄弟,0.3509628047943115,Q61409604,Geography.Regions.Asia.East_Asia,6459099.0,3942.0,8.0,2747.0
18506,2.0,6459099.0,華農兄弟,0.2653036584854126,Q61409604,Geography.Regions.Asia.Asia*,6459099.0,3942.0,8.0,2747.0
18507,2.0,6459099.0,華農兄弟,0.2509227991104126,Q61409604,Culture.Sports,6459099.0,3942.0,8.0,2747.0
18508,2.0,6459099.0,華農兄弟,0.16886694729328156,Q61409604,Culture.Biography.Biography*,6459099.0,3942.0,8.0,2747.0
18509,2.0,6459099.0,華農兄弟,0.1520422399044037,Q61409604,Culture.Media.Media*,6459099.0,3942.0,8.0,2747.0
18510,2.0,6459099.0,華農兄弟,0.14034625887870789,Q61409604,History_and_Society.Society,6459099.0,3942.0,8.0,2747.0
18511,2.0,6459099.0,華農兄弟,0.10088862478733064,Q61409604,History_and_Society.Politics_and_government,6459099.0,3942.0,8.0,2747.0
18512,2.0,6460354.0,龔明鑫,0.9399233460426332,Q65046381,Culture.Biography.Biography*,6460354.0,3942.0,5.0,3507.0
18513,2.0,6460354.0,龔明鑫,0.3007555902004242,Q65046381,Culture.Sports,6460354.0,3942.0,5.0,3507.0
18514,2.0,6460354.0,龔明鑫,0.16886694729328156,Q65046381,History_and_Society.Politics_and_government,6460354.0,3942.0,5.0,3507.0
18515,2.0,6460354.0,龔明鑫,0.0,Q65046381,Geography.Regions.Americas.North_America,6460354.0,3942.0,5.0,3507.0
18516,2.0,6460354.0,龔明鑫,0.0,Q65046381,Geography.Regions.Oceania,6460354.0,3942.0,5.0,3507.0
18517,2.0,6460354.0,龔明鑫,0.0,Q65046381,Geography.Regions.Europe.Europe*,6460354.0,3942.0,5.0,3507.0
18518,1.0,6461184.0,恭喜八婆,1.0000100135803225,Q61716988,Culture.Media.Films,6461184.0,0.0,12.0,2536.0
18519,1.0,6461184.0,恭喜八婆,0.9820237755775452,Q61716988,Culture.Media.Media*,6461184.0,0.0,12.0,2536.0
18520,1.0,6461184.0,恭喜八婆,0.7431780099868774,Q61716988,STEM.STEM*,6461184.0,0.0,12.0,2536.0
18521,1.0,6461184.0,恭喜八婆,0.6859594583511353,Q61716988,STEM.Biology,6461184.0,0.0,12.0,2536.0
18522,1.0,6461184.0,恭喜八婆,0.4543291201591492,Q61716988,Geography.Regions.Asia.East_Asia,6461184.0,0.0,12.0,2536.0
18523,1.0,6461184.0,恭喜八婆,0.4139109721183777,Q61716988,Geography.Regions.Asia.Asia*,6461184.0,0.0,12.0,2536.0
18524,1.0,6461184.0,恭喜八婆,0.23371636867523196,Q61716988,Culture.Media.Entertainment,6461184.0,0.0,12.0,2536.0
18525,1.0,6461184.0,恭喜八婆,0.2120788097381592,Q61716988,Culture.Literature,6461184.0,0.0,12.0,2536.0
18526,1.0,6461184.0,恭喜八婆,0.10375863313674928,Q61716988,STEM.Earth_and_environment,6461184.0,0.0,12.0,2536.0
18527,1.0,6461184.0,恭喜八婆,0.10088862478733064,Q61716988,STEM.Space,6461184.0,0.0,12.0,2536.0
18528,1.0,6461184.0,恭喜八婆,0.0,Q61716988,Geography.Regions.Europe.Europe*,6461184.0,0.0,12.0,2536.0
18529,1.0,6461184.0,恭喜八婆,0.0,Q61716988,Geography.Regions.Africa.Africa*,6461184.0,0.0,12.0,2536.0
18530,5.0,6464925.0,神探蒲松龄,0.9952548146247864,Q61694967,Culture.Media.Media*,6464925.0,2065.445424238102,12.0,2281.0
18531,5.0,6464925.0,神探蒲松龄,0.9919480085372924,Q61694967,Culture.Media.Films,6464925.0,2065.445424238102,12.0,2281.0
18532,5.0,6464925.0,神探蒲松龄,0.3070772161483765,Q61694967,Geography.Regions.Asia.East_Asia,6464925.0,2065.445424238102,12.0,2281.0
18533,5.0,6464925.0,神探蒲松龄,0.2596606483459473,Q61694967,Geography.Regions.Asia.Asia*,6464925.0,2065.445424238102,12.0,2281.0
18534,23.0,6465006.0,金牌特務：金士曼起源,0.9964163899421692,Q61633664,Culture.Media.Films,6465006.0,6860.050481453629,6.0,2976.0
18535,23.0,6465006.0,金牌特務：金士曼起源,0.9919480085372924,Q61633664,Culture.Media.Media*,6465006.0,6860.050481453629,6.0,2976.0
18536,23.0,6465006.0,金牌特務：金士曼起源,0.2942249774932861,Q61633664,Culture.Literature,6465006.0,6860.050481453629,6.0,2976.0
18537,23.0,6465006.0,金牌特務：金士曼起源,0.2509227991104126,Q61633664,Culture.Media.Entertainment,6465006.0,6860.050481453629,6.0,2976.0
18538,23.0,6465006.0,金牌特務：金士曼起源,0.23371636867523196,Q61633664,Culture.Visual_arts.Comics_and_Anime,6465006.0,6860.050481453629,6.0,2976.0
18539,23.0,6465006.0,金牌特務：金士曼起源,0.1732981950044632,Q61633664,Culture.Visual_arts.Visual_arts*,6465006.0,6860.050481453629,6.0,2976.0
18540,23.0,6465006.0,金牌特務：金士曼起源,0.0,Q61633664,Geography.Regions.Americas.North_America,6465006.0,6860.050481453629,6.0,2976.0
18541,23.0,6465006.0,金牌特務：金士曼起源,0.0,Q61633664,Geography.Regions.Europe.Europe*,6465006.0,6860.050481453629,6.0,2976.0
18542,1.0,6472518.0,詐騙女神,1.0000100135803225,Q43208792,Culture.Media.Films,6472518.0,0.0,6.0,2141.0
18543,1.0,6472518.0,詐騙女神,0.9980222582817078,Q43208792,Culture.Media.Media*,6472518.0,0.0,6.0,2141.0
18544,1.0,6472518.0,詐騙女神,0.1824355274438858,Q43208792,Culture.Media.Entertainment,6472518.0,0.0,6.0,2141.0
18545,1.0,6472518.0,詐騙女神,0.0,Q43208792,Geography.Regions.Americas.North_America,6472518.0,0.0,6.0,2141.0
18546,4.0,6474860.0,花姐ERROR遊,0.2942249774932861,Q64008265,STEM.STEM*,6474860.0,4325.637244465845,12.0,1414.0
18547,4.0,6474860.0,花姐ERROR遊,0.0,Q64008265,Geography.Regions.Asia.Asia*,6474860.0,4325.637244465845,12.0,1414.0
18548,4.0,6474860.0,花姐ERROR遊,0.0,Q64008265,Geography.Regions.Americas.North_America,6474860.0,4325.637244465845,12.0,1414.0
18549,4.0,6474860.0,花姐ERROR遊,0.0,Q64008265,Geography.Regions.Europe.Europe*,6474860.0,4325.637244465845,12.0,1414.0
18550,1.0,6478621.0,嘉羿,0.9399233460426332,Q65047372,Culture.Biography.Biography*,6478621.0,0.0,12.0,3328.0
18551,1.0,6478621.0,嘉羿,0.3007555902004242,Q65047372,Culture.Sports,6478621.0,0.0,12.0,3328.0
18552,1.0,6478621.0,嘉羿,0.16886694729328156,Q65047372,History_and_Society.Politics_and_government,6478621.0,0.0,12.0,3328.0
18553,1.0,6478621.0,嘉羿,0.0,Q65047372,Geography.Regions.Americas.North_America,6478621.0,0.0,12.0,3328.0
18554,1.0,6478621.0,嘉羿,0.0,Q65047372,Geography.Regions.Oceania,6478621.0,0.0,12.0,3328.0
18555,1.0,6478621.0,嘉羿,0.0,Q65047372,Geography.Regions.Europe.Europe*,6478621.0,0.0,12.0,3328.0
18556,1.0,6479499.0,鄭衍峰,0.9688661694526672,Q38247800,Culture.Biography.Biography*,6479499.0,0.0,7.0,5128.0
18557,1.0,6479499.0,鄭衍峰,0.0,Q38247800,Geography.Regions.Americas.North_America,6479499.0,0.0,7.0,5128.0
18558,4.0,6480342.0,沙丘 (2020年電影),0.994098961353302,Q60834962,Culture.Media.Films,6480342.0,9407.921954670806,6.0,1920.0
18559,4.0,6480342.0,沙丘 (2020年電影),0.993317186832428,Q60834962,Culture.Media.Media*,6480342.0,9407.921954670806,6.0,1920.0
18560,4.0,6480342.0,沙丘 (2020年電影),0.3073680400848389,Q60834962,Culture.Media.Entertainment,6480342.0,9407.921954670806,6.0,1920.0
18561,4.0,6480342.0,沙丘 (2020年電影),0.0,Q60834962,Geography.Regions.Americas.North_America,6480342.0,9407.921954670806,6.0,1920.0
18562,1.0,6481221.0,完顏洛絨,0.9863731861114502,Q65047567,Culture.Biography.Biography*,6481221.0,0.0,7.0,9085.0
18563,1.0,6481221.0,完顏洛絨,0.0,Q65047567,Geography.Regions.Asia.Asia*,6481221.0,0.0,7.0,9085.0
18564,1.0,6481221.0,完顏洛絨,0.0,Q65047567,Geography.Regions.Asia.South_Asia,6481221.0,0.0,7.0,9085.0
18565,9.0,6486385.0,蔡程昱,0.9963027834892272,Q61897500,Culture.Biography.Biography*,6486385.0,17657.818517932417,12.0,3089.0
18566,9.0,6486385.0,蔡程昱,0.5775054097175598,Q61897500,Culture.Media.Music,6486385.0,17657.818517932417,12.0,3089.0
18567,9.0,6486385.0,蔡程昱,0.4501522054672241,Q61897500,Geography.Regions.Asia.East_Asia,6486385.0,17657.818517932417,12.0,3089.0
18568,9.0,6486385.0,蔡程昱,0.43713401460647583,Q61897500,Geography.Regions.Asia.Asia*,6486385.0,17657.818517932417,12.0,3089.0
18569,9.0,6486385.0,蔡程昱,0.3276783227920532,Q61897500,Culture.Media.Media*,6486385.0,17657.818517932417,12.0,3089.0
18570,9.0,6486385.0,蔡程昱,0.21734751760959625,Q61897500,Culture.Performing_arts,6486385.0,17657.818517932417,12.0,3089.0
18571,9.0,6486385.0,蔡程昱,0.18714269995689392,Q61897500,History_and_Society.Society,6486385.0,17657.818517932417,12.0,3089.0
18572,5.0,6486515.0,西班牙寄宿,0.8774868249893188,Q60996925,Culture.Media.Television,6486515.0,542.9979638928106,0.0,4496.0
18573,5.0,6486515.0,西班牙寄宿,0.7310686111450195,Q60996925,Culture.Media.Media*,6486515.0,542.9979638928106,0.0,4496.0
18574,5.0,6486515.0,西班牙寄宿,0.4209318628311157,Q60996925,Geography.Regions.Asia.East_Asia,6486515.0,542.9979638928106,0.0,4496.0
18575,5.0,6486515.0,西班牙寄宿,0.32119916582107544,Q60996925,Geography.Regions.Asia.Asia*,6486515.0,542.9979638928106,0.0,4496.0
18576,1.0,6498999.0,吳子嘉,1.0000100135803225,Q65049060,Culture.Biography.Biography*,6498999.0,0.0,2.0,2767.0
18577,1.0,6498999.0,吳子嘉,0.9979592561721802,Q65049060,History_and_Society.Society,6498999.0,0.0,2.0,2767.0
18578,1.0,6498999.0,吳子嘉,0.4649096002578735,Q65049060,Geography.Regions.Asia.East_Asia,6498999.0,0.0,2.0,2767.0
18579,1.0,6498999.0,吳子嘉,0.4515841474533081,Q65049060,Geography.Regions.Asia.Asia*,6498999.0,0.0,2.0,2767.0
18580,1.0,6508546.0,蒼藍誓約,0.9859463572502136,Q65049750,Culture.Internet_culture,6508546.0,0.0,5.0,2237.0
18581,1.0,6508546.0,蒼藍誓約,0.9688661694526672,Q65049750,Culture.Media.Media*,6508546.0,0.0,5.0,2237.0
18582,1.0,6508546.0,蒼藍誓約,0.9579222798347472,Q65049750,Culture.Media.Video_games,6508546.0,0.0,5.0,2237.0
18583,1.0,6508546.0,蒼藍誓約,0.0,Q65049750,Geography.Regions.Asia.East_Asia,6508546.0,0.0,5.0,2237.0
18584,1.0,6508546.0,蒼藍誓約,0.0,Q65049750,Geography.Regions.Asia.Asia*,6508546.0,0.0,5.0,2237.0
18585,2.0,6510557.0,等等啊我的青春,0.2942249774932861,Q65049921,STEM.STEM*,6510557.0,1912.7190668036624,7.0,3391.0
18586,2.0,6510557.0,等等啊我的青春,0.0,Q65049921,Geography.Regions.Asia.Asia*,6510557.0,1912.7190668036624,7.0,3391.0
18587,2.0,6510557.0,等等啊我的青春,0.0,Q65049921,Geography.Regions.Americas.North_America,6510557.0,1912.7190668036624,7.0,3391.0
18588,2.0,6510557.0,等等啊我的青春,0.0,Q65049921,Geography.Regions.Europe.Europe*,6510557.0,1912.7190668036624,7.0,3391.0
18589,1.0,6517037.0,尋秦記 (電影),0.2942249774932861,Q65050386,STEM.STEM*,6517037.0,0.0,12.0,2260.0
18590,1.0,6517037.0,尋秦記 (電影),0.0,Q65050386,Geography.Regions.Asia.Asia*,6517037.0,0.0,12.0,2260.0
18591,1.0,6517037.0,尋秦記 (電影),0.0,Q65050386,Geography.Regions.Americas.North_America,6517037.0,0.0,12.0,2260.0
18592,1.0,6517037.0,尋秦記 (電影),0.0,Q65050386,Geography.Regions.Europe.Europe*,6517037.0,0.0,12.0,2260.0
18593,1.0,6528709.0,姚弛,0.9399233460426332,Q65051287,Culture.Biography.Biography*,6528709.0,0.0,13.0,1249.0
18594,1.0,6528709.0,姚弛,0.3007555902004242,Q65051287,Culture.Sports,6528709.0,0.0,13.0,1249.0
18595,1.0,6528709.0,姚弛,0.16886694729328156,Q65051287,History_and_Society.Politics_and_government,6528709.0,0.0,13.0,1249.0
18596,1.0,6528709.0,姚弛,0.0,Q65051287,Geography.Regions.Americas.North_America,6528709.0,0.0,13.0,1249.0
18597,1.0,6528709.0,姚弛,0.0,Q65051287,Geography.Regions.Oceania,6528709.0,0.0,13.0,1249.0
18598,1.0,6528709.0,姚弛,0.0,Q65051287,Geography.Regions.Europe.Europe*,6528709.0,0.0,13.0,1249.0
18599,2.0,6536041.0,我是唱作人,0.9362950325012208,Q63249365,Culture.Media.Media*,6536041.0,0.0,7.0,2528.0
18600,2.0,6536041.0,我是唱作人,0.8670457601547241,Q63249365,Culture.Media.Television,6536041.0,0.0,7.0,2528.0
18601,2.0,6536041.0,我是唱作人,0.478677677154541,Q63249365,Geography.Regions.Asia.East_Asia,6536041.0,0.0,7.0,2528.0
18602,2.0,6536041.0,我是唱作人,0.4543291201591492,Q63249365,Geography.Regions.Asia.Asia*,6536041.0,0.0,7.0,2528.0
18603,10.0,6553237.0,獵鷹與酷寒戰士,0.9763205647468568,Q65979734,Culture.Media.Media*,6553237.0,2526.826884643101,6.0,1653.0
18604,10.0,6553237.0,獵鷹與酷寒戰士,0.9362950325012208,Q65979734,Culture.Media.Television,6553237.0,2526.826884643101,6.0,1653.0
18605,10.0,6553237.0,獵鷹與酷寒戰士,0.9019306898117064,Q65979734,Culture.Media.Films,6553237.0,2526.826884643101,6.0,1653.0
18606,10.0,6553237.0,獵鷹與酷寒戰士,0.880807101726532,Q65979734,Culture.Visual_arts.Comics_and_Anime,6553237.0,2526.826884643101,6.0,1653.0
18607,10.0,6553237.0,獵鷹與酷寒戰士,0.7663036584854126,Q65979734,Culture.Visual_arts.Visual_arts*,6553237.0,2526.826884643101,6.0,1653.0
18608,10.0,6553237.0,獵鷹與酷寒戰士,0.4843900501728058,Q65979734,Culture.Literature,6553237.0,2526.826884643101,6.0,1653.0
18609,10.0,6553237.0,獵鷹與酷寒戰士,0.12878464365005493,Q65979734,Geography.Regions.Americas.North_America,6553237.0,2526.826884643101,6.0,1653.0
18610,10.0,6553237.0,獵鷹與酷寒戰士,0.1097157895565033,Q65979734,Culture.Media.Entertainment,6553237.0,2526.826884643101,6.0,1653.0
18611,13.0,6553576.0,九龍不敗,0.2942249774932861,Q65053268,STEM.STEM*,6553576.0,5625.861834138521,12.0,3443.0
18612,13.0,6553576.0,九龍不敗,0.0,Q65053268,Geography.Regions.Asia.Asia*,6553576.0,5625.861834138521,12.0,3443.0
18613,13.0,6553576.0,九龍不敗,0.0,Q65053268,Geography.Regions.Americas.North_America,6553576.0,5625.861834138521,12.0,3443.0
18614,13.0,6553576.0,九龍不敗,0.0,Q65053268,Geography.Regions.Europe.Europe*,6553576.0,5625.861834138521,12.0,3443.0
18615,2.0,6553923.0,巴黎圣母院大火,0.9579222798347472,Q63167656,Geography.Regions.Europe.Western_Europe,6553923.0,6477.583240187082,12.0,1874.0
18616,2.0,6553923.0,巴黎圣母院大火,0.8596737384796143,Q63167656,History_and_Society.Politics_and_government,6553923.0,6477.583240187082,12.0,1874.0
18617,2.0,6553923.0,巴黎圣母院大火,0.8439050912857056,Q63167656,Geography.Regions.Europe.Europe*,6553923.0,6477.583240187082,12.0,1874.0
18618,2.0,6553923.0,巴黎圣母院大火,0.5621865391731262,Q63167656,STEM.STEM*,6553923.0,6477.583240187082,12.0,1874.0
18619,2.0,6553923.0,巴黎圣母院大火,0.2689514458179474,Q63167656,STEM.Earth_and_environment,6553923.0,6477.583240187082,12.0,1874.0
18620,2.0,6553923.0,巴黎圣母院大火,0.1778208613395691,Q63167656,History_and_Society.Society,6553923.0,6477.583240187082,12.0,1874.0
18621,2.0,6553923.0,巴黎圣母院大火,0.16452647745609286,Q63167656,Culture.Philosophy_and_religion,6553923.0,6477.583240187082,12.0,1874.0
18622,2.0,6553923.0,巴黎圣母院大火,0.15611489117145538,Q63167656,History_and_Society.Transportation,6553923.0,6477.583240187082,12.0,1874.0
18623,2.0,6553923.0,巴黎圣母院大火,0.13661839067935946,Q63167656,STEM.Technology,6553923.0,6477.583240187082,12.0,1874.0
18624,2.0,6554394.0,張若凡,1.0000100135803225,Q65053321,Culture.Biography.Biography*,6554394.0,4768.121586272047,4.0,2859.0
18625,2.0,6554394.0,張若凡,0.9830951094627379,Q65053321,History_and_Society.Society,6554394.0,4768.121586272047,4.0,2859.0
18626,2.0,6554394.0,張若凡,0.546748161315918,Q65053321,Culture.Biography.Women,6554394.0,4768.121586272047,4.0,2859.0
18627,2.0,6554394.0,張若凡,0.4760326614379883,Q65053321,Geography.Regions.Asia.East_Asia,6554394.0,4768.121586272047,4.0,2859.0
18628,2.0,6554394.0,張若凡,0.4669093360900879,Q65053321,Geography.Regions.Asia.Asia*,6554394.0,4768.121586272047,4.0,2859.0
18629,2.0,6554394.0,張若凡,0.16452647745609286,Q65053321,Culture.Media.Music,6554394.0,4768.121586272047,4.0,2859.0
18630,3.0,6554624.0,許志安與黃心穎出軌事件,0.3140605390071869,Q63185774,History_and_Society.Politics_and_government,6554624.0,3647.9962097484004,12.0,2344.0
18631,3.0,6554624.0,許志安與黃心穎出軌事件,0.21760438585281366,Q63185774,Geography.Regions.Asia.Asia*,6554624.0,3647.9962097484004,12.0,2344.0
18632,3.0,6554624.0,許志安與黃心穎出軌事件,0.2069040536880493,Q63185774,History_and_Society.Society,6554624.0,3647.9962097484004,12.0,2344.0
18633,3.0,6554624.0,許志安與黃心穎出軌事件,0.14415885508060455,Q63185774,History_and_Society.Military_and_warfare,6554624.0,3647.9962097484004,12.0,2344.0
18634,3.0,6554624.0,許志安與黃心穎出軌事件,0.037993239402771,Q63185774,Geography.Regions.Europe.Europe*,6554624.0,3647.9962097484004,12.0,2344.0
18635,3.0,6554624.0,許志安與黃心穎出軌事件,0.0,Q63185774,Geography.Regions.Americas.North_America,6554624.0,3647.9962097484004,12.0,2344.0
18636,3.0,6554624.0,許志安與黃心穎出軌事件,0.0,Q63185774,Geography.Regions.Asia.South_Asia,6554624.0,3647.9962097484004,12.0,2344.0
18637,3.0,6554624.0,許志安與黃心穎出軌事件,0.0,Q63185774,Geography.Regions.Asia.East_Asia,6554624.0,3647.9962097484004,12.0,2344.0
18638,3.0,6554624.0,許志安與黃心穎出軌事件,0.0,Q63185774,Geography.Regions.Europe.Southern_Europe,6554624.0,3647.9962097484004,12.0,2344.0
18639,3.0,6554624.0,許志安與黃心穎出軌事件,0.0,Q63185774,Geography.Regions.Europe.Northern_Europe,6554624.0,3647.9962097484004,12.0,2344.0
18640,2.0,6555607.0,李歌洋,0.9802908897399902,Q65053411,Culture.Biography.Biography*,6555607.0,1.7333333333333334,7.0,13685.0
18641,2.0,6555607.0,李歌洋,0.0,Q65053411,Geography.Regions.Asia.Asia*,6555607.0,1.7333333333333334,7.0,13685.0
18642,2.0,6555607.0,李歌洋,0.0,Q65053411,Geography.Regions.Asia.South_Asia,6555607.0,1.7333333333333334,7.0,13685.0
18643,2.0,6556154.0,杰弗里·爱泼斯坦,0.9879562258720398,Q2904131,Culture.Biography.Biography*,6556154.0,1744.359183300555,10.0,2850.0
18644,2.0,6556154.0,杰弗里·爱泼斯坦,0.3557848632335663,Q2904131,History_and_Society.Business_and_economics,6556154.0,1744.359183300555,10.0,2850.0
18645,2.0,6556154.0,杰弗里·爱泼斯坦,0.320831298828125,Q2904131,History_and_Society.Politics_and_government,6556154.0,1744.359183300555,10.0,2850.0
18646,2.0,6556154.0,杰弗里·爱泼斯坦,0.2568419873714447,Q2904131,History_and_Society.Society,6556154.0,1744.359183300555,10.0,2850.0
18647,2.0,6556154.0,杰弗里·爱泼斯坦,0.21760438585281366,Q2904131,Geography.Regions.Americas.North_America,6556154.0,1744.359183300555,10.0,2850.0
18648,2.0,6556154.0,杰弗里·爱泼斯坦,0.1520422399044037,Q2904131,Culture.Philosophy_and_religion,6556154.0,1744.359183300555,10.0,2850.0
18649,2.0,6556154.0,杰弗里·爱泼斯坦,0.1294127255678177,Q2904131,Culture.Media.Media*,6556154.0,1744.359183300555,10.0,2850.0
18650,2.0,6556154.0,杰弗里·爱泼斯坦,0.1067005917429924,Q2904131,STEM.STEM*,6556154.0,1744.359183300555,10.0,2850.0
18651,2.0,6556154.0,杰弗里·爱泼斯坦,0.0,Q2904131,Geography.Regions.Europe.Europe*,6556154.0,1744.359183300555,10.0,2850.0
18652,1.0,6562091.0,庫爾斯克號：深海救援,0.9850529432296752,Q28974564,Culture.Media.Films,6562091.0,0.0,5.0,4503.0
18653,1.0,6562091.0,庫爾斯克號：深海救援,0.9763205647468568,Q28974564,Culture.Media.Media*,6562091.0,0.0,5.0,4503.0
18654,1.0,6562091.0,庫爾斯克號：深海救援,0.0,Q28974564,Geography.Regions.Europe.Europe*,6562091.0,0.0,5.0,4503.0
18655,1.0,6562091.0,庫爾斯克號：深海救援,0.0,Q28974564,Geography.Regions.Europe.Western_Europe,6562091.0,0.0,5.0,4503.0
18656,1.0,6562091.0,庫爾斯克號：深海救援,0.0,Q28974564,Geography.Regions.Europe.Northern_Europe,6562091.0,0.0,5.0,4503.0
18657,3.0,6563202.0,做工的人,0.2942249774932861,Q65053924,STEM.STEM*,6563202.0,7660.778402523404,3.0,1937.0
18658,3.0,6563202.0,做工的人,0.0,Q65053924,Geography.Regions.Asia.Asia*,6563202.0,7660.778402523404,3.0,1937.0
18659,3.0,6563202.0,做工的人,0.0,Q65053924,Geography.Regions.Americas.North_America,6563202.0,7660.778402523404,3.0,1937.0
18660,3.0,6563202.0,做工的人,0.0,Q65053924,Geography.Regions.Europe.Europe*,6563202.0,7660.778402523404,3.0,1937.0
18661,1.0,6563380.0,孟買酒店,0.989681839942932,Q27703167,Culture.Media.Films,6563380.0,0.0,1.0,2752.0
18662,1.0,6563380.0,孟買酒店,0.9890230894088744,Q27703167,Culture.Media.Media*,6563380.0,0.0,1.0,2752.0
18663,11.0,6566373.0,聖王公傳奇,0.2942249774932861,Q65054199,STEM.STEM*,6566373.0,28852.624418963696,4.0,7105.0
18664,11.0,6566373.0,聖王公傳奇,0.0,Q65054199,Geography.Regions.Asia.Asia*,6566373.0,28852.624418963696,4.0,7105.0
18665,11.0,6566373.0,聖王公傳奇,0.0,Q65054199,Geography.Regions.Americas.North_America,6566373.0,28852.624418963696,4.0,7105.0
18666,11.0,6566373.0,聖王公傳奇,0.0,Q65054199,Geography.Regions.Europe.Europe*,6566373.0,28852.624418963696,4.0,7105.0
18667,1.0,6574517.0,王致狄,0.9893575310707092,Q38247723,Culture.Biography.Biography*,6574517.0,0.0,3.0,2313.0
18668,1.0,6574517.0,王致狄,0.014629947185516357,Q38247723,Geography.Regions.Asia.Asia*,6574517.0,0.0,3.0,2313.0
18669,1.0,6574517.0,王致狄,0.0,Q38247723,Geography.Regions.Asia.East_Asia,6574517.0,0.0,3.0,2313.0
18670,2.0,6575501.0,俄罗斯航空1492号班机空难,0.9942797422409058,Q63490143,History_and_Society.Transportation,6575501.0,8.794040097241554,10.0,577.0
18671,2.0,6575501.0,俄罗斯航空1492号班机空难,0.991162657737732,Q63490143,STEM.Engineering,6575501.0,8.794040097241554,10.0,577.0
18672,2.0,6575501.0,俄罗斯航空1492号班机空难,0.9871888160705566,Q63490143,STEM.STEM*,6575501.0,8.794040097241554,10.0,577.0
18673,2.0,6575501.0,俄罗斯航空1492号班机空难,0.6654205918312073,Q63490143,History_and_Society.Society,6575501.0,8.794040097241554,10.0,577.0
18674,2.0,6575501.0,俄罗斯航空1492号班机空难,0.5698626637458801,Q63490143,Geography.Regions.Europe.Europe*,6575501.0,8.794040097241554,10.0,577.0
18675,2.0,6575501.0,俄罗斯航空1492号班机空难,0.3923468291759491,Q63490143,History_and_Society.Politics_and_government,6575501.0,8.794040097241554,10.0,577.0
18676,2.0,6575501.0,俄罗斯航空1492号班机空难,0.3557848632335663,Q63490143,History_and_Society.Military_and_warfare,6575501.0,8.794040097241554,10.0,577.0
18677,2.0,6575501.0,俄罗斯航空1492号班机空难,0.2942249774932861,Q63490143,Geography.Regions.Asia.Asia*,6575501.0,8.794040097241554,10.0,577.0
18678,2.0,6575501.0,俄罗斯航空1492号班机空难,0.21734751760959625,Q63490143,Geography.Regions.Europe.Eastern_Europe,6575501.0,8.794040097241554,10.0,577.0
18679,2.0,6575501.0,俄罗斯航空1492号班机空难,0.1097157895565033,Q63490143,Geography.Regions.Asia.North_Asia,6575501.0,8.794040097241554,10.0,577.0
18680,2.0,6576024.0,生命中的美好意外,0.992888569831848,Q28970816,Culture.Media.Films,6576024.0,2340.592785229992,6.0,1704.0
18681,2.0,6576024.0,生命中的美好意外,0.9871888160705566,Q28970816,Culture.Media.Media*,6576024.0,2340.592785229992,6.0,1704.0
18682,2.0,6576024.0,生命中的美好意外,0.18495945835113525,Q28970816,Geography.Regions.Americas.North_America,6576024.0,2340.592785229992,6.0,1704.0
18683,3.0,6578430.0,带着爸爸去留学,0.9770326614379884,Q64781868,Culture.Media.Television,6578430.0,2902.6235761777752,7.0,3037.0
18684,3.0,6578430.0,带着爸爸去留学,0.9732507467269896,Q64781868,Culture.Media.Media*,6578430.0,2902.6235761777752,7.0,3037.0
18685,3.0,6578430.0,带着爸爸去留学,0.037993239402771,Q64781868,Geography.Regions.Asia.Asia*,6578430.0,2902.6235761777752,7.0,3037.0
18686,3.0,6578430.0,带着爸爸去留学,0.0,Q64781868,Geography.Regions.Asia.East_Asia,6578430.0,2902.6235761777752,7.0,3037.0
18687,1.0,6581210.0,暴走曼哈頓,0.994455099105835,Q58411015,Culture.Media.Media*,6581210.0,0.0,6.0,3376.0
18688,1.0,6581210.0,暴走曼哈頓,0.9926641583442688,Q58411015,Culture.Media.Films,6581210.0,0.0,6.0,3376.0
18689,1.0,6581210.0,暴走曼哈頓,0.0,Q58411015,Geography.Regions.Americas.North_America,6581210.0,0.0,6.0,3376.0
18690,1.0,6581210.0,暴走曼哈頓,0.0,Q58411015,Geography.Regions.Europe.Europe*,6581210.0,0.0,6.0,3376.0
18691,1.0,6586573.0,男神時代,0.2942249774932861,Q65056979,STEM.STEM*,6586573.0,0.0,4.0,2918.0
18692,1.0,6586573.0,男神時代,0.0,Q65056979,Geography.Regions.Asia.Asia*,6586573.0,0.0,4.0,2918.0
18693,1.0,6586573.0,男神時代,0.0,Q65056979,Geography.Regions.Americas.North_America,6586573.0,0.0,4.0,2918.0
18694,1.0,6586573.0,男神時代,0.0,Q65056979,Geography.Regions.Europe.Europe*,6586573.0,0.0,4.0,2918.0
18695,1.0,6588099.0,迷網 (無綫電視劇),0.2942249774932861,Q65057181,STEM.STEM*,6588099.0,0.0,7.0,2673.0
18696,1.0,6588099.0,迷網 (無綫電視劇),0.0,Q65057181,Geography.Regions.Asia.Asia*,6588099.0,0.0,7.0,2673.0
18697,1.0,6588099.0,迷網 (無綫電視劇),0.0,Q65057181,Geography.Regions.Americas.North_America,6588099.0,0.0,7.0,2673.0
18698,1.0,6588099.0,迷網 (無綫電視劇),0.0,Q65057181,Geography.Regions.Europe.Europe*,6588099.0,0.0,7.0,2673.0
18699,1.0,6593305.0,满清十大酷刑,0.9724247455596924,Q4655867,Culture.Media.Media*,6593305.0,0.0,4.0,2287.0
18700,1.0,6593305.0,满清十大酷刑,0.9284188151359558,Q4655867,Culture.Media.Films,6593305.0,0.0,4.0,2287.0
18701,1.0,6593305.0,满清十大酷刑,0.4895974268913269,Q4655867,Geography.Regions.Asia.East_Asia,6593305.0,0.0,4.0,2287.0
18702,1.0,6593305.0,满清十大酷刑,0.4820951094627381,Q4655867,Geography.Regions.Asia.Asia*,6593305.0,0.0,4.0,2287.0
18703,1.0,6593367.0,梁家榮,1.0,Q65057810,Compilation.List_Disambig,6593367.0,0.0,3.0,2349.0
18704,1.0,6593367.0,梁家榮,0.15611489117145538,Q65057810,STEM.STEM*,6593367.0,0.0,3.0,2349.0
18705,1.0,6593367.0,梁家榮,0.14805719256401062,Q65057810,History_and_Society.Transportation,6593367.0,0.0,3.0,2349.0
18706,1.0,6593367.0,梁家榮,0.11280541121959685,Q65057810,History_and_Society.Military_and_warfare,6593367.0,0.0,3.0,2349.0
18707,1.0,6593367.0,梁家榮,0.0,Q65057810,Geography.Regions.Asia.Asia*,6593367.0,0.0,3.0,2349.0
18708,1.0,6593367.0,梁家榮,0.0,Q65057810,Geography.Geographical,6593367.0,0.0,3.0,2349.0
18709,1.0,6593367.0,梁家榮,0.0,Q65057810,Geography.Regions.Asia.West_Asia,6593367.0,0.0,3.0,2349.0
18710,3.0,6593413.0,陆正耀,0.990301549434662,Q63313547,Culture.Biography.Biography*,6593413.0,1970.5,10.0,14132.0
18711,3.0,6593413.0,陆正耀,0.0,Q63313547,Geography.Regions.Asia.East_Asia,6593413.0,1970.5,10.0,14132.0
18712,3.0,6593413.0,陆正耀,0.0,Q63313547,Geography.Regions.Asia.Asia*,6593413.0,1970.5,10.0,14132.0
18713,3.0,6595051.0,城隍媽祖渡斑鳩,0.2942249774932861,Q65058023,STEM.STEM*,6595051.0,4136.784077668266,4.0,1092.0
18714,3.0,6595051.0,城隍媽祖渡斑鳩,0.0,Q65058023,Geography.Regions.Asia.Asia*,6595051.0,4136.784077668266,4.0,1092.0
18715,3.0,6595051.0,城隍媽祖渡斑鳩,0.0,Q65058023,Geography.Regions.Americas.North_America,6595051.0,4136.784077668266,4.0,1092.0
18716,3.0,6595051.0,城隍媽祖渡斑鳩,0.0,Q65058023,Geography.Regions.Europe.Europe*,6595051.0,4136.784077668266,4.0,1092.0
18717,1.0,6597476.0,蓋兒·蘇菲佳,0.960371196269989,Q65058198,Culture.Biography.Biography*,6597476.0,0.0,13.0,3101.0
18718,1.0,6597476.0,蓋兒·蘇菲佳,0.3629792034626007,Q65058198,Culture.Biography.Women,6597476.0,0.0,13.0,3101.0
18719,1.0,6597476.0,蓋兒·蘇菲佳,0.1968362182378769,Q65058198,Culture.Media.Media*,6597476.0,0.0,13.0,3101.0
18720,1.0,6597476.0,蓋兒·蘇菲佳,0.11280541121959685,Q65058198,Culture.Media.Music,6597476.0,0.0,13.0,3101.0
18721,1.0,6597476.0,蓋兒·蘇菲佳,0.0,Q65058198,Geography.Regions.Asia.Asia*,6597476.0,0.0,13.0,3101.0
18722,2.0,6603024.0,切尔诺贝利核电站石棺,0.9706977605819702,Q4470718,Geography.Regions.Europe.Eastern_Europe,6603024.0,7882.0,10.0,773.0
18723,2.0,6603024.0,切尔诺贝利核电站石棺,0.9381340146064758,Q4470718,Geography.Regions.Europe.Europe*,6603024.0,7882.0,10.0,773.0
18724,2.0,6603024.0,切尔诺贝利核电站石棺,0.8175845146179199,Q4470718,History_and_Society.Military_and_warfare,6603024.0,7882.0,10.0,773.0
18725,2.0,6603024.0,切尔诺贝利核电站石棺,0.7431780099868774,Q4470718,Geography.Regions.Asia.North_Asia,6603024.0,7882.0,10.0,773.0
18726,2.0,6603024.0,切尔诺贝利核电站石棺,0.5234303474426271,Q4470718,STEM.Technology,6603024.0,7882.0,10.0,773.0
18727,2.0,6603024.0,切尔诺贝利核电站石棺,0.5000100135803223,Q4470718,History_and_Society.Politics_and_government,6603024.0,7882.0,10.0,773.0
18728,2.0,6603024.0,切尔诺贝利核电站石棺,0.40734341740608215,Q4470718,Geography.Regions.Asia.Asia*,6603024.0,7882.0,10.0,773.0
18729,2.0,6603024.0,切尔诺贝利核电站石棺,0.3702353835105896,Q4470718,STEM.STEM*,6603024.0,7882.0,10.0,773.0
18730,2.0,6603024.0,切尔诺贝利核电站石棺,0.24509501457214355,Q4470718,STEM.Engineering,6603024.0,7882.0,10.0,773.0
18731,2.0,6603024.0,切尔诺贝利核电站石棺,0.22816647589206696,Q4470718,History_and_Society.History,6603024.0,7882.0,10.0,773.0
18732,2.0,6603024.0,切尔诺贝利核电站石棺,0.16452647745609286,Q4470718,History_and_Society.Transportation,6603024.0,7882.0,10.0,773.0
18733,2.0,6603024.0,切尔诺贝利核电站石棺,0.16027602553367615,Q4470718,History_and_Society.Business_and_economics,6603024.0,7882.0,10.0,773.0
18734,2.0,6603024.0,切尔诺贝利核电站石棺,0.1520422399044037,Q4470718,History_and_Society.Education,6603024.0,7882.0,10.0,773.0
18735,2.0,6603024.0,切尔诺贝利核电站石棺,0.14805719256401062,Q4470718,Culture.Visual_arts.Architecture,6603024.0,7882.0,10.0,773.0
18736,2.0,6603024.0,切尔诺贝利核电站石棺,0.14034625887870789,Q4470718,Culture.Visual_arts.Visual_arts*,6603024.0,7882.0,10.0,773.0
18737,2.0,6603024.0,切尔诺贝利核电站石棺,0.11921291798353195,Q4470718,History_and_Society.Society,6603024.0,7882.0,10.0,773.0
18738,3.0,6604808.0,宋亨俊,0.9836069941520692,Q65058867,Culture.Biography.Biography*,6604808.0,334.9131995628553,0.0,2093.0
18739,3.0,6604808.0,宋亨俊,0.0,Q65058867,Geography.Regions.Asia.Asia*,6604808.0,334.9131995628553,0.0,2093.0
18740,3.0,6604808.0,宋亨俊,0.0,Q65058867,Geography.Regions.Asia.East_Asia,6604808.0,334.9131995628553,0.0,2093.0
18741,1.0,6607473.0,離地自由行,0.2942249774932861,Q55718599,STEM.STEM*,6607473.0,0.0,3.0,2742.0
18742,1.0,6607473.0,離地自由行,0.0,Q55718599,Geography.Regions.Asia.Asia*,6607473.0,0.0,3.0,2742.0
18743,1.0,6607473.0,離地自由行,0.0,Q55718599,Geography.Regions.Americas.North_America,6607473.0,0.0,3.0,2742.0
18744,1.0,6607473.0,離地自由行,0.0,Q55718599,Geography.Regions.Europe.Europe*,6607473.0,0.0,3.0,2742.0
18745,2.0,6614204.0,侏羅紀世界3,0.9908843636512756,Q55178974,Culture.Media.Films,6614204.0,735.4286456354181,6.0,2284.0
18746,2.0,6614204.0,侏羅紀世界3,0.9899964332580566,Q55178974,Culture.Media.Media*,6614204.0,735.4286456354181,6.0,2284.0
18747,2.0,6614204.0,侏羅紀世界3,0.287777841091156,Q55178974,Culture.Media.Entertainment,6614204.0,735.4286456354181,6.0,2284.0
18748,2.0,6614204.0,侏羅紀世界3,0.0,Q55178974,Geography.Regions.Americas.North_America,6614204.0,735.4286456354181,6.0,2284.0
18749,2.0,6614204.0,侏羅紀世界3,0.0,Q55178974,Geography.Regions.Asia.Asia*,6614204.0,735.4286456354181,6.0,2284.0
18750,3.0,6617229.0,姊姊 (2019年電影),0.9972950220108032,Q60678814,Culture.Media.Media*,6617229.0,7475.71775885737,13.0,16427.0
18751,3.0,6617229.0,姊姊 (2019年電影),0.9969346523284912,Q60678814,Culture.Media.Films,6617229.0,7475.71775885737,13.0,16427.0
18752,3.0,6617229.0,姊姊 (2019年電影),0.4984572401046753,Q60678814,Geography.Regions.Asia.East_Asia,6617229.0,7475.71775885737,13.0,16427.0
18753,3.0,6617229.0,姊姊 (2019年電影),0.496894287109375,Q60678814,Geography.Regions.Asia.Asia*,6617229.0,7475.71775885737,13.0,16427.0
18754,2.0,6622843.0,曾甜,0.9399233460426332,Q65060318,Culture.Biography.Biography*,6622843.0,0.0,4.0,2299.0
18755,2.0,6622843.0,曾甜,0.3007555902004242,Q65060318,Culture.Sports,6622843.0,0.0,4.0,2299.0
18756,2.0,6622843.0,曾甜,0.16886694729328156,Q65060318,History_and_Society.Politics_and_government,6622843.0,0.0,4.0,2299.0
18757,2.0,6622843.0,曾甜,0.0,Q65060318,Geography.Regions.Americas.North_America,6622843.0,0.0,4.0,2299.0
18758,2.0,6622843.0,曾甜,0.0,Q65060318,Geography.Regions.Oceania,6622843.0,0.0,4.0,2299.0
18759,2.0,6622843.0,曾甜,0.0,Q65060318,Geography.Regions.Europe.Europe*,6622843.0,0.0,4.0,2299.0
18760,1.0,6627093.0,嫖宿幼女罪,0.2942249774932861,Q65060885,STEM.STEM*,6627093.0,0.0,4.0,1521.0
18761,1.0,6627093.0,嫖宿幼女罪,0.0,Q65060885,Geography.Regions.Asia.Asia*,6627093.0,0.0,4.0,1521.0
18762,1.0,6627093.0,嫖宿幼女罪,0.0,Q65060885,Geography.Regions.Americas.North_America,6627093.0,0.0,4.0,1521.0
18763,1.0,6627093.0,嫖宿幼女罪,0.0,Q65060885,Geography.Regions.Europe.Europe*,6627093.0,0.0,4.0,1521.0
18764,1.0,6628279.0,同床異夢2 - 你是我的命運,0.9790457487106324,Q33185231,Culture.Media.Television,6628279.0,0.0,0.0,3021.0
18765,1.0,6628279.0,同床異夢2 - 你是我的命運,0.9399233460426332,Q33185231,Culture.Media.Media*,6628279.0,0.0,0.0,3021.0
18766,1.0,6628279.0,同床異夢2 - 你是我的命運,0.3952613940238953,Q33185231,Geography.Regions.Asia.East_Asia,6628279.0,0.0,0.0,3021.0
18767,1.0,6628279.0,同床異夢2 - 你是我的命運,0.338743971824646,Q33185231,Geography.Regions.Asia.Asia*,6628279.0,0.0,0.0,3021.0
18768,3.0,6634918.0,韓國瑜爭議事件,0.7248802781105042,Q65061508,History_and_Society.Society,6634918.0,155.5726201163447,2.0,2043.0
18769,3.0,6634918.0,韓國瑜爭議事件,0.538993239402771,Q65061508,STEM.STEM*,6634918.0,155.5726201163447,2.0,2043.0
18770,3.0,6634918.0,韓國瑜爭議事件,0.4688006341457367,Q65061508,Culture.Philosophy_and_religion,6634918.0,155.5726201163447,2.0,2043.0
18771,3.0,6634918.0,韓國瑜爭議事件,0.4301573634147644,Q65061508,History_and_Society.Politics_and_government,6634918.0,155.5726201163447,2.0,2043.0
18772,3.0,6634918.0,韓國瑜爭議事件,0.3923468291759491,Q65061508,STEM.Medicine_&_Health,6634918.0,155.5726201163447,2.0,2043.0
18773,3.0,6634918.0,韓國瑜爭議事件,0.3073680400848389,Q65061508,Culture.Biography.Biography*,6634918.0,155.5726201163447,2.0,2043.0
18774,3.0,6634918.0,韓國瑜爭議事件,0.23371636867523196,Q65061508,Culture.Media.Media*,6634918.0,155.5726201163447,2.0,2043.0
18775,3.0,6634918.0,韓國瑜爭議事件,0.18714269995689392,Q65061508,STEM.Biology,6634918.0,155.5726201163447,2.0,2043.0
18776,3.0,6634918.0,韓國瑜爭議事件,0.1824355274438858,Q65061508,History_and_Society.Business_and_economics,6634918.0,155.5726201163447,2.0,2043.0
18777,3.0,6634918.0,韓國瑜爭議事件,0.1520422399044037,Q65061508,History_and_Society.History,6634918.0,155.5726201163447,2.0,2043.0
18778,3.0,6634918.0,韓國瑜爭議事件,0.12253321707248688,Q65061508,STEM.Technology,6634918.0,155.5726201163447,2.0,2043.0
18779,3.0,6634918.0,韓國瑜爭議事件,0.11597072333097458,Q65061508,Culture.Visual_arts.Visual_arts*,6634918.0,155.5726201163447,2.0,2043.0
18780,3.0,6634918.0,韓國瑜爭議事件,0.11280541121959685,Q65061508,History_and_Society.Education,6634918.0,155.5726201163447,2.0,2043.0
18781,3.0,6634918.0,韓國瑜爭議事件,0.0,Q65061508,Geography.Regions.Asia.East_Asia,6634918.0,155.5726201163447,2.0,2043.0
18782,3.0,6634918.0,韓國瑜爭議事件,0.0,Q65061508,Geography.Regions.Americas.North_America,6634918.0,155.5726201163447,2.0,2043.0
18783,3.0,6634918.0,韓國瑜爭議事件,0.0,Q65061508,Geography.Regions.Europe.Europe*,6634918.0,155.5726201163447,2.0,2043.0
18784,3.0,6634918.0,韓國瑜爭議事件,0.0,Q65061508,Geography.Regions.Asia.Asia*,6634918.0,155.5726201163447,2.0,2043.0
18785,20.0,6635172.0,潜行者 (2019年电影),0.2942249774932861,Q65061525,STEM.STEM*,6635172.0,12434.086746554685,12.0,1510.0
18786,20.0,6635172.0,潜行者 (2019年电影),0.0,Q65061525,Geography.Regions.Asia.Asia*,6635172.0,12434.086746554685,12.0,1510.0
18787,20.0,6635172.0,潜行者 (2019年电影),0.0,Q65061525,Geography.Regions.Americas.North_America,6635172.0,12434.086746554685,12.0,1510.0
18788,20.0,6635172.0,潜行者 (2019年电影),0.0,Q65061525,Geography.Regions.Europe.Europe*,6635172.0,12434.086746554685,12.0,1510.0
18789,1.0,6640713.0,制度暴力,0.6076731681823729,Q1390935,STEM.STEM*,6640713.0,0.0,10.0,891.0
18790,1.0,6640713.0,制度暴力,0.538993239402771,Q1390935,History_and_Society.Society,6640713.0,0.0,10.0,891.0
18791,1.0,6640713.0,制度暴力,0.348655104637146,Q1390935,History_and_Society.Politics_and_government,6640713.0,0.0,10.0,891.0
18792,1.0,6640713.0,制度暴力,0.3073680400848389,Q1390935,STEM.Medicine_&_Health,6640713.0,0.0,10.0,891.0
18793,1.0,6640713.0,制度暴力,0.1294127255678177,Q1390935,Culture.Philosophy_and_religion,6640713.0,0.0,10.0,891.0
18794,1.0,6640713.0,制度暴力,0.11280541121959685,Q1390935,Culture.Linguistics,6640713.0,0.0,10.0,891.0
18795,1.0,6640713.0,制度暴力,0.1097157895565033,Q1390935,History_and_Society.Military_and_warfare,6640713.0,0.0,10.0,891.0
18796,5.0,6642403.0,大雄的新恐龍,0.9825675487518309,Q65022408,Culture.Media.Media*,6642403.0,6335.288479990804,16.0,2832.0
18797,5.0,6642403.0,大雄的新恐龍,0.952584147453308,Q65022408,Culture.Media.Films,6642403.0,6335.288479990804,16.0,2832.0
18798,5.0,6642403.0,大雄的新恐龍,0.30218379402160644,Q65022408,Geography.Regions.Asia.East_Asia,6642403.0,6335.288479990804,16.0,2832.0
18799,5.0,6642403.0,大雄的新恐龍,0.25392501258850103,Q65022408,Geography.Regions.Asia.Asia*,6642403.0,6335.288479990804,16.0,2832.0
18800,5.0,6642403.0,大雄的新恐龍,0.16452647745609286,Q65022408,Culture.Visual_arts.Visual_arts*,6642403.0,6335.288479990804,16.0,2832.0
18801,5.0,6642403.0,大雄的新恐龍,0.1097157895565033,Q65022408,Culture.Visual_arts.Comics_and_Anime,6642403.0,6335.288479990804,16.0,2832.0
18802,3.0,6648942.0,2019年度香港小姐競選,0.8175845146179199,Q65273790,Culture.Visual_arts.Visual_arts*,6648942.0,2728.358030707784,7.0,2894.0
18803,3.0,6648942.0,2019年度香港小姐競選,0.4610267877578736,Q65273790,Culture.Visual_arts.Fashion,6648942.0,2728.358030707784,7.0,2894.0
18804,3.0,6648942.0,2019年度香港小姐競選,0.0,Q65273790,Geography.Regions.Asia.Asia*,6648942.0,2728.358030707784,7.0,2894.0
18805,3.0,6648942.0,2019年度香港小姐競選,0.0,Q65273790,Geography.Regions.Asia.East_Asia,6648942.0,2728.358030707784,7.0,2894.0
18806,1.0,6653654.0,别告诉她,0.9978272914886476,Q60611804,Culture.Media.Films,6653654.0,0.0,5.0,3062.0
18807,1.0,6653654.0,别告诉她,0.99753737449646,Q60611804,Culture.Media.Media*,6653654.0,0.0,5.0,3062.0
18808,1.0,6653654.0,别告诉她,0.0,Q60611804,Geography.Regions.Americas.North_America,6653654.0,0.0,5.0,3062.0
18809,1.0,6653654.0,别告诉她,0.0,Q60611804,Geography.Regions.Asia.Asia*,6653654.0,0.0,5.0,3062.0
18810,7.0,6654028.0,塞維利亞的理髮師 (韓國綜藝),0.8740872144699097,Q65263569,Culture.Media.Television,6654028.0,6564.623929050958,0.0,5586.0
18811,7.0,6654028.0,塞維利亞的理髮師 (韓國綜藝),0.7371681928634644,Q65263569,Culture.Media.Media*,6654028.0,6564.623929050958,0.0,5586.0
18812,7.0,6654028.0,塞維利亞的理髮師 (韓國綜藝),0.4738311638832092,Q65263569,Geography.Regions.Asia.East_Asia,6654028.0,6564.623929050958,0.0,5586.0
18813,7.0,6654028.0,塞維利亞的理髮師 (韓國綜藝),0.3862146010398865,Q65263569,Geography.Regions.Asia.Asia*,6654028.0,6564.623929050958,0.0,5586.0
18814,5.0,6658021.0,張䕒心,0.9859463572502136,Q85879800,Culture.Biography.Biography*,6658021.0,143.64520676731644,4.0,1365.0
18815,5.0,6658021.0,張䕒心,0.287777841091156,Q85879800,Culture.Biography.Women,6658021.0,143.64520676731644,4.0,1365.0
18816,5.0,6658021.0,張䕒心,0.1778208613395691,Q85879800,History_and_Society.History,6658021.0,143.64520676731644,4.0,1365.0
18817,5.0,6658021.0,張䕒心,0.0,Q85879800,Geography.Regions.Asia.Asia*,6658021.0,143.64520676731644,4.0,1365.0
18818,1.0,6660766.0,无主之城 (网络剧),0.2942249774932861,Q67932507,STEM.STEM*,6660766.0,0.0,7.0,3573.0
18819,1.0,6660766.0,无主之城 (网络剧),0.0,Q67932507,Geography.Regions.Asia.Asia*,6660766.0,0.0,7.0,3573.0
18820,1.0,6660766.0,无主之城 (网络剧),0.0,Q67932507,Geography.Regions.Americas.North_America,6660766.0,0.0,7.0,3573.0
18821,1.0,6660766.0,无主之城 (网络剧),0.0,Q67932507,Geography.Regions.Europe.Europe*,6660766.0,0.0,7.0,3573.0
18822,3.0,6660951.0,姜敏熙,0.951152205467224,Q66377043,Culture.Biography.Biography*,6660951.0,43.04477496963233,0.0,1881.0
18823,3.0,6660951.0,姜敏熙,0.3548611869812012,Q66377043,Geography.Regions.Asia.Asia*,6660951.0,43.04477496963233,0.0,1881.0
18824,3.0,6660951.0,姜敏熙,0.2596606483459473,Q66377043,Geography.Regions.Asia.East_Asia,6660951.0,43.04477496963233,0.0,1881.0
18825,4.0,6664017.0,“四四”儿童节,0.2942249774932861,Q67932676,STEM.STEM*,6664017.0,3721.3807397712158,11.0,2599.0
18826,4.0,6664017.0,“四四”儿童节,0.0,Q67932676,Geography.Regions.Asia.Asia*,6664017.0,3721.3807397712158,11.0,2599.0
18827,4.0,6664017.0,“四四”儿童节,0.0,Q67932676,Geography.Regions.Americas.North_America,6664017.0,3721.3807397712158,11.0,2599.0
18828,4.0,6664017.0,“四四”儿童节,0.0,Q67932676,Geography.Regions.Europe.Europe*,6664017.0,3721.3807397712158,11.0,2599.0
18829,5.0,6665197.0,忠孝節義,0.2942249774932861,Q67932720,STEM.STEM*,6665197.0,8651.012064950406,4.0,2405.0
18830,5.0,6665197.0,忠孝節義,0.0,Q67932720,Geography.Regions.Asia.Asia*,6665197.0,8651.012064950406,4.0,2405.0
18831,5.0,6665197.0,忠孝節義,0.0,Q67932720,Geography.Regions.Americas.North_America,6665197.0,8651.012064950406,4.0,2405.0
18832,5.0,6665197.0,忠孝節義,0.0,Q67932720,Geography.Regions.Europe.Europe*,6665197.0,8651.012064950406,4.0,2405.0
18833,3.0,6665488.0,何桂藍,0.9949496984481812,Q65707002,Culture.Biography.Biography*,6665488.0,3967.745129565178,3.0,809.0
18834,3.0,6665488.0,何桂藍,0.7310686111450195,Q65707002,Culture.Media.Media*,6665488.0,3967.745129565178,3.0,809.0
18835,3.0,6665488.0,何桂藍,0.7057950496673584,Q65707002,Culture.Biography.Women,6665488.0,3967.745129565178,3.0,809.0
18836,3.0,6665488.0,何桂藍,0.4687954058647156,Q65707002,Geography.Regions.Asia.East_Asia,6665488.0,3967.745129565178,3.0,809.0
18837,3.0,6665488.0,何桂藍,0.459371196269989,Q65707002,Geography.Regions.Asia.Asia*,6665488.0,3967.745129565178,3.0,809.0
18838,3.0,6665488.0,何桂藍,0.14034625887870789,Q65707002,Culture.Media.Music,6665488.0,3967.745129565178,3.0,809.0
18839,8.0,6668039.0,峮峮,1.0000100135803225,Q85879223,Culture.Biography.Biography*,6668039.0,8232.52395050445,4.0,5458.0
18840,8.0,6668039.0,峮峮,0.9966334104537964,Q85879223,History_and_Society.Society,6668039.0,8232.52395050445,4.0,5458.0
18841,8.0,6668039.0,峮峮,0.5775054097175598,Q85879223,Culture.Biography.Women,6668039.0,8232.52395050445,4.0,5458.0
18842,8.0,6668039.0,峮峮,0.4581643214225769,Q85879223,Geography.Regions.Asia.East_Asia,6668039.0,8232.52395050445,4.0,5458.0
18843,8.0,6668039.0,峮峮,0.4456066956520081,Q85879223,Geography.Regions.Asia.Asia*,6668039.0,8232.52395050445,4.0,5458.0
18844,6.0,6672939.0,艾瑞爾·米蘭達,0.9995794296264648,Q25348602,Culture.Biography.Biography*,6672939.0,138.87568103319606,4.0,1418.0
18845,6.0,6672939.0,艾瑞爾·米蘭達,0.990301549434662,Q25348602,Culture.Sports,6672939.0,138.87568103319606,4.0,1418.0
18846,6.0,6672939.0,艾瑞爾·米蘭達,0.35867373847961426,Q25348602,Geography.Regions.Americas.Central_America,6672939.0,138.87568103319606,4.0,1418.0
18847,6.0,6672939.0,艾瑞爾·米蘭達,0.3070772161483765,Q25348602,Geography.Regions.Americas.North_America,6672939.0,138.87568103319606,4.0,1418.0
18848,2.0,6675380.0,杉山里穗,0.951152205467224,Q62085447,Culture.Biography.Biography*,6675380.0,7882.0,14.0,1225.0
18849,2.0,6675380.0,杉山里穗,0.3629792034626007,Q62085447,Culture.Internet_culture,6675380.0,7882.0,14.0,1225.0
18850,2.0,6675380.0,杉山里穗,0.3276783227920532,Q62085447,Culture.Biography.Women,6675380.0,7882.0,14.0,1225.0
18851,2.0,6675380.0,杉山里穗,0.20182321965694427,Q62085447,Culture.Media.Video_games,6675380.0,7882.0,14.0,1225.0
18852,2.0,6675380.0,杉山里穗,0.10088862478733064,Q62085447,History_and_Society.History,6675380.0,7882.0,14.0,1225.0
18853,2.0,6675380.0,杉山里穗,0.0,Q62085447,Geography.Regions.Asia.Asia*,6675380.0,7882.0,14.0,1225.0
18854,7.0,6676894.0,人群管理特別用途車,0.8175845146179199,Q66104667,STEM.STEM*,6676894.0,5045.785628168582,3.0,1092.0
18855,7.0,6676894.0,人群管理特別用途車,0.1824355274438858,Q66104667,STEM.Technology,6676894.0,5045.785628168582,3.0,1092.0
18856,7.0,6676894.0,人群管理特別用途車,0.1259327530860901,Q66104667,STEM.Medicine_&_Health,6676894.0,5045.785628168582,3.0,1092.0
18857,7.0,6676894.0,人群管理特別用途車,0.11280541121959685,Q66104667,History_and_Society.Transportation,6676894.0,5045.785628168582,3.0,1092.0
18858,4.0,6678120.0,小辣椒·波茲,1.0000100135803225,Q936542,Culture.Literature,6678120.0,0.0,6.0,1603.0
18859,4.0,6678120.0,小辣椒·波茲,0.3775506913661957,Q936542,Culture.Visual_arts.Comics_and_Anime,6678120.0,0.0,6.0,1603.0
18860,4.0,6678120.0,小辣椒·波茲,0.3415925204753876,Q936542,Culture.Visual_arts.Visual_arts*,6678120.0,0.0,6.0,1603.0
18861,3.0,6680518.0,黃麟凱殺人案,0.2942249774932861,Q67933324,STEM.STEM*,6680518.0,19.44955547290121,2.0,1137.0
18862,3.0,6680518.0,黃麟凱殺人案,0.0,Q67933324,Geography.Regions.Asia.Asia*,6680518.0,19.44955547290121,2.0,1137.0
18863,3.0,6680518.0,黃麟凱殺人案,0.0,Q67933324,Geography.Regions.Americas.North_America,6680518.0,19.44955547290121,2.0,1137.0
18864,3.0,6680518.0,黃麟凱殺人案,0.0,Q67933324,Geography.Regions.Europe.Europe*,6680518.0,19.44955547290121,2.0,1137.0
18865,1.0,6681679.0,叶世克,0.9724247455596924,Q2060396,Culture.Biography.Biography*,6681679.0,0.0,5.0,803.0
18866,1.0,6681679.0,叶世克,0.6297846436500549,Q2060396,History_and_Society.Military_and_warfare,6681679.0,0.0,5.0,803.0
18867,1.0,6681679.0,叶世克,0.21760438585281366,Q2060396,Geography.Regions.Europe.Western_Europe,6681679.0,0.0,5.0,803.0
18868,1.0,6681679.0,叶世克,0.15036486291885376,Q2060396,Geography.Regions.Europe.Europe*,6681679.0,0.0,5.0,803.0
18869,3.0,6683444.0,林珍羽,1.0000100135803225,Q67933477,Culture.Biography.Biography*,6683444.0,7882.0,2.0,23133.0
18870,3.0,6683444.0,林珍羽,0.9073222279548644,Q67933477,History_and_Society.Society,6683444.0,7882.0,2.0,23133.0
18871,3.0,6683444.0,林珍羽,0.8670457601547241,Q67933477,Culture.Biography.Women,6683444.0,7882.0,2.0,23133.0
18872,3.0,6683444.0,林珍羽,0.4605437984466553,Q67933477,Geography.Regions.Asia.Asia*,6683444.0,7882.0,2.0,23133.0
18873,3.0,6683444.0,林珍羽,0.38304929637908935,Q67933477,Geography.Regions.Asia.East_Asia,6683444.0,7882.0,2.0,23133.0
18874,3.0,6683444.0,林珍羽,0.14034625887870789,Q67933477,History_and_Society.Politics_and_government,6683444.0,7882.0,2.0,23133.0
18875,14.0,6686122.0,第54屆金鐘獎,1.0000100135803225,Q67933690,Culture.Biography.Biography*,6686122.0,56325.684623787674,4.0,2767.0
18876,14.0,6686122.0,第54屆金鐘獎,1.0000100135803225,Q67933690,History_and_Society.Society,6686122.0,56325.684623787674,4.0,2767.0
18877,14.0,6686122.0,第54屆金鐘獎,0.4979112615585327,Q67933690,Geography.Regions.Asia.East_Asia,6686122.0,56325.684623787674,4.0,2767.0
18878,14.0,6686122.0,第54屆金鐘獎,0.4959346523284912,Q67933690,Geography.Regions.Asia.Asia*,6686122.0,56325.684623787674,4.0,2767.0
18879,1.0,6688523.0,巴比龙 (2017年电影),0.9946250915527344,Q27985123,Culture.Media.Films,6688523.0,0.0,6.0,3238.0
18880,1.0,6688523.0,巴比龙 (2017年电影),0.991162657737732,Q27985123,Culture.Media.Media*,6688523.0,0.0,6.0,3238.0
18881,1.0,6688523.0,巴比龙 (2017年电影),0.0,Q27985123,Geography.Regions.Europe.Europe*,6688523.0,0.0,6.0,3238.0
18882,1.0,6688523.0,巴比龙 (2017年电影),0.0,Q27985123,Geography.Regions.Americas.North_America,6688523.0,0.0,6.0,3238.0
18883,1.0,6688523.0,巴比龙 (2017年电影),0.0,Q27985123,Geography.Regions.Europe.Northern_Europe,6688523.0,0.0,6.0,3238.0
18884,1.0,6690146.0,緝魔,0.2942249774932861,Q67933885,STEM.STEM*,6690146.0,0.0,13.0,2782.0
18885,1.0,6690146.0,緝魔,0.0,Q67933885,Geography.Regions.Asia.Asia*,6690146.0,0.0,13.0,2782.0
18886,1.0,6690146.0,緝魔,0.0,Q67933885,Geography.Regions.Americas.North_America,6690146.0,0.0,13.0,2782.0
18887,1.0,6690146.0,緝魔,0.0,Q67933885,Geography.Regions.Europe.Europe*,6690146.0,0.0,13.0,2782.0
18888,1.0,6691237.0,送我上青云,0.2942249774932861,Q67933956,STEM.STEM*,6691237.0,0.0,7.0,754.0
18889,1.0,6691237.0,送我上青云,0.0,Q67933956,Geography.Regions.Asia.Asia*,6691237.0,0.0,7.0,754.0
18890,1.0,6691237.0,送我上青云,0.0,Q67933956,Geography.Regions.Americas.North_America,6691237.0,0.0,7.0,754.0
18891,1.0,6691237.0,送我上青云,0.0,Q67933956,Geography.Regions.Europe.Europe*,6691237.0,0.0,7.0,754.0
18892,2.0,6692851.0,木棘証人,0.2942249774932861,Q67934020,STEM.STEM*,6692851.0,0.0,12.0,3573.0
18893,2.0,6692851.0,木棘証人,0.0,Q67934020,Geography.Regions.Asia.Asia*,6692851.0,0.0,12.0,3573.0
18894,2.0,6692851.0,木棘証人,0.0,Q67934020,Geography.Regions.Americas.North_America,6692851.0,0.0,12.0,3573.0
18895,2.0,6692851.0,木棘証人,0.0,Q67934020,Geography.Regions.Europe.Europe*,6692851.0,0.0,12.0,3573.0
18896,3.0,6693806.0,大步走,0.2942249774932861,Q67934058,STEM.STEM*,6693806.0,3925.859865244016,12.0,2713.0
18897,3.0,6693806.0,大步走,0.0,Q67934058,Geography.Regions.Asia.Asia*,6693806.0,3925.859865244016,12.0,2713.0
18898,3.0,6693806.0,大步走,0.0,Q67934058,Geography.Regions.Americas.North_America,6693806.0,3925.859865244016,12.0,2713.0
18899,3.0,6693806.0,大步走,0.0,Q67934058,Geography.Regions.Europe.Europe*,6693806.0,3925.859865244016,12.0,2713.0
18900,4.0,6698435.0,下半場,0.9984612464904784,Q66796052,Culture.Media.Films,6698435.0,6442.938822306338,12.0,3794.0
18901,4.0,6698435.0,下半場,0.9983093142509459,Q66796052,Culture.Sports,6698435.0,6442.938822306338,12.0,3794.0
18902,4.0,6698435.0,下半場,0.9879562258720398,Q66796052,Culture.Media.Media*,6698435.0,6442.938822306338,12.0,3794.0
18903,4.0,6698435.0,下半場,0.0,Q66796052,Geography.Regions.Asia.Asia*,6698435.0,6442.938822306338,12.0,3794.0
18904,4.0,6698435.0,下半場,0.0,Q66796052,Geography.Regions.Asia.East_Asia,6698435.0,6442.938822306338,12.0,3794.0
18905,4.0,6701688.0,蠟筆小新：激戰！塗鴉王國和四位勇士,0.99567848443985,Q67000951,Culture.Media.Media*,6701688.0,3555.4862914670452,14.0,2483.0
18906,4.0,6701688.0,蠟筆小新：激戰！塗鴉王國和四位勇士,0.9688661694526672,Q67000951,Culture.Media.Films,6701688.0,3555.4862914670452,14.0,2483.0
18907,4.0,6701688.0,蠟筆小新：激戰！塗鴉王國和四位勇士,0.4294682612419128,Q67000951,Geography.Regions.Asia.Asia*,6701688.0,3555.4862914670452,14.0,2483.0
18908,4.0,6701688.0,蠟筆小新：激戰！塗鴉王國和四位勇士,0.24217800998687744,Q67000951,Geography.Regions.Asia.East_Asia,6701688.0,3555.4862914670452,14.0,2483.0
18909,4.0,6701688.0,蠟筆小新：激戰！塗鴉王國和四位勇士,0.2069040536880493,Q67000951,Culture.Visual_arts.Visual_arts*,6701688.0,3555.4862914670452,14.0,2483.0
18910,4.0,6701688.0,蠟筆小新：激戰！塗鴉王國和四位勇士,0.14034625887870789,Q67000951,Culture.Visual_arts.Comics_and_Anime,6701688.0,3555.4862914670452,14.0,2483.0
18911,4.0,6701688.0,蠟筆小新：激戰！塗鴉王國和四位勇士,0.11597072333097458,Q67000951,Culture.Literature,6701688.0,3555.4862914670452,14.0,2483.0
18912,7.0,6703101.0,萬美玲,1.0000100135803225,Q67934538,Culture.Biography.Biography*,6703101.0,67.03023004546856,2.0,3503.0
18913,7.0,6703101.0,萬美玲,0.999506652355194,Q67934538,History_and_Society.Society,6703101.0,67.03023004546856,2.0,3503.0
18914,7.0,6703101.0,萬美玲,0.960371196269989,Q67934538,Culture.Biography.Women,6703101.0,67.03023004546856,2.0,3503.0
18915,7.0,6703101.0,萬美玲,0.4942548146247864,Q67934538,Geography.Regions.Asia.East_Asia,6703101.0,67.03023004546856,2.0,3503.0
18916,7.0,6703101.0,萬美玲,0.4901626577377319,Q67934538,Geography.Regions.Asia.Asia*,6703101.0,67.03023004546856,2.0,3503.0
18917,5.0,6707258.0,荃葵青遊行,1.0000100135803225,Q66739394,Geography.Regions.Asia.East_Asia,6707258.0,327.49365953967134,3.0,665.0
18918,5.0,6707258.0,荃葵青遊行,0.997120440006256,Q66739394,Geography.Regions.Asia.Asia*,6707258.0,327.49365953967134,3.0,665.0
18919,5.0,6707258.0,荃葵青遊行,0.8706072568893433,Q66739394,History_and_Society.Politics_and_government,6707258.0,327.49365953967134,3.0,665.0
18920,5.0,6707258.0,荃葵青遊行,0.4843900501728058,Q66739394,History_and_Society.Society,6707258.0,327.49365953967134,3.0,665.0
18921,1.0,6707652.0,馬檇鏗,0.9399233460426332,Q67934889,Culture.Biography.Biography*,6707652.0,0.0,13.0,2834.0
18922,1.0,6707652.0,馬檇鏗,0.3007555902004242,Q67934889,Culture.Sports,6707652.0,0.0,13.0,2834.0
18923,1.0,6707652.0,馬檇鏗,0.16886694729328156,Q67934889,History_and_Society.Politics_and_government,6707652.0,0.0,13.0,2834.0
18924,1.0,6707652.0,馬檇鏗,0.0,Q67934889,Geography.Regions.Americas.North_America,6707652.0,0.0,13.0,2834.0
18925,1.0,6707652.0,馬檇鏗,0.0,Q67934889,Geography.Regions.Oceania,6707652.0,0.0,13.0,2834.0
18926,1.0,6707652.0,馬檇鏗,0.0,Q67934889,Geography.Regions.Europe.Europe*,6707652.0,0.0,13.0,2834.0
18927,2.0,6707864.0,格萊普尼爾 (漫畫),1.0000100135803225,Q62055521,Culture.Visual_arts.Visual_arts*,6707864.0,4885.018745157602,13.0,69487.0
18928,2.0,6707864.0,格萊普尼爾 (漫畫),1.0000100135803225,Q62055521,Culture.Visual_arts.Comics_and_Anime,6707864.0,4885.018745157602,13.0,69487.0
18929,2.0,6707864.0,格萊普尼爾 (漫畫),0.9993221759796144,Q62055521,Culture.Literature,6707864.0,4885.018745157602,13.0,69487.0
18930,2.0,6709772.0,林琳 (香港),0.9993638396263124,Q85881358,Culture.Biography.Biography*,6709772.0,0.0,3.0,9134.0
18931,4.0,6712345.0,2020年美國總統選舉民主黨初選,1.0000100135803225,Q38051551,History_and_Society.Politics_and_government,6712345.0,19206.48504467965,5.0,4682.0
18932,4.0,6712345.0,2020年美國總統選舉民主黨初選,0.3624016513824463,Q38051551,Geography.Regions.Americas.North_America,6712345.0,19206.48504467965,5.0,4682.0
18933,4.0,6712345.0,2020年美國總統選舉民主黨初選,0.10088862478733064,Q38051551,Culture.Biography.Biography*,6712345.0,19206.48504467965,5.0,4682.0
18934,1.0,6715113.0,星光咖啡館與死神之蝶,0.2942249774932861,Q85880589,STEM.STEM*,6715113.0,0.0,13.0,4828.0
18935,1.0,6715113.0,星光咖啡館與死神之蝶,0.0,Q85880589,Geography.Regions.Asia.Asia*,6715113.0,0.0,13.0,4828.0
18936,1.0,6715113.0,星光咖啡館與死神之蝶,0.0,Q85880589,Geography.Regions.Americas.North_America,6715113.0,0.0,13.0,4828.0
18937,1.0,6715113.0,星光咖啡館與死神之蝶,0.0,Q85880589,Geography.Regions.Europe.Europe*,6715113.0,0.0,13.0,4828.0
18938,28.0,6715537.0,奇異博士2：瘋狂多重宇宙,0.997894287109375,Q64211112,Culture.Visual_arts.Comics_and_Anime,6715537.0,9606.954424377083,6.0,3502.0
18939,28.0,6715537.0,奇異博士2：瘋狂多重宇宙,0.9976133108139038,Q64211112,Culture.Literature,6715537.0,9606.954424377083,6.0,3502.0
18940,28.0,6715537.0,奇異博士2：瘋狂多重宇宙,0.9958112239837646,Q64211112,Culture.Visual_arts.Visual_arts*,6715537.0,9606.954424377083,6.0,3502.0
18941,28.0,6715537.0,奇異博士2：瘋狂多重宇宙,0.9924327731132508,Q64211112,Culture.Media.Media*,6715537.0,9606.954424377083,6.0,3502.0
18942,28.0,6715537.0,奇異博士2：瘋狂多重宇宙,0.9886782765388488,Q64211112,Culture.Media.Films,6715537.0,9606.954424377083,6.0,3502.0
18943,28.0,6715537.0,奇異博士2：瘋狂多重宇宙,0.11280541121959685,Q64211112,Culture.Media.Entertainment,6715537.0,9606.954424377083,6.0,3502.0
18944,9.0,6716850.0,緊急情況規例條例,0.59267657995224,Q67935450,History_and_Society.Politics_and_government,6716850.0,2940.446808152345,3.0,1752.0
18945,9.0,6716850.0,緊急情況規例條例,0.4978405108451843,Q67935450,Geography.Regions.Asia.East_Asia,6716850.0,2940.446808152345,3.0,1752.0
18946,9.0,6716850.0,緊急情況規例條例,0.4921061863899231,Q67935450,Geography.Regions.Asia.Asia*,6716850.0,2940.446808152345,3.0,1752.0
18947,9.0,6718946.0,赤納粹,0.320831298828125,Q67935707,STEM.STEM*,6718946.0,4667.94863719345,3.0,3010.0
18948,9.0,6718946.0,赤納粹,0.287777841091156,Q67935707,History_and_Society.Society,6718946.0,4667.94863719345,3.0,3010.0
18949,9.0,6718946.0,赤納粹,0.10375863313674928,Q67935707,History_and_Society.Politics_and_government,6718946.0,4667.94863719345,3.0,3010.0
18950,9.0,6718946.0,赤納粹,0.0,Q67935707,Geography.Regions.Americas.North_America,6718946.0,4667.94863719345,3.0,3010.0
18951,5.0,6722613.0,江永祥,0.9019306898117064,Q67935902,Culture.Biography.Biography*,6722613.0,327.49365953967134,3.0,1671.0
18952,5.0,6722613.0,江永祥,0.3923194279670715,Q67935902,Geography.Regions.Asia.Asia*,6722613.0,327.49365953967134,3.0,1671.0
18953,5.0,6722613.0,江永祥,0.32119916582107544,Q67935902,Geography.Regions.Asia.East_Asia,6722613.0,327.49365953967134,3.0,1671.0
18954,5.0,6722613.0,江永祥,0.1097157895565033,Q67935902,History_and_Society.Politics_and_government,6722613.0,327.49365953967134,3.0,1671.0
18955,9.0,6725340.0,綜藝3國智季數,0.8519628047943115,Q67936019,Culture.Media.Television,6725340.0,25355.66702767813,4.0,2351.0
18956,9.0,6725340.0,綜藝3國智季數,0.7773098945617676,Q67936019,Culture.Media.Media*,6725340.0,25355.66702767813,4.0,2351.0
18957,9.0,6725340.0,綜藝3國智季數,0.0,Q67936019,Geography.Regions.Asia.Asia*,6725340.0,25355.66702767813,4.0,2351.0
18958,1.0,6731081.0,王菲 (香港小姐),0.9946250915527344,Q67427772,Culture.Biography.Biography*,6731081.0,0.0,7.0,3230.0
18959,1.0,6731081.0,王菲 (香港小姐),0.11280541121959685,Q67427772,Culture.Biography.Women,6731081.0,0.0,7.0,3230.0
18960,1.0,6731081.0,王菲 (香港小姐),0.08411114120483397,Q67427772,Geography.Regions.Asia.Asia*,6731081.0,0.0,7.0,3230.0
18961,1.0,6731081.0,王菲 (香港小姐),0.0,Q67427772,Geography.Regions.Asia.East_Asia,6731081.0,0.0,7.0,3230.0
18962,7.0,6731805.0,IPhone 11,0.9981998205184937,Q67214165,STEM.STEM*,6731805.0,1970.5,17.0,3127.0
18963,7.0,6731805.0,IPhone 11,0.9947898983955384,Q67214165,STEM.Technology,6731805.0,1970.5,17.0,3127.0
18964,7.0,6731805.0,IPhone 11,0.9019306898117064,Q67214165,Culture.Media.Software,6731805.0,1970.5,17.0,3127.0
18965,7.0,6731805.0,IPhone 11,0.8670457601547241,Q67214165,Culture.Media.Media*,6731805.0,1970.5,17.0,3127.0
18966,7.0,6731805.0,IPhone 11,0.3557848632335663,Q67214165,STEM.Computing,6731805.0,1970.5,17.0,3127.0
18967,7.0,6731829.0,IPhone 11 Pro,0.9985088109970092,Q67216142,STEM.STEM*,6731829.0,1970.5,17.0,3222.0
18968,7.0,6731829.0,IPhone 11 Pro,0.9955416321754456,Q67216142,STEM.Technology,6731829.0,1970.5,17.0,3222.0
18969,7.0,6731829.0,IPhone 11 Pro,0.8991314172744751,Q67216142,Culture.Media.Software,6731829.0,1970.5,17.0,3222.0
18970,7.0,6731829.0,IPhone 11 Pro,0.8596737384796143,Q67216142,Culture.Media.Media*,6731829.0,1970.5,17.0,3222.0
18971,7.0,6731829.0,IPhone 11 Pro,0.3557848632335663,Q67216142,STEM.Computing,6731829.0,1970.5,17.0,3222.0
18972,2.0,6732194.0,弒婚遊戲,0.9770326614379884,Q58815115,Culture.Media.Media*,6732194.0,1425.2420516055,1.0,3061.0
18973,2.0,6732194.0,弒婚遊戲,0.974052667617798,Q58815115,Culture.Media.Films,6732194.0,1425.2420516055,1.0,3061.0
18974,2.0,6732194.0,弒婚遊戲,0.0,Q58815115,Geography.Regions.Americas.North_America,6732194.0,1425.2420516055,1.0,3061.0
18975,1.0,6739196.0,關塔那摩灣海軍基地,0.7122421860694885,Q762570,Geography.Regions.Americas.Central_America,6739196.0,0.0,1.0,2182.0
18976,1.0,6739196.0,關塔那摩灣海軍基地,0.6723417043685913,Q762570,History_and_Society.Military_and_warfare,6739196.0,0.0,1.0,2182.0
18977,1.0,6739196.0,關塔那摩灣海軍基地,0.3557848632335663,Q762570,Geography.Regions.Americas.North_America,6739196.0,0.0,1.0,2182.0
18978,1.0,6739196.0,關塔那摩灣海軍基地,0.16027602553367615,Q762570,History_and_Society.Politics_and_government,6739196.0,0.0,1.0,2182.0
18979,11.0,6745289.0,不義之戰,0.994098961353302,Q45318526,Culture.Media.Media*,6745289.0,1821.8584963486328,12.0,2275.0
18980,11.0,6745289.0,不義之戰,0.9732507467269896,Q45318526,Culture.Media.Films,6745289.0,1821.8584963486328,12.0,2275.0
18981,11.0,6745289.0,不義之戰,0.4845064153671265,Q45318526,Geography.Regions.Asia.East_Asia,6745289.0,1821.8584963486328,12.0,2275.0
18982,11.0,6745289.0,不義之戰,0.4780457487106323,Q45318526,Geography.Regions.Asia.Asia*,6745289.0,1821.8584963486328,12.0,2275.0
18983,11.0,6745289.0,不義之戰,0.11597072333097458,Q45318526,Culture.Visual_arts.Comics_and_Anime,6745289.0,1821.8584963486328,12.0,2275.0
18984,1.0,6751744.0,丁曉雯,0.9777238368988036,Q85873717,Culture.Biography.Biography*,6751744.0,0.0,4.0,1249.0
18985,1.0,6751744.0,丁曉雯,0.3775506913661957,Q85873717,Culture.Biography.Women,6751744.0,0.0,4.0,1249.0
18986,1.0,6751744.0,丁曉雯,0.0,Q85873717,Geography.Regions.Asia.Asia*,6751744.0,0.0,4.0,1249.0
18987,3.0,6752125.0,AOMG,0.6859594583511353,Q16164774,Culture.Media.Media*,6752125.0,243.16203656880646,0.0,2917.0
18988,3.0,6752125.0,AOMG,0.6791887283325195,Q16164774,History_and_Society.Business_and_economics,6752125.0,243.16203656880646,0.0,2917.0
18989,3.0,6752125.0,AOMG,0.5078218579292297,Q16164774,Culture.Media.Music,6752125.0,243.16203656880646,0.0,2917.0
18990,3.0,6752125.0,AOMG,0.4964591135978698,Q16164774,Geography.Regions.Asia.East_Asia,6752125.0,243.16203656880646,0.0,2917.0
18991,3.0,6752125.0,AOMG,0.4869562258720398,Q16164774,Geography.Regions.Asia.Asia*,6752125.0,243.16203656880646,0.0,2917.0
18992,1.0,6752658.0,勐板土千总,0.2942249774932861,Q85876476,STEM.STEM*,6752658.0,0.0,2.0,960.0
18993,1.0,6752658.0,勐板土千总,0.0,Q85876476,Geography.Regions.Asia.Asia*,6752658.0,0.0,2.0,960.0
18994,1.0,6752658.0,勐板土千总,0.0,Q85876476,Geography.Regions.Americas.North_America,6752658.0,0.0,2.0,960.0
18995,1.0,6752658.0,勐板土千总,0.0,Q85876476,Geography.Regions.Europe.Europe*,6752658.0,0.0,2.0,960.0
18996,1.0,6753300.0,夕霧花園 (電影),0.9966334104537964,Q55642282,Culture.Media.Films,6753300.0,0.0,6.0,2709.0
18997,1.0,6753300.0,夕霧花園 (電影),0.9875783920288086,Q55642282,Culture.Media.Media*,6753300.0,0.0,6.0,2709.0
18998,1.0,6753300.0,夕霧花園 (電影),0.23006861114501956,Q55642282,Geography.Regions.Asia.Asia*,6753300.0,0.0,6.0,2709.0
18999,1.0,6753300.0,夕霧花園 (電影),0.10667316818237303,Q55642282,Geography.Regions.Asia.Southeast_Asia,6753300.0,0.0,6.0,2709.0
19000,16.0,6759042.0,禁止蒙面規例,0.99219411611557,Q70666159,History_and_Society.Politics_and_government,6759042.0,27300.759088731167,3.0,4302.0
19001,16.0,6759042.0,禁止蒙面規例,0.6001983880996704,Q70666159,History_and_Society.Society,6759042.0,27300.759088731167,3.0,4302.0
19002,16.0,6759042.0,禁止蒙面規例,0.497599648475647,Q70666159,Geography.Regions.Asia.East_Asia,6759042.0,27300.759088731167,3.0,4302.0
19003,16.0,6759042.0,禁止蒙面規例,0.493455099105835,Q70666159,Geography.Regions.Asia.Asia*,6759042.0,27300.759088731167,3.0,4302.0
19004,1.0,6760466.0,茲德涅克·賀吉普,0.993317186832428,Q55552687,Culture.Biography.Biography*,6760466.0,0.0,5.0,7640.0
19005,1.0,6760466.0,茲德涅克·賀吉普,0.4063222279548645,Q55552687,Geography.Regions.Europe.Eastern_Europe,6760466.0,0.0,5.0,7640.0
19006,1.0,6760466.0,茲德涅克·賀吉普,0.3862146010398865,Q55552687,Geography.Regions.Europe.Europe*,6760466.0,0.0,5.0,7640.0
19007,8.0,6764853.0,籃靖玟,0.9859463572502136,Q85883332,Culture.Biography.Biography*,6764853.0,12105.439197074895,4.0,2662.0
19008,8.0,6764853.0,籃靖玟,0.287777841091156,Q85883332,Culture.Biography.Women,6764853.0,12105.439197074895,4.0,2662.0
19009,8.0,6764853.0,籃靖玟,0.1778208613395691,Q85883332,History_and_Society.History,6764853.0,12105.439197074895,4.0,2662.0
19010,8.0,6764853.0,籃靖玟,0.0,Q85883332,Geography.Regions.Asia.Asia*,6764853.0,12105.439197074895,4.0,2662.0
19011,1.0,6768678.0,傻傻愛你，傻傻愛我,0.2942249774932861,Q97351764,STEM.STEM*,6768678.0,0.0,13.0,3176.0
19012,1.0,6768678.0,傻傻愛你，傻傻愛我,0.0,Q97351764,Geography.Regions.Asia.Asia*,6768678.0,0.0,13.0,3176.0
19013,1.0,6768678.0,傻傻愛你，傻傻愛我,0.0,Q97351764,Geography.Regions.Americas.North_America,6768678.0,0.0,13.0,3176.0
19014,1.0,6768678.0,傻傻愛你，傻傻愛我,0.0,Q97351764,Geography.Regions.Europe.Europe*,6768678.0,0.0,13.0,3176.0
19015,1.0,6769633.0,2019年世界大賽,0.9841036200523376,Q66364576,Culture.Sports,6769633.0,0.0,4.0,1868.0
19016,1.0,6769633.0,2019年世界大賽,0.0,Q66364576,Geography.Regions.Americas.North_America,6769633.0,0.0,4.0,1868.0
19017,5.0,6771076.0,壯壯,0.9859463572502136,Q78117242,Culture.Biography.Biography*,6771076.0,4789.722461789971,4.0,1197.0
19018,5.0,6771076.0,壯壯,0.287777841091156,Q78117242,Culture.Biography.Women,6771076.0,4789.722461789971,4.0,1197.0
19019,5.0,6771076.0,壯壯,0.1778208613395691,Q78117242,History_and_Society.History,6771076.0,4789.722461789971,4.0,1197.0
19020,5.0,6771076.0,壯壯,0.0,Q78117242,Geography.Regions.Asia.Asia*,6771076.0,4789.722461789971,4.0,1197.0
19021,6.0,6772847.0,嗨唱转起来,0.9914325475692748,Q71623514,Culture.Media.Media*,6772847.0,4256.123496898093,12.0,2867.0
19022,6.0,6772847.0,嗨唱转起来,0.9855064153671264,Q71623514,Culture.Media.Television,6772847.0,4256.123496898093,12.0,2867.0
19023,6.0,6772847.0,嗨唱转起来,0.4738311638832092,Q71623514,Geography.Regions.Asia.East_Asia,6772847.0,4256.123496898093,12.0,2867.0
19024,6.0,6772847.0,嗨唱转起来,0.4406641592979431,Q71623514,Geography.Regions.Asia.Asia*,6772847.0,4256.123496898093,12.0,2867.0
19025,6.0,6772847.0,嗨唱转起来,0.1778208613395691,Q71623514,Culture.Biography.Biography*,6772847.0,4256.123496898093,12.0,2867.0
19026,6.0,6772847.0,嗨唱转起来,0.1520422399044037,Q71623514,History_and_Society.Society,6772847.0,4256.123496898093,12.0,2867.0
19027,2.0,6774069.0,李河潤,0.9263137578964232,Q78117296,Culture.Biography.Biography*,6774069.0,0.0,4.0,1730.0
19028,2.0,6774069.0,李河潤,0.4826069941520691,Q78117296,Geography.Regions.Asia.East_Asia,6774069.0,0.0,4.0,1730.0
19029,2.0,6774069.0,李河潤,0.4705740084648132,Q78117296,Geography.Regions.Asia.Asia*,6774069.0,0.0,4.0,1730.0
19030,2.0,6774069.0,李河潤,0.3629792034626007,Q78117296,Culture.Sports,6774069.0,0.0,4.0,1730.0
19031,1.0,6778181.0,怨咒,0.9995927214622498,Q54339473,Culture.Media.Films,6778181.0,0.0,6.0,2151.0
19032,1.0,6778181.0,怨咒,0.9980832934379578,Q54339473,Culture.Media.Media*,6778181.0,0.0,6.0,2151.0
19033,1.0,6778181.0,怨咒,0.16027602553367615,Q54339473,Culture.Media.Entertainment,6778181.0,0.0,6.0,2151.0
19034,1.0,6778181.0,怨咒,0.0,Q54339473,Geography.Regions.Americas.North_America,6778181.0,0.0,6.0,2151.0
19035,3.0,6779649.0,2019年英国货车惨案,0.9019306898117064,Q72067697,Geography.Regions.Europe.Europe*,6779649.0,543.4232121093353,5.0,1277.0
19036,3.0,6779649.0,2019年英国货车惨案,0.8175845146179199,Q72067697,Geography.Regions.Europe.Northern_Europe,6779649.0,543.4232121093353,5.0,1277.0
19037,3.0,6779649.0,2019年英国货车惨案,0.546748161315918,Q72067697,History_and_Society.Politics_and_government,6779649.0,543.4232121093353,5.0,1277.0
19038,3.0,6779649.0,2019年英国货车惨案,0.3276783227920532,Q72067697,Geography.Regions.Asia.Asia*,6779649.0,543.4232121093353,5.0,1277.0
19039,3.0,6779649.0,2019年英国货车惨案,0.24509501457214355,Q72067697,STEM.STEM*,6779649.0,543.4232121093353,5.0,1277.0
19040,3.0,6779649.0,2019年英国货车惨案,0.22816647589206696,Q72067697,History_and_Society.Military_and_warfare,6779649.0,543.4232121093353,5.0,1277.0
19041,3.0,6779649.0,2019年英国货车惨案,0.20182321965694427,Q72067697,Geography.Regions.Asia.South_Asia,6779649.0,543.4232121093353,5.0,1277.0
19042,3.0,6779649.0,2019年英国货车惨案,0.13297423720359802,Q72067697,STEM.Engineering,6779649.0,543.4232121093353,5.0,1277.0
19043,3.0,6779649.0,2019年英国货车惨案,0.1259327530860901,Q72067697,History_and_Society.Transportation,6779649.0,543.4232121093353,5.0,1277.0
19044,3.0,6779649.0,2019年英国货车惨案,0.1097157895565033,Q72067697,History_and_Society.History,6779649.0,543.4232121093353,5.0,1277.0
19045,6.0,6783345.0,BORUTO-火影新世代-NARUTO NEXT GENERATIONS-角色列表,0.2942249774932861,Q85872639,STEM.STEM*,6783345.0,9503.473565798202,14.0,3312.0
19046,6.0,6783345.0,BORUTO-火影新世代-NARUTO NEXT GENERATIONS-角色列表,0.0,Q85872639,Geography.Regions.Asia.Asia*,6783345.0,9503.473565798202,14.0,3312.0
19047,6.0,6783345.0,BORUTO-火影新世代-NARUTO NEXT GENERATIONS-角色列表,0.0,Q85872639,Geography.Regions.Americas.North_America,6783345.0,9503.473565798202,14.0,3312.0
19048,6.0,6783345.0,BORUTO-火影新世代-NARUTO NEXT GENERATIONS-角色列表,0.0,Q85872639,Geography.Regions.Europe.Europe*,6783345.0,9503.473565798202,14.0,3312.0
19049,1.0,6788320.0,演技派,0.2942249774932861,Q85882159,STEM.STEM*,6788320.0,0.0,7.0,3004.0
19050,1.0,6788320.0,演技派,0.0,Q85882159,Geography.Regions.Asia.Asia*,6788320.0,0.0,7.0,3004.0
19051,1.0,6788320.0,演技派,0.0,Q85882159,Geography.Regions.Americas.North_America,6788320.0,0.0,7.0,3004.0
19052,1.0,6788320.0,演技派,0.0,Q85882159,Geography.Regions.Europe.Europe*,6788320.0,0.0,7.0,3004.0
19053,3.0,6790946.0,怪醫黑傑克OVA,0.2942249774932861,Q11334579,STEM.STEM*,6790946.0,7882.0,13.0,760.0
19054,3.0,6790946.0,怪醫黑傑克OVA,0.0,Q11334579,Geography.Regions.Asia.Asia*,6790946.0,7882.0,13.0,760.0
19055,3.0,6790946.0,怪醫黑傑克OVA,0.0,Q11334579,Geography.Regions.Americas.North_America,6790946.0,7882.0,13.0,760.0
19056,3.0,6790946.0,怪醫黑傑克OVA,0.0,Q11334579,Geography.Regions.Europe.Europe*,6790946.0,7882.0,13.0,760.0
19057,3.0,6792655.0,袁學謙,0.8175845146179199,Q78122788,Culture.Biography.Biography*,6792655.0,4324.1122956170475,3.0,5630.0
19058,3.0,6792655.0,袁學謙,0.7248802781105042,Q78122788,Culture.Biography.Women,6792655.0,4324.1122956170475,3.0,5630.0
19059,3.0,6792655.0,袁學謙,0.4209318628311157,Q78122788,Geography.Regions.Americas.North_America,6792655.0,4324.1122956170475,3.0,5630.0
19060,3.0,6792655.0,袁學謙,0.3276783227920532,Q78122788,History_and_Society.Politics_and_government,6792655.0,4324.1122956170475,3.0,5630.0
19061,3.0,6792655.0,袁學謙,0.11597072333097458,Q78122788,Culture.Literature,6792655.0,4324.1122956170475,3.0,5630.0
19062,3.0,6792655.0,袁學謙,0.10375863313674928,Q78122788,History_and_Society.Society,6792655.0,4324.1122956170475,3.0,5630.0
19063,3.0,6792655.0,袁學謙,0.10375863313674928,Q78122788,Culture.Sports,6792655.0,4324.1122956170475,3.0,5630.0
19064,3.0,6792655.0,袁學謙,0.0,Q78122788,Geography.Regions.Asia.East_Asia,6792655.0,4324.1122956170475,3.0,5630.0
19065,3.0,6792655.0,袁學謙,0.0,Q78122788,Geography.Regions.Asia.Asia*,6792655.0,4324.1122956170475,3.0,5630.0
19066,3.0,6792655.0,袁學謙,0.0,Q78122788,Geography.Regions.Africa.Africa*,6792655.0,4324.1122956170475,3.0,5630.0
19067,3.0,6792655.0,袁學謙,0.0,Q78122788,Geography.Regions.Asia.Southeast_Asia,6792655.0,4324.1122956170475,3.0,5630.0
19068,2.0,6792847.0,沙漠蝗蟲,1.0000100135803225,Q281634,STEM.Biology,6792847.0,1779.673016644133,10.0,2225.0
19069,2.0,6792847.0,沙漠蝗蟲,0.9994742274284364,Q281634,STEM.STEM*,6792847.0,1779.673016644133,10.0,2225.0
19070,5.0,6793504.0,黃慧君,0.9399233460426332,Q64008276,Culture.Biography.Biography*,6793504.0,11619.237187206172,12.0,1721.0
19071,5.0,6793504.0,黃慧君,0.3007555902004242,Q64008276,Culture.Sports,6793504.0,11619.237187206172,12.0,1721.0
19072,5.0,6793504.0,黃慧君,0.16886694729328156,Q64008276,History_and_Society.Politics_and_government,6793504.0,11619.237187206172,12.0,1721.0
19073,5.0,6793504.0,黃慧君,0.0,Q64008276,Geography.Regions.Americas.North_America,6793504.0,11619.237187206172,12.0,1721.0
19074,5.0,6793504.0,黃慧君,0.0,Q64008276,Geography.Regions.Oceania,6793504.0,11619.237187206172,12.0,1721.0
19075,5.0,6793504.0,黃慧君,0.0,Q64008276,Geography.Regions.Europe.Europe*,6793504.0,11619.237187206172,12.0,1721.0
19076,2.0,6794801.0,2019年度叱咤樂壇流行榜頒獎典禮得獎名單,0.2942249774932861,Q85872204,STEM.STEM*,6794801.0,607.1892152103496,12.0,1923.0
19077,2.0,6794801.0,2019年度叱咤樂壇流行榜頒獎典禮得獎名單,0.0,Q85872204,Geography.Regions.Asia.Asia*,6794801.0,607.1892152103496,12.0,1923.0
19078,2.0,6794801.0,2019年度叱咤樂壇流行榜頒獎典禮得獎名單,0.0,Q85872204,Geography.Regions.Americas.North_America,6794801.0,607.1892152103496,12.0,1923.0
19079,2.0,6794801.0,2019年度叱咤樂壇流行榜頒獎典禮得獎名單,0.0,Q85872204,Geography.Regions.Europe.Europe*,6794801.0,607.1892152103496,12.0,1923.0
19080,6.0,6795478.0,2019年11月將軍澳警民衝突,0.2942249774932861,Q85872109,STEM.STEM*,6795478.0,1441.9561852797647,3.0,1107.0
19081,6.0,6795478.0,2019年11月將軍澳警民衝突,0.0,Q85872109,Geography.Regions.Asia.Asia*,6795478.0,1441.9561852797647,3.0,1107.0
19082,6.0,6795478.0,2019年11月將軍澳警民衝突,0.0,Q85872109,Geography.Regions.Americas.North_America,6795478.0,1441.9561852797647,3.0,1107.0
19083,6.0,6795478.0,2019年11月將軍澳警民衝突,0.0,Q85872109,Geography.Regions.Europe.Europe*,6795478.0,1441.9561852797647,3.0,1107.0
19084,12.0,6795564.0,周梓樂墮樓事件,0.9972950220108032,Q74040572,Geography.Regions.Asia.East_Asia,6795564.0,18831.159234112343,3.0,3285.0
19085,12.0,6795564.0,周梓樂墮樓事件,0.9969346523284912,Q74040572,Geography.Regions.Asia.Asia*,6795564.0,18831.159234112343,3.0,3285.0
19086,12.0,6795564.0,周梓樂墮樓事件,0.9615437984466552,Q74040572,History_and_Society.Politics_and_government,6795564.0,18831.159234112343,3.0,3285.0
19087,12.0,6795564.0,周梓樂墮樓事件,0.3415925204753876,Q74040572,History_and_Society.Society,6795564.0,18831.159234112343,3.0,3285.0
19088,1.0,6795819.0,仇栩欣,0.994098961353302,Q72416182,Culture.Biography.Biography*,6795819.0,0.0,3.0,4514.0
19089,1.0,6795819.0,仇栩欣,0.1732981950044632,Q72416182,History_and_Society.Politics_and_government,6795819.0,0.0,3.0,4514.0
19090,1.0,6795819.0,仇栩欣,0.14034625887870789,Q72416182,Culture.Biography.Women,6795819.0,0.0,3.0,4514.0
19091,1.0,6795819.0,仇栩欣,0.13297423720359802,Q72416182,Culture.Sports,6795819.0,0.0,3.0,4514.0
19092,1.0,6795819.0,仇栩欣,0.0,Q72416182,Geography.Regions.Americas.North_America,6795819.0,0.0,3.0,4514.0
19093,1.0,6795819.0,仇栩欣,0.0,Q72416182,Geography.Regions.Asia.Asia*,6795819.0,0.0,3.0,4514.0
19094,3.0,6799922.0,FPX电子竞技俱乐部,1.0000100135803225,Q66126604,Culture.Media.Video_games,6799922.0,1970.0,2.0,2013.0
19095,3.0,6799922.0,FPX电子竞技俱乐部,0.9996300339698792,Q66126604,Culture.Internet_culture,6799922.0,1970.0,2.0,2013.0
19096,3.0,6799922.0,FPX电子竞技俱乐部,0.989681839942932,Q66126604,Culture.Media.Media*,6799922.0,1970.0,2.0,2013.0
19097,3.0,6799922.0,FPX电子竞技俱乐部,0.4925217499732971,Q66126604,Geography.Regions.Asia.East_Asia,6799922.0,1970.0,2.0,2013.0
19098,3.0,6799922.0,FPX电子竞技俱乐部,0.4486793746948242,Q66126604,Geography.Regions.Asia.Asia*,6799922.0,1970.0,2.0,2013.0
19099,13.0,6800697.0,香港中文大學衝突,0.998142421245575,Q74765170,Geography.Regions.Asia.East_Asia,6800697.0,9371.161020323556,3.0,2793.0
19100,13.0,6800697.0,香港中文大學衝突,0.994455099105835,Q74765170,Geography.Regions.Asia.Asia*,6800697.0,9371.161020323556,3.0,2793.0
19101,13.0,6800697.0,香港中文大學衝突,0.8175845146179199,Q74765170,History_and_Society.Politics_and_government,6800697.0,9371.161020323556,3.0,2793.0
19102,13.0,6800697.0,香港中文大學衝突,0.6791887283325195,Q74765170,History_and_Society.Society,6800697.0,9371.161020323556,3.0,2793.0
19103,1.0,6802239.0,暮白首,0.2942249774932861,Q85883490,STEM.STEM*,6802239.0,0.0,7.0,3745.0
19104,1.0,6802239.0,暮白首,0.0,Q85883490,Geography.Regions.Asia.Asia*,6802239.0,0.0,7.0,3745.0
19105,1.0,6802239.0,暮白首,0.0,Q85883490,Geography.Regions.Americas.North_America,6802239.0,0.0,7.0,3745.0
19106,1.0,6802239.0,暮白首,0.0,Q85883490,Geography.Regions.Europe.Europe*,6802239.0,0.0,7.0,3745.0
19107,13.0,6806360.0,香港理工大學衝突,0.9820237755775452,Q75443575,Geography.Regions.Asia.East_Asia,6806360.0,9218.02149600274,3.0,3138.0
19108,13.0,6806360.0,香港理工大學衝突,0.9770326614379884,Q75443575,Geography.Regions.Asia.Asia*,6806360.0,9218.02149600274,3.0,3138.0
19109,13.0,6806360.0,香港理工大學衝突,0.5234303474426271,Q75443575,History_and_Society.Society,6806360.0,9218.02149600274,3.0,3138.0
19110,13.0,6806360.0,香港理工大學衝突,0.3998216390609741,Q75443575,History_and_Society.Military_and_warfare,6806360.0,9218.02149600274,3.0,3138.0
19111,13.0,6806360.0,香港理工大學衝突,0.11921291798353195,Q75443575,History_and_Society.Politics_and_government,6806360.0,9218.02149600274,3.0,3138.0
19112,13.0,6806360.0,香港理工大學衝突,0.11280541121959685,Q75443575,Geography.Regions.Europe.Europe*,6806360.0,9218.02149600274,3.0,3138.0
19113,3.0,6812000.0,香港黑警,0.2942249774932861,Q25108614,STEM.STEM*,6812000.0,0.0,3.0,2559.0
19114,3.0,6812000.0,香港黑警,0.0,Q25108614,Geography.Regions.Asia.Asia*,6812000.0,0.0,3.0,2559.0
19115,3.0,6812000.0,香港黑警,0.0,Q25108614,Geography.Regions.Americas.North_America,6812000.0,0.0,3.0,2559.0
19116,3.0,6812000.0,香港黑警,0.0,Q25108614,Geography.Regions.Europe.Europe*,6812000.0,0.0,3.0,2559.0
19117,2.0,6813124.0,少年之名,0.8439050912857056,Q85879093,Culture.Media.Media*,6813124.0,8251.148499850959,2.0,3307.0
19118,2.0,6813124.0,少年之名,0.585111141204834,Q85879093,Culture.Biography.Women,6813124.0,8251.148499850959,2.0,3307.0
19119,2.0,6813124.0,少年之名,0.5621865391731262,Q85879093,Culture.Media.Music,6813124.0,8251.148499850959,2.0,3307.0
19120,2.0,6813124.0,少年之名,0.4610267877578736,Q85879093,Culture.Media.Television,6813124.0,8251.148499850959,2.0,3307.0
19121,2.0,6813124.0,少年之名,0.41490885615348816,Q85879093,Culture.Food_and_drink,6813124.0,8251.148499850959,2.0,3307.0
19122,2.0,6813124.0,少年之名,0.3629792034626007,Q85879093,Culture.Internet_culture,6813124.0,8251.148499850959,2.0,3307.0
19123,2.0,6813124.0,少年之名,0.270853506565094,Q85879093,Geography.Regions.Asia.East_Asia,6813124.0,8251.148499850959,2.0,3307.0
19124,2.0,6813124.0,少年之名,0.26285186409950256,Q85879093,History_and_Society.Business_and_economics,6813124.0,8251.148499850959,2.0,3307.0
19125,2.0,6813124.0,少年之名,0.2047950496673584,Q85879093,Geography.Regions.Asia.Asia*,6813124.0,8251.148499850959,2.0,3307.0
19126,2.0,6813124.0,少年之名,0.1824355274438858,Q85879093,History_and_Society.Society,6813124.0,8251.148499850959,2.0,3307.0
19127,2.0,6813124.0,少年之名,0.1778208613395691,Q85879093,Culture.Biography.Biography*,6813124.0,8251.148499850959,2.0,3307.0
19128,2.0,6813124.0,少年之名,0.14805719256401062,Q85879093,Culture.Visual_arts.Fashion,6813124.0,8251.148499850959,2.0,3307.0
19129,2.0,6813124.0,少年之名,0.13661839067935946,Q85879093,Culture.Visual_arts.Visual_arts*,6813124.0,8251.148499850959,2.0,3307.0
19130,2.0,6813124.0,少年之名,0.1067005917429924,Q85879093,Culture.Visual_arts.Architecture,6813124.0,8251.148499850959,2.0,3307.0
19131,9.0,6817982.0,王婉諭,1.0000100135803225,Q83570179,Culture.Biography.Biography*,6817982.0,4110.9787297387265,2.0,7846.0
19132,9.0,6817982.0,王婉諭,0.9841036200523376,Q83570179,History_and_Society.Society,6817982.0,4110.9787297387265,2.0,7846.0
19133,9.0,6817982.0,王婉諭,0.8519628047943115,Q83570179,Culture.Biography.Women,6817982.0,4110.9787297387265,2.0,7846.0
19134,9.0,6817982.0,王婉諭,0.43713401460647583,Q83570179,Geography.Regions.Asia.Asia*,6817982.0,4110.9787297387265,2.0,7846.0
19135,9.0,6817982.0,王婉諭,0.3624016513824463,Q83570179,Geography.Regions.Asia.East_Asia,6817982.0,4110.9787297387265,2.0,7846.0
19136,3.0,6820139.0,马来西亚妇女、家庭及社会发展部,0.3923468291759491,Q4294580,History_and_Society.Politics_and_government,6820139.0,7211.079843381496,0.0,1615.0
19137,3.0,6820139.0,马来西亚妇女、家庭及社会发展部,0.2869412174224853,Q4294580,Geography.Regions.Asia.Asia*,6820139.0,7211.079843381496,0.0,1615.0
19138,3.0,6820139.0,马来西亚妇女、家庭及社会发展部,0.037993239402771,Q4294580,Geography.Regions.Asia.Southeast_Asia,6820139.0,7211.079843381496,0.0,1615.0
19139,13.0,6820345.0,天才衝衝衝節目列表 (2020年),0.2942249774932861,Q86727723,STEM.STEM*,6820345.0,28621.584781920286,4.0,3488.0
19140,13.0,6820345.0,天才衝衝衝節目列表 (2020年),0.0,Q86727723,Geography.Regions.Asia.Asia*,6820345.0,28621.584781920286,4.0,3488.0
19141,13.0,6820345.0,天才衝衝衝節目列表 (2020年),0.0,Q86727723,Geography.Regions.Americas.North_America,6820345.0,28621.584781920286,4.0,3488.0
19142,13.0,6820345.0,天才衝衝衝節目列表 (2020年),0.0,Q86727723,Geography.Regions.Europe.Europe*,6820345.0,28621.584781920286,4.0,3488.0
19143,7.0,6823296.0,呂道南,0.9808859825134276,Q78123425,Culture.Biography.Biography*,6823296.0,5248.500000000182,11.0,6384.0
19144,7.0,6823296.0,呂道南,0.2069040536880493,Q78123425,Culture.Philosophy_and_religion,6823296.0,5248.500000000182,11.0,6384.0
19145,7.0,6823296.0,呂道南,0.20182321965694427,Q78123425,STEM.STEM*,6823296.0,5248.500000000182,11.0,6384.0
19146,7.0,6823296.0,呂道南,0.15611489117145538,Q78123425,STEM.Medicine_&_Health,6823296.0,5248.500000000182,11.0,6384.0
19147,7.0,6823296.0,呂道南,0.13604079389572146,Q78123425,Geography.Regions.Europe.Southern_Europe,6823296.0,5248.500000000182,11.0,6384.0
19148,7.0,6823296.0,呂道南,0.0,Q78123425,Geography.Regions.Europe.Europe*,6823296.0,5248.500000000182,11.0,6384.0
19149,1.0,6824664.0,任敏,0.9965265989303588,Q78123456,Culture.Biography.Biography*,6824664.0,0.0,7.0,4310.0
19150,1.0,6824664.0,任敏,0.6370407938957214,Q78123456,Culture.Biography.Women,6824664.0,0.0,7.0,4310.0
19151,1.0,6824664.0,任敏,0.5312193632125854,Q78123456,History_and_Society.Society,6824664.0,0.0,7.0,4310.0
19152,1.0,6824664.0,任敏,0.0,Q78123456,Geography.Regions.Asia.Asia*,6824664.0,0.0,7.0,4310.0
19153,1.0,6824664.0,任敏,0.0,Q78123456,Geography.Regions.Asia.East_Asia,6824664.0,0.0,7.0,4310.0
19154,5.0,6825342.0,柏德琳,0.9777238368988036,Q78123538,Culture.Biography.Biography*,6825342.0,0.0,11.0,1117.0
19155,5.0,6825342.0,柏德琳,0.1713417043685913,Q78123538,Geography.Regions.Europe.Southern_Europe,6825342.0,0.0,11.0,1117.0
19156,5.0,6825342.0,柏德琳,0.13661839067935946,Q78123538,STEM.Medicine_&_Health,6825342.0,0.0,11.0,1117.0
19157,5.0,6825342.0,柏德琳,0.11280541121959685,Q78123538,STEM.STEM*,6825342.0,0.0,11.0,1117.0
19158,5.0,6825342.0,柏德琳,0.0,Q78123538,Geography.Regions.Europe.Europe*,6825342.0,0.0,11.0,1117.0
19159,4.0,6831073.0,红八月,0.2942249774932861,Q79546163,STEM.STEM*,6831073.0,514.2837856589282,1.0,1838.0
19160,4.0,6831073.0,红八月,0.0,Q79546163,Geography.Regions.Asia.Asia*,6831073.0,514.2837856589282,1.0,1838.0
19161,4.0,6831073.0,红八月,0.0,Q79546163,Geography.Regions.Americas.North_America,6831073.0,514.2837856589282,1.0,1838.0
19162,4.0,6831073.0,红八月,0.0,Q79546163,Geography.Regions.Europe.Europe*,6831073.0,514.2837856589282,1.0,1838.0
19163,9.0,6833036.0,2020年華語電影列表,0.2942249774932861,Q85872428,STEM.STEM*,6833036.0,17541.11766417151,12.0,2535.0
19164,9.0,6833036.0,2020年華語電影列表,0.0,Q85872428,Geography.Regions.Asia.Asia*,6833036.0,17541.11766417151,12.0,2535.0
19165,9.0,6833036.0,2020年華語電影列表,0.0,Q85872428,Geography.Regions.Americas.North_America,6833036.0,17541.11766417151,12.0,2535.0
19166,9.0,6833036.0,2020年華語電影列表,0.0,Q85872428,Geography.Regions.Europe.Europe*,6833036.0,17541.11766417151,12.0,2535.0
19167,1.0,6834317.0,Xbox Series X,0.9648651480674744,Q64513817,Culture.Media.Media*,6834317.0,0.0,13.0,2511.0
19168,1.0,6834317.0,Xbox Series X,0.952584147453308,Q64513817,STEM.STEM*,6834317.0,0.0,13.0,2511.0
19169,1.0,6834317.0,Xbox Series X,0.9046605229377748,Q64513817,Culture.Internet_culture,6834317.0,0.0,13.0,2511.0
19170,1.0,6834317.0,Xbox Series X,0.7122421860694885,Q64513817,STEM.Computing,6834317.0,0.0,13.0,2511.0
19171,1.0,6834317.0,Xbox Series X,0.6076731681823729,Q64513817,Culture.Media.Video_games,6834317.0,0.0,13.0,2511.0
19172,1.0,6834317.0,Xbox Series X,0.5621865391731262,Q64513817,STEM.Technology,6834317.0,0.0,13.0,2511.0
19173,1.0,6834317.0,Xbox Series X,0.2069040536880493,Q64513817,Culture.Media.Software,6834317.0,0.0,13.0,2511.0
19174,2.0,6834554.0,蔣旻正,0.8221991658210754,Q85884057,Culture.Biography.Biography*,6834554.0,3999.815837624331,3.0,1357.0
19175,2.0,6834554.0,蔣旻正,0.0,Q85884057,Geography.Regions.Asia.Asia*,6834554.0,3999.815837624331,3.0,1357.0
19176,2.0,6834554.0,蔣旻正,0.0,Q85884057,Geography.Regions.Asia.South_Asia,6834554.0,3999.815837624331,3.0,1357.0
19177,2.0,6834554.0,蔣旻正,0.0,Q85884057,Geography.Regions.Europe.Europe*,6834554.0,3999.815837624331,3.0,1357.0
19178,3.0,6834832.0,美味的廣場,0.8740872144699097,Q78319588,Culture.Media.Television,6834832.0,3792.8655681989912,0.0,3373.0
19179,3.0,6834832.0,美味的廣場,0.7371681928634644,Q78319588,Culture.Media.Media*,6834832.0,3792.8655681989912,0.0,3373.0
19180,3.0,6834832.0,美味的廣場,0.4738311638832092,Q78319588,Geography.Regions.Asia.East_Asia,6834832.0,3792.8655681989912,0.0,3373.0
19181,3.0,6834832.0,美味的廣場,0.3862146010398865,Q78319588,Geography.Regions.Asia.Asia*,6834832.0,3792.8655681989912,0.0,3373.0
19182,2.0,6834893.0,寻路中国,0.2942249774932861,Q78496966,STEM.STEM*,6834893.0,3942.0,10.0,1420.0
19183,2.0,6834893.0,寻路中国,0.0,Q78496966,Geography.Regions.Asia.Asia*,6834893.0,3942.0,10.0,1420.0
19184,2.0,6834893.0,寻路中国,0.0,Q78496966,Geography.Regions.Americas.North_America,6834893.0,3942.0,10.0,1420.0
19185,2.0,6834893.0,寻路中国,0.0,Q78496966,Geography.Regions.Europe.Europe*,6834893.0,3942.0,10.0,1420.0
19186,1.0,6838171.0,潘兆初,0.8221991658210754,Q85882179,Culture.Biography.Biography*,6838171.0,0.0,3.0,1217.0
19187,1.0,6838171.0,潘兆初,0.0,Q85882179,Geography.Regions.Asia.Asia*,6838171.0,0.0,3.0,1217.0
19188,1.0,6838171.0,潘兆初,0.0,Q85882179,Geography.Regions.Asia.South_Asia,6838171.0,0.0,3.0,1217.0
19189,1.0,6838171.0,潘兆初,0.0,Q85882179,Geography.Regions.Europe.Europe*,6838171.0,0.0,3.0,1217.0
19190,3.0,6840853.0,了不起的长城,0.9706977605819702,Q80635222,Culture.Media.Media*,6840853.0,4369.544087968001,7.0,3871.0
19191,3.0,6840853.0,了不起的长城,0.6723417043685913,Q80635222,Culture.Media.Television,6840853.0,4369.544087968001,7.0,3871.0
19192,3.0,6840853.0,了不起的长城,0.23006861114501956,Q80635222,Geography.Regions.Asia.East_Asia,6840853.0,4369.544087968001,7.0,3871.0
19193,3.0,6840853.0,了不起的长城,0.21760438585281366,Q80635222,Geography.Regions.Asia.Asia*,6840853.0,4369.544087968001,7.0,3871.0
19194,2.0,6843834.0,安枝瞳,0.9859463572502136,Q11450856,Culture.Biography.Biography*,6843834.0,3156.0995851613625,8.0,1535.0
19195,2.0,6843834.0,安枝瞳,0.5000100135803223,Q11450856,Culture.Biography.Women,6843834.0,3156.0995851613625,8.0,1535.0
19196,2.0,6843834.0,安枝瞳,0.0,Q11450856,Geography.Regions.Asia.Asia*,6843834.0,3156.0995851613625,8.0,1535.0
19197,2.0,6843834.0,安枝瞳,0.0,Q11450856,Geography.Regions.Asia.East_Asia,6843834.0,3156.0995851613625,8.0,1535.0
19198,1.0,6846233.0,粉紅色時光,0.2942249774932861,Q85883340,STEM.STEM*,6846233.0,0.0,12.0,2390.0
19199,1.0,6846233.0,粉紅色時光,0.0,Q85883340,Geography.Regions.Asia.Asia*,6846233.0,0.0,12.0,2390.0
19200,1.0,6846233.0,粉紅色時光,0.0,Q85883340,Geography.Regions.Americas.North_America,6846233.0,0.0,12.0,2390.0
19201,1.0,6846233.0,粉紅色時光,0.0,Q85883340,Geography.Regions.Europe.Europe*,6846233.0,0.0,12.0,2390.0
19202,10.0,6850534.0,声临其境 (第三季),0.966924011707306,Q79784318,Culture.Media.Television,6850534.0,17077.752680194142,12.0,2765.0
19203,10.0,6850534.0,声临其境 (第三季),0.946606695652008,Q79784318,Culture.Media.Media*,6850534.0,17077.752680194142,12.0,2765.0
19204,10.0,6850534.0,声临其境 (第三季),0.23006861114501956,Q79784318,Geography.Regions.Asia.Asia*,6850534.0,17077.752680194142,12.0,2765.0
19205,10.0,6850534.0,声临其境 (第三季),0.1713417043685913,Q79784318,Geography.Regions.Asia.East_Asia,6850534.0,17077.752680194142,12.0,2765.0
19206,2.0,6857278.0,愛情差錯腳,0.9976868629455566,Q750117,Culture.Media.Films,6857278.0,0.0,6.0,666.0
19207,2.0,6857278.0,愛情差錯腳,0.9969346523284912,Q750117,Culture.Media.Media*,6857278.0,0.0,6.0,666.0
19208,2.0,6857278.0,愛情差錯腳,0.1259327530860901,Q750117,Culture.Media.Entertainment,6857278.0,0.0,6.0,666.0
19209,2.0,6857278.0,愛情差錯腳,0.0,Q750117,Geography.Regions.Americas.North_America,6857278.0,0.0,6.0,666.0
19210,3.0,6857568.0,高明駿,0.8221991658210754,Q85885383,Culture.Biography.Biography*,6857568.0,614.860805098191,4.0,2294.0
19211,3.0,6857568.0,高明駿,0.0,Q85885383,Geography.Regions.Asia.Asia*,6857568.0,614.860805098191,4.0,2294.0
19212,3.0,6857568.0,高明駿,0.0,Q85885383,Geography.Regions.Asia.South_Asia,6857568.0,614.860805098191,4.0,2294.0
19213,3.0,6857568.0,高明駿,0.0,Q85885383,Geography.Regions.Europe.Europe*,6857568.0,614.860805098191,4.0,2294.0
19214,2.0,6860580.0,别惹猫咪：追捕虐猫者,0.9615437984466552,Q80546046,Culture.Media.Media*,6860580.0,0.0,10.0,2510.0
19215,2.0,6860580.0,别惹猫咪：追捕虐猫者,0.7931159734725952,Q80546046,Culture.Media.Television,6860580.0,0.0,10.0,2510.0
19216,2.0,6860580.0,别惹猫咪：追捕虐猫者,0.0,Q80546046,Geography.Regions.Americas.North_America,6860580.0,0.0,10.0,2510.0
19217,6.0,6861443.0,2020年中華民國空軍UH-60M黑鷹直升機墜毀事故,0.9841036200523376,Q80649403,STEM.Engineering,6861443.0,10150.310320693145,5.0,4130.0
19218,6.0,6861443.0,2020年中華民國空軍UH-60M黑鷹直升機墜毀事故,0.9763205647468568,Q80649403,STEM.STEM*,6861443.0,10150.310320693145,5.0,4130.0
19219,6.0,6861443.0,2020年中華民國空軍UH-60M黑鷹直升機墜毀事故,0.974052667617798,Q80649403,History_and_Society.Transportation,6861443.0,10150.310320693145,5.0,4130.0
19220,6.0,6861443.0,2020年中華民國空軍UH-60M黑鷹直升機墜毀事故,0.952584147453308,Q80649403,Geography.Regions.Asia.Asia*,6861443.0,10150.310320693145,5.0,4130.0
19221,6.0,6861443.0,2020年中華民國空軍UH-60M黑鷹直升機墜毀事故,0.946606695652008,Q80649403,Culture.Biography.Biography*,6861443.0,10150.310320693145,5.0,4130.0
19222,6.0,6861443.0,2020年中華民國空軍UH-60M黑鷹直升機墜毀事故,0.9416641592979432,Q80649403,Geography.Regions.Asia.East_Asia,6861443.0,10150.310320693145,5.0,4130.0
19223,6.0,6861443.0,2020年中華民國空軍UH-60M黑鷹直升機墜毀事故,0.9073222279548644,Q80649403,History_and_Society.Society,6861443.0,10150.310320693145,5.0,4130.0
19224,6.0,6861443.0,2020年中華民國空軍UH-60M黑鷹直升機墜毀事故,0.4688006341457367,Q80649403,History_and_Society.Politics_and_government,6861443.0,10150.310320693145,5.0,4130.0
19225,6.0,6861443.0,2020年中華民國空軍UH-60M黑鷹直升機墜毀事故,0.3998216390609741,Q80649403,History_and_Society.Military_and_warfare,6861443.0,10150.310320693145,5.0,4130.0
19226,9.0,6871589.0,林楚茵,1.0000100135803225,Q85881335,Culture.Biography.Biography*,6871589.0,2805.91674094264,2.0,2457.0
19227,9.0,6871589.0,林楚茵,0.9993221759796144,Q85881335,History_and_Society.Society,6871589.0,2805.91674094264,2.0,2457.0
19228,9.0,6871589.0,林楚茵,0.9362950325012208,Q85881335,Culture.Biography.Women,6871589.0,2805.91674094264,2.0,2457.0
19229,9.0,6871589.0,林楚茵,0.4909480085372925,Q85881335,Geography.Regions.Asia.East_Asia,6871589.0,2805.91674094264,2.0,2457.0
19230,9.0,6871589.0,林楚茵,0.4857871999740601,Q85881335,Geography.Regions.Asia.Asia*,6871589.0,2805.91674094264,2.0,2457.0
19231,14.0,6871809.0,溫玉霞,1.0000100135803225,Q85882126,Culture.Biography.Biography*,6871809.0,9412.048807122164,2.0,1035.0
19232,14.0,6871809.0,溫玉霞,0.9996055364608764,Q85882126,History_and_Society.Society,6871809.0,9412.048807122164,2.0,1035.0
19233,14.0,6871809.0,溫玉霞,0.9748311638832092,Q85882126,Culture.Biography.Women,6871809.0,9412.048807122164,2.0,1035.0
19234,14.0,6871809.0,溫玉霞,0.4918885698318482,Q85882126,Geography.Regions.Asia.East_Asia,6871809.0,9412.048807122164,2.0,1035.0
19235,14.0,6871809.0,溫玉霞,0.4804634323120117,Q85882126,Geography.Regions.Asia.Asia*,6871809.0,9412.048807122164,2.0,1035.0
19236,3.0,6873867.0,何塞·德·保拉,1.0000100135803225,Q18817829,Culture.Sports,6873867.0,300.27187368110293,4.0,733.0
19237,3.0,6873867.0,何塞·德·保拉,1.0000100135803225,Q18817829,Culture.Biography.Biography*,6873867.0,300.27187368110293,4.0,733.0
19238,3.0,6873867.0,何塞·德·保拉,0.0,Q18817829,Geography.Regions.Americas.Central_America,6873867.0,300.27187368110293,4.0,733.0
19239,4.0,6877047.0,吳怡玎,1.0000100135803225,Q85877352,Culture.Biography.Biography*,6877047.0,4037.633580905424,2.0,2037.0
19240,4.0,6877047.0,吳怡玎,0.9996530413627625,Q85877352,History_and_Society.Society,6877047.0,4037.633580905424,2.0,2037.0
19241,4.0,6877047.0,吳怡玎,0.967909336090088,Q85877352,Culture.Biography.Women,6877047.0,4037.633580905424,2.0,2037.0
19242,4.0,6877047.0,吳怡玎,0.4911941161155701,Q85877352,Geography.Regions.Asia.East_Asia,6877047.0,4037.633580905424,2.0,2037.0
19243,4.0,6877047.0,吳怡玎,0.4880230894088745,Q85877352,Geography.Regions.Asia.Asia*,6877047.0,4037.633580905424,2.0,2037.0
19244,6.0,6877924.0,2020年神秘音樂秀：蒙面歌王節目列表,0.2942249774932861,Q86729090,STEM.STEM*,6877924.0,6071.355968926147,0.0,2785.0
19245,6.0,6877924.0,2020年神秘音樂秀：蒙面歌王節目列表,0.0,Q86729090,Geography.Regions.Asia.Asia*,6877924.0,6071.355968926147,0.0,2785.0
19246,6.0,6877924.0,2020年神秘音樂秀：蒙面歌王節目列表,0.0,Q86729090,Geography.Regions.Americas.North_America,6877924.0,6071.355968926147,0.0,2785.0
19247,6.0,6877924.0,2020年神秘音樂秀：蒙面歌王節目列表,0.0,Q86729090,Geography.Regions.Europe.Europe*,6877924.0,6071.355968926147,0.0,2785.0
19248,2.0,6879059.0,馬惜如,0.9763205647468568,Q85885329,Culture.Biography.Biography*,6879059.0,257.3723984855564,3.0,2026.0
19249,2.0,6879059.0,馬惜如,0.0,Q85885329,Geography.Regions.Asia.Asia*,6879059.0,257.3723984855564,3.0,2026.0
19250,2.0,6879059.0,馬惜如,0.0,Q85885329,Geography.Regions.Europe.Europe*,6879059.0,257.3723984855564,3.0,2026.0
19251,2.0,6879059.0,馬惜如,0.0,Q85885329,Geography.Regions.Asia.South_Asia,6879059.0,257.3723984855564,3.0,2026.0
19252,2.0,6879059.0,馬惜如,0.0,Q85885329,Geography.Regions.Americas.North_America,6879059.0,257.3723984855564,3.0,2026.0
19253,2.0,6879059.0,馬惜如,0.0,Q85885329,Geography.Regions.Asia.East_Asia,6879059.0,257.3723984855564,3.0,2026.0
19254,3.0,6879491.0,数码宝贝大冒险：角色列表,0.2942249774932861,Q85880320,STEM.STEM*,6879491.0,4601.828297831643,14.0,4644.0
19255,3.0,6879491.0,数码宝贝大冒险：角色列表,0.0,Q85880320,Geography.Regions.Asia.Asia*,6879491.0,4601.828297831643,14.0,4644.0
19256,3.0,6879491.0,数码宝贝大冒险：角色列表,0.0,Q85880320,Geography.Regions.Americas.North_America,6879491.0,4601.828297831643,14.0,4644.0
19257,3.0,6879491.0,数码宝贝大冒险：角色列表,0.0,Q85880320,Geography.Regions.Europe.Europe*,6879491.0,4601.828297831643,14.0,4644.0
19258,2.0,6883383.0,不可能的任務7,0.9820237755775452,Q61876370,Culture.Media.Media*,6883383.0,171.8036601196055,6.0,2650.0
19259,2.0,6883383.0,不可能的任務7,0.9496793746948242,Q61876370,Culture.Media.Films,6883383.0,171.8036601196055,6.0,2650.0
19260,2.0,6883383.0,不可能的任務7,0.0,Q61876370,Geography.Regions.Americas.North_America,6883383.0,171.8036601196055,6.0,2650.0
19261,5.0,6883556.0,阿尔蒂 (漫画),1.0000100135803225,Q48746809,Culture.Visual_arts.Comics_and_Anime,6883556.0,9805.393541180727,13.0,23240.0
19262,5.0,6883556.0,阿尔蒂 (漫画),0.9994397163391112,Q48746809,Culture.Visual_arts.Visual_arts*,6883556.0,9805.393541180727,13.0,23240.0
19263,5.0,6883556.0,阿尔蒂 (漫画),0.9987257122993468,Q48746809,Culture.Literature,6883556.0,9805.393541180727,13.0,23240.0
19264,6.0,6885109.0,曲羿,0.9859463572502136,Q85880655,Culture.Biography.Biography*,6885109.0,3770.4888418996647,4.0,3150.0
19265,6.0,6885109.0,曲羿,0.287777841091156,Q85880655,Culture.Biography.Women,6885109.0,3770.4888418996647,4.0,3150.0
19266,6.0,6885109.0,曲羿,0.1778208613395691,Q85880655,History_and_Society.History,6885109.0,3770.4888418996647,4.0,3150.0
19267,6.0,6885109.0,曲羿,0.0,Q85880655,Geography.Regions.Asia.Asia*,6885109.0,3770.4888418996647,4.0,3150.0
19268,1.0,6887576.0,布兰登·蒂纳,0.9951046109199524,Q505335,Culture.Biography.Biography*,6887576.0,0.0,2.0,987.0
19269,1.0,6887576.0,布兰登·蒂纳,0.585111141204834,Q505335,History_and_Society.Society,6887576.0,0.0,2.0,987.0
19270,1.0,6887576.0,布兰登·蒂纳,0.11280541121959685,Q505335,Culture.Philosophy_and_religion,6887576.0,0.0,2.0,987.0
19271,1.0,6887576.0,布兰登·蒂纳,0.037993239402771,Q505335,Geography.Regions.Americas.North_America,6887576.0,0.0,2.0,987.0
19272,12.0,6893797.0,2019冠狀病毒病中國大陸病例數據,0.6370407938957214,Q87800157,STEM.STEM*,6893797.0,14336.751746891843,3.0,1924.0
19273,12.0,6893797.0,2019冠狀病毒病中國大陸病例數據,0.11921291798353195,Q87800157,STEM.Medicine_&_Health,6893797.0,14336.751746891843,3.0,1924.0
19274,12.0,6893797.0,2019冠狀病毒病中國大陸病例數據,0.10088862478733064,Q87800157,STEM.Computing,6893797.0,14336.751746891843,3.0,1924.0
19275,2.0,6895525.0,原钻,0.9919480085372924,Q56312570,Culture.Media.Media*,6895525.0,21836.25487012729,17.0,2537.0
19276,2.0,6895525.0,原钻,0.9777238368988036,Q56312570,Culture.Media.Films,6895525.0,21836.25487012729,17.0,2537.0
19277,2.0,6895525.0,原钻,0.0,Q56312570,Geography.Regions.Americas.North_America,6895525.0,21836.25487012729,17.0,2537.0
19278,1.0,6898445.0,劉一峰 (神父),0.9219318628311156,Q85876224,Culture.Biography.Biography*,6898445.0,0.0,11.0,2884.0
19279,1.0,6898445.0,劉一峰 (神父),0.6442351341247559,Q85876224,Culture.Philosophy_and_religion,6898445.0,0.0,11.0,2884.0
19280,1.0,6898445.0,劉一峰 (神父),0.14415885508060455,Q85876224,Culture.Biography.Women,6898445.0,0.0,11.0,2884.0
19281,1.0,6898445.0,劉一峰 (神父),0.14415885508060455,Q85876224,History_and_Society.History,6898445.0,0.0,11.0,2884.0
19282,1.0,6898445.0,劉一峰 (神父),0.0,Q85876224,Geography.Regions.Europe.Europe*,6898445.0,0.0,11.0,2884.0
19283,1.0,6898445.0,劉一峰 (神父),0.0,Q85876224,Geography.Regions.Americas.North_America,6898445.0,0.0,11.0,2884.0
19284,1.0,6898445.0,劉一峰 (神父),0.0,Q85876224,Geography.Regions.Europe.Southern_Europe,6898445.0,0.0,11.0,2884.0
19285,3.0,6901489.0,我的婆婆怎麼那麼可愛,0.2942249774932861,Q85880175,STEM.STEM*,6901489.0,3050.251802102774,4.0,3855.0
19286,3.0,6901489.0,我的婆婆怎麼那麼可愛,0.0,Q85880175,Geography.Regions.Asia.Asia*,6901489.0,3050.251802102774,4.0,3855.0
19287,3.0,6901489.0,我的婆婆怎麼那麼可愛,0.0,Q85880175,Geography.Regions.Americas.North_America,6901489.0,3050.251802102774,4.0,3855.0
19288,3.0,6901489.0,我的婆婆怎麼那麼可愛,0.0,Q85880175,Geography.Regions.Europe.Europe*,6901489.0,3050.251802102774,4.0,3855.0
19289,4.0,6901767.0,2019冠狀病毒病湖北省疫情相關執法爭議,0.2942249774932861,Q97351279,STEM.STEM*,6901767.0,3695.851612709632,3.0,1935.0
19290,4.0,6901767.0,2019冠狀病毒病湖北省疫情相關執法爭議,0.0,Q97351279,Geography.Regions.Asia.Asia*,6901767.0,3695.851612709632,3.0,1935.0
19291,4.0,6901767.0,2019冠狀病毒病湖北省疫情相關執法爭議,0.0,Q97351279,Geography.Regions.Americas.North_America,6901767.0,3695.851612709632,3.0,1935.0
19292,4.0,6901767.0,2019冠狀病毒病湖北省疫情相關執法爭議,0.0,Q97351279,Geography.Regions.Europe.Europe*,6901767.0,3695.851612709632,3.0,1935.0
19293,4.0,6903682.0,林倪亘,0.9859463572502136,Q85881284,Culture.Biography.Biography*,6903682.0,771.8410422996509,4.0,2523.0
19294,4.0,6903682.0,林倪亘,0.287777841091156,Q85881284,Culture.Biography.Women,6903682.0,771.8410422996509,4.0,2523.0
19295,4.0,6903682.0,林倪亘,0.1778208613395691,Q85881284,History_and_Society.History,6903682.0,771.8410422996509,4.0,2523.0
19296,4.0,6903682.0,林倪亘,0.0,Q85881284,Geography.Regions.Asia.Asia*,6903682.0,771.8410422996509,4.0,2523.0
19297,18.0,6905214.0,2019冠狀病毒病香港疫情相關爭議,0.2942249774932861,Q85872070,STEM.STEM*,6905214.0,21861.026164471168,3.0,3123.0
19298,18.0,6905214.0,2019冠狀病毒病香港疫情相關爭議,0.0,Q85872070,Geography.Regions.Asia.Asia*,6905214.0,21861.026164471168,3.0,3123.0
19299,18.0,6905214.0,2019冠狀病毒病香港疫情相關爭議,0.0,Q85872070,Geography.Regions.Americas.North_America,6905214.0,21861.026164471168,3.0,3123.0
19300,18.0,6905214.0,2019冠狀病毒病香港疫情相關爭議,0.0,Q85872070,Geography.Regions.Europe.Europe*,6905214.0,21861.026164471168,3.0,3123.0
19301,4.0,6907980.0,周深媒体作品列表,0.2942249774932861,Q97351251,STEM.STEM*,6907980.0,1497.1217742434744,7.0,0.0
19302,4.0,6907980.0,周深媒体作品列表,0.0,Q97351251,Geography.Regions.Asia.Asia*,6907980.0,1497.1217742434744,7.0,0.0
19303,4.0,6907980.0,周深媒体作品列表,0.0,Q97351251,Geography.Regions.Americas.North_America,6907980.0,1497.1217742434744,7.0,0.0
19304,4.0,6907980.0,周深媒体作品列表,0.0,Q97351251,Geography.Regions.Europe.Europe*,6907980.0,1497.1217742434744,7.0,0.0
19305,2.0,6908937.0,岸邊露伴一動也不動,1.0000100135803225,Q11476023,Culture.Visual_arts.Visual_arts*,6908937.0,581.4124214498505,13.0,5984.0
19306,2.0,6908937.0,岸邊露伴一動也不動,1.0000100135803225,Q11476023,Culture.Literature,6908937.0,581.4124214498505,13.0,5984.0
19307,2.0,6908937.0,岸邊露伴一動也不動,1.0000100135803225,Q11476023,Culture.Visual_arts.Comics_and_Anime,6908937.0,581.4124214498505,13.0,5984.0
19308,3.0,6909145.0,鄒沐妍,0.9859463572502136,Q85884815,Culture.Biography.Biography*,6909145.0,0.0,4.0,2268.0
19309,3.0,6909145.0,鄒沐妍,0.287777841091156,Q85884815,Culture.Biography.Women,6909145.0,0.0,4.0,2268.0
19310,3.0,6909145.0,鄒沐妍,0.1778208613395691,Q85884815,History_and_Society.History,6909145.0,0.0,4.0,2268.0
19311,3.0,6909145.0,鄒沐妍,0.0,Q85884815,Geography.Regions.Asia.Asia*,6909145.0,0.0,4.0,2268.0
19312,3.0,6912540.0,李傲然,0.8221991658210754,Q85880914,Culture.Biography.Biography*,6912540.0,2160.5470327221333,12.0,2500.0
19313,3.0,6912540.0,李傲然,0.0,Q85880914,Geography.Regions.Asia.Asia*,6912540.0,2160.5470327221333,12.0,2500.0
19314,3.0,6912540.0,李傲然,0.0,Q85880914,Geography.Regions.Asia.South_Asia,6912540.0,2160.5470327221333,12.0,2500.0
19315,3.0,6912540.0,李傲然,0.0,Q85880914,Geography.Regions.Europe.Europe*,6912540.0,2160.5470327221333,12.0,2500.0
19316,5.0,6913358.0,危宏平,0.9875783920288086,Q57878812,Culture.Biography.Biography*,6913358.0,0.0,3.0,988.0
19317,5.0,6913358.0,危宏平,0.546748161315918,Q57878812,STEM.STEM*,6913358.0,0.0,3.0,988.0
19318,5.0,6913358.0,危宏平,0.41490885615348816,Q57878812,Culture.Biography.Women,6913358.0,0.0,3.0,988.0
19319,5.0,6913358.0,危宏平,0.3276783227920532,Q57878812,STEM.Medicine_&_Health,6913358.0,0.0,3.0,988.0
19320,1.0,6919308.0,墓坑鳥,0.2942249774932861,Q85878012,STEM.STEM*,6919308.0,0.0,4.0,2270.0
19321,1.0,6919308.0,墓坑鳥,0.0,Q85878012,Geography.Regions.Asia.Asia*,6919308.0,0.0,4.0,2270.0
19322,1.0,6919308.0,墓坑鳥,0.0,Q85878012,Geography.Regions.Americas.North_America,6919308.0,0.0,4.0,2270.0
19323,1.0,6919308.0,墓坑鳥,0.0,Q85878012,Geography.Regions.Europe.Europe*,6919308.0,0.0,4.0,2270.0
19324,1.0,6925038.0,大鬧廣昌隆 (電影),0.2942249774932861,Q97351162,STEM.STEM*,6925038.0,0.0,12.0,774.0
19325,1.0,6925038.0,大鬧廣昌隆 (電影),0.0,Q97351162,Geography.Regions.Asia.Asia*,6925038.0,0.0,12.0,774.0
19326,1.0,6925038.0,大鬧廣昌隆 (電影),0.0,Q97351162,Geography.Regions.Americas.North_America,6925038.0,0.0,12.0,774.0
19327,1.0,6925038.0,大鬧廣昌隆 (電影),0.0,Q97351162,Geography.Regions.Europe.Europe*,6925038.0,0.0,12.0,774.0
19328,3.0,6925260.0,熙琳,0.2942249774932861,Q86464854,STEM.STEM*,6925260.0,4479.457819779341,12.0,2214.0
19329,3.0,6925260.0,熙琳,0.0,Q86464854,Geography.Regions.Asia.Asia*,6925260.0,4479.457819779341,12.0,2214.0
19330,3.0,6925260.0,熙琳,0.0,Q86464854,Geography.Regions.Americas.North_America,6925260.0,4479.457819779341,12.0,2214.0
19331,3.0,6925260.0,熙琳,0.0,Q86464854,Geography.Regions.Europe.Europe*,6925260.0,4479.457819779341,12.0,2214.0
19332,4.0,6925712.0,民生黨,0.9790457487106324,Q86221543,History_and_Society.Politics_and_government,6925712.0,85.50675780766251,0.0,885.0
19333,4.0,6925712.0,民生黨,0.14323513412475586,Q86221543,Geography.Regions.Asia.East_Asia,6925712.0,85.50675780766251,0.0,885.0
19334,4.0,6925712.0,民生黨,0.006821857929229736,Q86221543,Geography.Regions.Asia.Asia*,6925712.0,85.50675780766251,0.0,885.0
19335,2.0,6927163.0,舞出寂靜,0.2942249774932861,Q86731629,STEM.STEM*,6927163.0,72.65357362542038,4.0,991.0
19336,2.0,6927163.0,舞出寂靜,0.0,Q86731629,Geography.Regions.Asia.Asia*,6927163.0,72.65357362542038,4.0,991.0
19337,2.0,6927163.0,舞出寂靜,0.0,Q86731629,Geography.Regions.Americas.North_America,6927163.0,72.65357362542038,4.0,991.0
19338,2.0,6927163.0,舞出寂靜,0.0,Q86731629,Geography.Regions.Europe.Europe*,6927163.0,72.65357362542038,4.0,991.0
19339,1.0,6927820.0,美少女日本民宿,0.2942249774932861,Q86492711,STEM.STEM*,6927820.0,0.0,12.0,1068.0
19340,1.0,6927820.0,美少女日本民宿,0.0,Q86492711,Geography.Regions.Asia.Asia*,6927820.0,0.0,12.0,1068.0
19341,1.0,6927820.0,美少女日本民宿,0.0,Q86492711,Geography.Regions.Americas.North_America,6927820.0,0.0,12.0,1068.0
19342,1.0,6927820.0,美少女日本民宿,0.0,Q86492711,Geography.Regions.Europe.Europe*,6927820.0,0.0,12.0,1068.0
19343,3.0,6929756.0,夢夢貓,1.0000100135803225,Q85874146,Culture.Visual_arts.Visual_arts*,6929756.0,3665.890825626893,13.0,2729.0
19344,3.0,6929756.0,夢夢貓,1.0000100135803225,Q85874146,Culture.Visual_arts.Comics_and_Anime,6929756.0,3665.890825626893,13.0,2729.0
19345,3.0,6929756.0,夢夢貓,1.0000100135803225,Q85874146,Culture.Literature,6929756.0,3665.890825626893,13.0,2729.0
19346,3.0,6929756.0,夢夢貓,0.41490885615348816,Q85874146,Culture.Media.Media*,6929756.0,3665.890825626893,13.0,2729.0
19347,3.0,6929756.0,夢夢貓,0.275139719247818,Q85874146,Culture.Media.Video_games,6929756.0,3665.890825626893,13.0,2729.0
19348,3.0,6929756.0,夢夢貓,0.23371636867523196,Q85874146,Culture.Internet_culture,6929756.0,3665.890825626893,13.0,2729.0
19349,3.0,6929756.0,夢夢貓,0.14415885508060455,Q85874146,Culture.Media.Films,6929756.0,3665.890825626893,13.0,2729.0
19350,7.0,6931247.0,大國戰「疫」——2020中國阻擊新冠肺炎疫情進行中,0.7606606483459473,Q86732500,Culture.Literature,6931247.0,4624.13297600307,3.0,0.0
19351,7.0,6931247.0,大國戰「疫」——2020中國阻擊新冠肺炎疫情進行中,0.6370407938957214,Q86732500,Culture.Media.Books,6931247.0,4624.13297600307,3.0,0.0
19352,7.0,6931247.0,大國戰「疫」——2020中國阻擊新冠肺炎疫情進行中,0.4378334879875183,Q86732500,Culture.Visual_arts.Visual_arts*,6931247.0,4624.13297600307,3.0,0.0
19353,7.0,6931247.0,大國戰「疫」——2020中國阻擊新冠肺炎疫情進行中,0.24509501457214355,Q86732500,Culture.Philosophy_and_religion,6931247.0,4624.13297600307,3.0,0.0
19354,7.0,6931247.0,大國戰「疫」——2020中國阻擊新冠肺炎疫情進行中,0.2227101624011993,Q86732500,Culture.Media.Media*,6931247.0,4624.13297600307,3.0,0.0
19355,7.0,6931247.0,大國戰「疫」——2020中國阻擊新冠肺炎疫情進行中,0.18714269995689392,Q86732500,STEM.Earth_and_environment,6931247.0,4624.13297600307,3.0,0.0
19356,7.0,6931247.0,大國戰「疫」——2020中國阻擊新冠肺炎疫情進行中,0.1778208613395691,Q86732500,Culture.Visual_arts.Comics_and_Anime,6931247.0,4624.13297600307,3.0,0.0
19357,7.0,6931247.0,大國戰「疫」——2020中國阻擊新冠肺炎疫情進行中,0.0,Q86732500,Geography.Regions.Americas.North_America,6931247.0,4624.13297600307,3.0,0.0
19358,7.0,6931247.0,大國戰「疫」——2020中國阻擊新冠肺炎疫情進行中,0.0,Q86732500,Geography.Regions.Asia.Asia*,6931247.0,4624.13297600307,3.0,0.0
19359,3.0,6939827.0,茉莉·布魯,0.9960646033287048,Q47067382,Culture.Biography.Biography*,6939827.0,1346.5669799040884,6.0,1493.0
19360,3.0,6939827.0,茉莉·布魯,0.1520422399044037,Q47067382,Culture.Sports,6939827.0,1346.5669799040884,6.0,1493.0
19361,3.0,6939827.0,茉莉·布魯,0.0,Q47067382,Geography.Regions.Americas.North_America,6939827.0,1346.5669799040884,6.0,1493.0
19362,7.0,6941743.0,2019冠状病毒病美国疫情相关争议,0.2942249774932861,Q97350865,STEM.STEM*,6941743.0,5629.585559241479,3.0,1153.0
19363,7.0,6941743.0,2019冠状病毒病美国疫情相关争议,0.0,Q97350865,Geography.Regions.Asia.Asia*,6941743.0,5629.585559241479,3.0,1153.0
19364,7.0,6941743.0,2019冠状病毒病美国疫情相关争议,0.0,Q97350865,Geography.Regions.Americas.North_America,6941743.0,5629.585559241479,3.0,1153.0
19365,7.0,6941743.0,2019冠状病毒病美国疫情相关争议,0.0,Q97350865,Geography.Regions.Europe.Europe*,6941743.0,5629.585559241479,3.0,1153.0
19366,1.0,6942840.0,總之就是很可愛,1.0000100135803225,Q56352475,Culture.Literature,6942840.0,0.0,10.0,0.0
19367,1.0,6942840.0,總之就是很可愛,1.0000100135803225,Q56352475,Culture.Visual_arts.Visual_arts*,6942840.0,0.0,10.0,0.0
19368,1.0,6942840.0,總之就是很可愛,1.0000100135803225,Q56352475,Culture.Visual_arts.Comics_and_Anime,6942840.0,0.0,10.0,0.0
19369,2.0,6944474.0,人類冠狀病毒HKU1,0.997894287109375,Q16983360,STEM.STEM*,6944474.0,0.0,7.0,1645.0
19370,2.0,6944474.0,人類冠狀病毒HKU1,0.9905974268913268,Q16983360,STEM.Biology,6944474.0,0.0,7.0,1645.0
19371,2.0,6944474.0,人類冠狀病毒HKU1,0.3702353835105896,Q16983360,STEM.Medicine_&_Health,6944474.0,0.0,7.0,1645.0
19372,2.0,6944474.0,人類冠狀病毒HKU1,0.0,Q16983360,Geography.Regions.Asia.Asia*,6944474.0,0.0,7.0,1645.0
19373,7.0,6944589.0,2019冠状病毒病疫情相关旅行限制,0.7773098945617676,Q87073833,STEM.STEM*,6944589.0,6709.022114551191,3.0,3085.0
19374,7.0,6944589.0,2019冠状病毒病疫情相关旅行限制,0.4378334879875183,Q87073833,History_and_Society.Society,6944589.0,6709.022114551191,3.0,3085.0
19375,1.0,6945669.0,啄木鳥偵探所,0.9984612464904784,Q65054606,Culture.Literature,6945669.0,0.0,13.0,3098.0
19376,1.0,6945669.0,啄木鳥偵探所,0.9615437984466552,Q65054606,Culture.Media.Media*,6945669.0,0.0,13.0,3098.0
19377,1.0,6945669.0,啄木鳥偵探所,0.9324633479118348,Q65054606,Culture.Media.Books,6945669.0,0.0,13.0,3098.0
19378,1.0,6945669.0,啄木鳥偵探所,0.1778208613395691,Q65054606,Culture.Visual_arts.Comics_and_Anime,6945669.0,0.0,13.0,3098.0
19379,1.0,6945669.0,啄木鳥偵探所,0.1520422399044037,Q65054606,Culture.Biography.Women,6945669.0,0.0,13.0,3098.0
19380,1.0,6945669.0,啄木鳥偵探所,0.0,Q65054606,Geography.Regions.Asia.East_Asia,6945669.0,0.0,13.0,3098.0
19381,1.0,6945669.0,啄木鳥偵探所,0.0,Q65054606,Geography.Regions.Asia.Asia*,6945669.0,0.0,13.0,3098.0
19382,6.0,6945803.0,古佩玲,0.2942249774932861,Q68069274,STEM.STEM*,6945803.0,4710.78912985859,7.0,1449.0
19383,6.0,6945803.0,古佩玲,0.0,Q68069274,Geography.Regions.Asia.Asia*,6945803.0,4710.78912985859,7.0,1449.0
19384,6.0,6945803.0,古佩玲,0.0,Q68069274,Geography.Regions.Americas.North_America,6945803.0,4710.78912985859,7.0,1449.0
19385,6.0,6945803.0,古佩玲,0.0,Q68069274,Geography.Regions.Europe.Europe*,6945803.0,4710.78912985859,7.0,1449.0
19386,3.0,6959036.0,轟天龍虎會,0.9783946871757508,Q16202837,Culture.Media.Films,6959036.0,251.20671646019366,12.0,565.0
19387,3.0,6959036.0,轟天龍虎會,0.960371196269989,Q16202837,Culture.Media.Media*,6959036.0,251.20671646019366,12.0,565.0
19388,3.0,6959036.0,轟天龍虎會,0.17818872833251953,Q16202837,Geography.Regions.Asia.Asia*,6959036.0,251.20671646019366,12.0,565.0
19389,3.0,6959036.0,轟天龍虎會,0.0,Q16202837,Geography.Regions.Asia.East_Asia,6959036.0,251.20671646019366,12.0,565.0
19390,8.0,6959600.0,耿斯汉,0.1732981950044632,Q89701379,Culture.Media.Media*,6959600.0,4348.556335288382,12.0,3057.0
19391,8.0,6959600.0,耿斯汉,0.0,Q89701379,Geography.Regions.Asia.Asia*,6959600.0,4348.556335288382,12.0,3057.0
19392,8.0,6959600.0,耿斯汉,0.0,Q89701379,Geography.Regions.Asia.South_Asia,6959600.0,4348.556335288382,12.0,3057.0
19393,1.0,6959616.0,朱塞佩·沃爾庇,0.9796776771545409,Q1362112,Culture.Biography.Biography*,6959616.0,0.0,6.0,458.0
19394,1.0,6959616.0,朱塞佩·沃爾庇,0.320831298828125,Q1362112,History_and_Society.Politics_and_government,6959616.0,0.0,6.0,458.0
19395,1.0,6959616.0,朱塞佩·沃爾庇,0.23371636867523196,Q1362112,History_and_Society.Business_and_economics,6959616.0,0.0,6.0,458.0
19396,1.0,6959616.0,朱塞佩·沃爾庇,0.15742753648757934,Q1362112,Geography.Regions.Europe.Southern_Europe,6959616.0,0.0,6.0,458.0
19397,1.0,6959616.0,朱塞佩·沃爾庇,0.12878464365005493,Q1362112,Geography.Regions.Europe.Europe*,6959616.0,0.0,6.0,458.0
19398,3.0,6959920.0,2019冠状病毒病不丹疫情,0.9972950220108032,Q87715166,Geography.Regions.Asia.South_Asia,6959920.0,0.0,3.0,1901.0
19399,3.0,6959920.0,2019冠状病毒病不丹疫情,0.99219411611557,Q87715166,Geography.Regions.Asia.Asia*,6959920.0,0.0,3.0,1901.0
19400,3.0,6959920.0,2019冠状病毒病不丹疫情,0.9073222279548644,Q87715166,STEM.STEM*,6959920.0,0.0,3.0,1901.0
19401,3.0,6959920.0,2019冠状病毒病不丹疫情,0.8740872144699097,Q87715166,STEM.Biology,6959920.0,0.0,3.0,1901.0
19402,3.0,6959920.0,2019冠状病毒病不丹疫情,0.6076731681823729,Q87715166,STEM.Medicine_&_Health,6959920.0,0.0,3.0,1901.0
19403,3.0,6959920.0,2019冠状病毒病不丹疫情,0.5156299471855164,Q87715166,History_and_Society.Politics_and_government,6959920.0,0.0,3.0,1901.0
19404,10.0,6965299.0,2019冠状病毒病西班牙疫区封锁措施,0.24509501457214355,Q87723599,History_and_Society.Society,6965299.0,5328.497042992453,3.0,1060.0
19405,10.0,6965299.0,2019冠状病毒病西班牙疫区封锁措施,0.21734751760959625,Q87723599,STEM.STEM*,6965299.0,5328.497042992453,3.0,1060.0
19406,10.0,6965299.0,2019冠状病毒病西班牙疫区封锁措施,0.0,Q87723599,Geography.Regions.Europe.Europe*,6965299.0,5328.497042992453,3.0,1060.0
19407,10.0,6965299.0,2019冠状病毒病西班牙疫区封锁措施,0.0,Q87723599,Geography.Regions.Europe.Southern_Europe,6965299.0,5328.497042992453,3.0,1060.0
19408,8.0,6973317.0,契約友情,0.9808859825134276,Q87627249,Culture.Media.Media*,6973317.0,10436.48675995971,0.0,18749.0
19409,8.0,6973317.0,契約友情,0.812877357006073,Q87627249,Culture.Media.Television,6973317.0,10436.48675995971,0.0,18749.0
19410,8.0,6973317.0,契約友情,0.3730872144699097,Q87627249,Geography.Regions.Asia.Asia*,6973317.0,10436.48675995971,0.0,18749.0
19411,8.0,6973317.0,契約友情,0.14323513412475586,Q87627249,Geography.Regions.Asia.East_Asia,6973317.0,10436.48675995971,0.0,18749.0
19412,2.0,6977765.0,金子涵,0.9987257122993468,Q88331229,Culture.Biography.Biography*,6977765.0,967.2510746932428,12.0,30242.0
19413,2.0,6977765.0,金子涵,0.6297846436500549,Q88331229,Culture.Media.Music,6977765.0,967.2510746932428,12.0,30242.0
19414,2.0,6977765.0,金子涵,0.5698626637458801,Q88331229,Culture.Media.Media*,6977765.0,967.2510746932428,12.0,30242.0
19415,2.0,6977765.0,金子涵,0.5156299471855164,Q88331229,History_and_Society.Society,6977765.0,967.2510746932428,12.0,30242.0
19416,2.0,6977765.0,金子涵,0.4688006341457367,Q88331229,Culture.Biography.Women,6977765.0,967.2510746932428,12.0,30242.0
19417,2.0,6977765.0,金子涵,0.4456066956520081,Q88331229,Geography.Regions.Asia.East_Asia,6977765.0,967.2510746932428,12.0,30242.0
19418,2.0,6977765.0,金子涵,0.4334051480293274,Q88331229,Geography.Regions.Asia.Asia*,6977765.0,967.2510746932428,12.0,30242.0
19419,1.0,6978322.0,回形针PaperClip,0.2942249774932861,Q89064079,STEM.STEM*,6978322.0,0.0,10.0,3062.0
19420,1.0,6978322.0,回形针PaperClip,0.0,Q89064079,Geography.Regions.Asia.Asia*,6978322.0,0.0,10.0,3062.0
19421,1.0,6978322.0,回形针PaperClip,0.0,Q89064079,Geography.Regions.Americas.North_America,6978322.0,0.0,10.0,3062.0
19422,1.0,6978322.0,回形针PaperClip,0.0,Q89064079,Geography.Regions.Europe.Europe*,6978322.0,0.0,10.0,3062.0
19423,3.0,6979524.0,I trust,0.9790457487106324,Q89032732,Culture.Media.Music,6979524.0,1827.7491500733527,0.0,4722.0
19424,3.0,6979524.0,I trust,0.94500470161438,Q89032732,Culture.Media.Media*,6979524.0,1827.7491500733527,0.0,4722.0
19425,3.0,6979524.0,I trust,0.4114462008476257,Q89032732,Geography.Regions.Asia.East_Asia,6979524.0,1827.7491500733527,0.0,4722.0
19426,3.0,6979524.0,I trust,0.2869412174224853,Q89032732,Geography.Regions.Asia.Asia*,6979524.0,1827.7491500733527,0.0,4722.0
19427,2.0,6980331.0,南京大轟炸,0.2942249774932861,Q97348767,STEM.STEM*,6980331.0,0.0,1.0,1771.0
19428,2.0,6980331.0,南京大轟炸,0.0,Q97348767,Geography.Regions.Asia.Asia*,6980331.0,0.0,1.0,1771.0
19429,2.0,6980331.0,南京大轟炸,0.0,Q97348767,Geography.Regions.Americas.North_America,6980331.0,0.0,1.0,1771.0
19430,2.0,6980331.0,南京大轟炸,0.0,Q97348767,Geography.Regions.Europe.Europe*,6980331.0,0.0,1.0,1771.0
19431,2.0,6980900.0,人類冠狀病毒NL63,1.0000100135803225,Q8351095,STEM.STEM*,6980900.0,0.0,7.0,1127.0
19432,2.0,6980900.0,人類冠狀病毒NL63,0.9992778301239014,Q8351095,STEM.Biology,6980900.0,0.0,7.0,1127.0
19433,2.0,6980900.0,人類冠狀病毒NL63,0.2814156115055084,Q8351095,STEM.Medicine_&_Health,6980900.0,0.0,7.0,1127.0
19434,5.0,6981532.0,王秉華隨機殺人事件,0.2942249774932861,Q97348577,STEM.STEM*,6981532.0,18374.026675623,2.0,2665.0
19435,5.0,6981532.0,王秉華隨機殺人事件,0.0,Q97348577,Geography.Regions.Asia.Asia*,6981532.0,18374.026675623,2.0,2665.0
19436,5.0,6981532.0,王秉華隨機殺人事件,0.0,Q97348577,Geography.Regions.Americas.North_America,6981532.0,18374.026675623,2.0,2665.0
19437,5.0,6981532.0,王秉華隨機殺人事件,0.0,Q97348577,Geography.Regions.Europe.Europe*,6981532.0,18374.026675623,2.0,2665.0
19438,1.0,6982558.0,凱莉·瑪麗·陳,0.9989112615585328,Q30305927,Culture.Biography.Biography*,6982558.0,0.0,3.0,761.0
19439,1.0,6982558.0,凱莉·瑪麗·陳,0.812877357006073,Q30305927,Culture.Biography.Women,6982558.0,0.0,3.0,761.0
19440,1.0,6982558.0,凱莉·瑪麗·陳,0.4301573634147644,Q30305927,Culture.Media.Television,6982558.0,0.0,3.0,761.0
19441,1.0,6982558.0,凱莉·瑪麗·陳,0.3415925204753876,Q30305927,Culture.Media.Media*,6982558.0,0.0,3.0,761.0
19442,1.0,6982558.0,凱莉·瑪麗·陳,0.1778208613395691,Q30305927,Culture.Visual_arts.Visual_arts*,6982558.0,0.0,3.0,761.0
19443,1.0,6982558.0,凱莉·瑪麗·陳,0.15611489117145538,Q30305927,Culture.Literature,6982558.0,0.0,3.0,761.0
19444,1.0,6982558.0,凱莉·瑪麗·陳,0.1294127255678177,Q30305927,Culture.Visual_arts.Comics_and_Anime,6982558.0,0.0,3.0,761.0
19445,1.0,6982558.0,凱莉·瑪麗·陳,0.0991983880996704,Q30305927,Geography.Regions.Americas.North_America,6982558.0,0.0,3.0,761.0
19446,2.0,6982914.0,安慰号医疗船,0.9986429810523988,Q738550,History_and_Society.Transportation,6982914.0,3492.341871592338,11.0,2831.0
19447,2.0,6982914.0,安慰号医疗船,0.8596737384796143,Q738550,History_and_Society.Military_and_warfare,6982914.0,3492.341871592338,11.0,2831.0
19448,2.0,6982914.0,安慰号医疗船,0.0,Q738550,Geography.Regions.Americas.North_America,6982914.0,3492.341871592338,11.0,2831.0
19449,4.0,6983215.0,杨维榕,0.997758150100708,Q4708113,Culture.Biography.Biography*,6983215.0,6266.9632865794665,5.0,5601.0
19450,4.0,6983215.0,杨维榕,0.0,Q4708113,Geography.Regions.Americas.North_America,6983215.0,6266.9632865794665,5.0,5601.0
19451,5.0,6983244.0,虎尾 (电影),0.9942797422409058,Q56281252,Culture.Media.Media*,6983244.0,7597.682636059834,5.0,23946.0
19452,5.0,6983244.0,虎尾 (电影),0.9863731861114502,Q56281252,Culture.Media.Films,6983244.0,7597.682636059834,5.0,23946.0
19453,5.0,6983244.0,虎尾 (电影),0.18714269995689392,Q56281252,History_and_Society.Society,6983244.0,7597.682636059834,5.0,23946.0
19454,5.0,6983244.0,虎尾 (电影),0.16886694729328156,Q56281252,Culture.Biography.Biography*,6983244.0,7597.682636059834,5.0,23946.0
19455,5.0,6983244.0,虎尾 (电影),0.0,Q56281252,Geography.Regions.Asia.East_Asia,6983244.0,7597.682636059834,5.0,23946.0
19456,5.0,6983244.0,虎尾 (电影),0.0,Q56281252,Geography.Regions.Asia.Asia*,6983244.0,7597.682636059834,5.0,23946.0
19457,5.0,6983244.0,虎尾 (电影),0.0,Q56281252,Geography.Regions.Americas.North_America,6983244.0,7597.682636059834,5.0,23946.0
19458,2.0,6983564.0,葛晓洁,0.9942797422409058,Q28086236,Culture.Biography.Biography*,6983564.0,6104.214010592983,5.0,5859.0
19459,2.0,6983564.0,葛晓洁,0.6370407938957214,Q28086236,Culture.Biography.Women,6983564.0,6104.214010592983,5.0,5859.0
19460,2.0,6983564.0,葛晓洁,0.24217800998687744,Q28086236,Geography.Regions.Americas.North_America,6983564.0,6104.214010592983,5.0,5859.0
19461,2.0,6983564.0,葛晓洁,0.13661839067935946,Q28086236,Culture.Media.Media*,6983564.0,6104.214010592983,5.0,5859.0
19462,1.0,6983920.0,阿翰,0.2942249774932861,Q97348377,STEM.STEM*,6983920.0,0.0,2.0,2614.0
19463,1.0,6983920.0,阿翰,0.0,Q97348377,Geography.Regions.Asia.Asia*,6983920.0,0.0,2.0,2614.0
19464,1.0,6983920.0,阿翰,0.0,Q97348377,Geography.Regions.Americas.North_America,6983920.0,0.0,2.0,2614.0
19465,1.0,6983920.0,阿翰,0.0,Q97348377,Geography.Regions.Europe.Europe*,6983920.0,0.0,2.0,2614.0
19466,2.0,6983929.0,兴隆华侨农场,0.4990100135803223,Q14585833,Geography.Regions.Asia.Asia*,6983929.0,3942.0,1.0,1362.0
19467,2.0,6983929.0,兴隆华侨农场,0.4990100135803223,Q14585833,Geography.Regions.Asia.East_Asia,6983929.0,3942.0,1.0,1362.0
19468,2.0,6984032.0,高天亮,0.2942249774932861,Q97348371,STEM.STEM*,6984032.0,0.0,2.0,764.0
19469,2.0,6984032.0,高天亮,0.0,Q97348371,Geography.Regions.Asia.Asia*,6984032.0,0.0,2.0,764.0
19470,2.0,6984032.0,高天亮,0.0,Q97348371,Geography.Regions.Americas.North_America,6984032.0,0.0,2.0,764.0
19471,2.0,6984032.0,高天亮,0.0,Q97348371,Geography.Regions.Europe.Europe*,6984032.0,0.0,2.0,764.0
19472,4.0,6986425.0,契克斯計劃,0.7186043858528137,Q56683715,History_and_Society.Military_and_warfare,6986425.0,0.13448275862068965,1.0,935.0
19473,4.0,6986425.0,契克斯計劃,0.5775054097175598,Q56683715,History_and_Society.Politics_and_government,6986425.0,0.13448275862068965,1.0,935.0
19474,4.0,6986425.0,契克斯計劃,0.26285186409950256,Q56683715,STEM.STEM*,6986425.0,0.13448275862068965,1.0,935.0
19475,4.0,6986425.0,契克斯計劃,0.2227101624011993,Q56683715,History_and_Society.Business_and_economics,6986425.0,0.13448275862068965,1.0,935.0
19476,4.0,6986425.0,契克斯計劃,0.13661839067935946,Q56683715,STEM.Technology,6986425.0,0.13448275862068965,1.0,935.0
19477,4.0,6986425.0,契克斯計劃,0.0,Q56683715,Geography.Regions.Europe.Europe*,6986425.0,0.13448275862068965,1.0,935.0
19478,4.0,6986425.0,契克斯計劃,0.0,Q56683715,Geography.Regions.Asia.Asia*,6986425.0,0.13448275862068965,1.0,935.0
19479,4.0,6986425.0,契克斯計劃,0.0,Q56683715,Geography.Regions.Europe.Northern_Europe,6986425.0,0.13448275862068965,1.0,935.0
19480,4.0,6987890.0,聯合國紀念墓園,0.9879562258720398,Q15465499,Geography.Regions.Asia.East_Asia,6987890.0,0.0,5.0,1701.0
19481,4.0,6987890.0,聯合國紀念墓園,0.9149109721183776,Q15465499,Geography.Regions.Asia.Asia*,6987890.0,0.0,5.0,1701.0
19482,4.0,6987890.0,聯合國紀念墓園,0.1259327530860901,Q15465499,History_and_Society.Military_and_warfare,6987890.0,0.0,5.0,1701.0
19483,1.0,6987905.0,洛場村,1.0000100135803225,Q14328756,Geography.Regions.Asia.East_Asia,6987905.0,0.0,10.0,3370.0
19484,1.0,6987905.0,洛場村,1.0000100135803225,Q14328756,Geography.Regions.Asia.Asia*,6987905.0,0.0,10.0,3370.0
19485,1.0,6988079.0,ONE PIECE 海賊無雙4,1.0000100135803225,Q65123089,Culture.Media.Video_games,6988079.0,0.0,14.0,3928.0
19486,1.0,6988079.0,ONE PIECE 海賊無雙4,0.9994215965270996,Q65123089,Culture.Internet_culture,6988079.0,0.0,14.0,3928.0
19487,1.0,6988079.0,ONE PIECE 海賊無雙4,0.997120440006256,Q65123089,Culture.Media.Media*,6988079.0,0.0,14.0,3928.0
19488,3.0,6988519.0,2018年英國內閣改組,0.4921981394290924,Q48698892,History_and_Society.Politics_and_government,6988519.0,0.3704780361757106,1.0,1480.0
19489,3.0,6988519.0,2018年英國內閣改組,0.0,Q48698892,Geography.Regions.Asia.Asia*,6988519.0,0.3704780361757106,1.0,1480.0
19490,3.0,6988519.0,2018年英國內閣改組,0.0,Q48698892,Geography.Regions.Europe.Europe*,6988519.0,0.3704780361757106,1.0,1480.0
19491,1.0,6989016.0,盲婚試愛,0.9416641592979432,Q85846472,Culture.Media.Television,6989016.0,0.0,6.0,2654.0
19492,1.0,6989016.0,盲婚試愛,0.9324633479118348,Q85846472,Culture.Media.Media*,6989016.0,0.0,6.0,2654.0
19493,1.0,6989016.0,盲婚試愛,0.0,Q85846472,Geography.Regions.Americas.North_America,6989016.0,0.0,6.0,2654.0
19494,9.0,6989439.0,2019冠狀病毒病俄羅斯疫情,0.320831298828125,Q84098939,Geography.Regions.Asia.Asia*,6989439.0,1087.2848455413173,3.0,3319.0
19495,9.0,6989439.0,2019冠狀病毒病俄羅斯疫情,0.3073680400848389,Q84098939,Geography.Regions.Europe.Europe*,6989439.0,1087.2848455413173,3.0,3319.0
19496,9.0,6989439.0,2019冠狀病毒病俄羅斯疫情,0.2568419873714447,Q84098939,Culture.Media.Media*,6989439.0,1087.2848455413173,3.0,3319.0
19497,9.0,6989439.0,2019冠狀病毒病俄羅斯疫情,0.21734751760959625,Q84098939,STEM.STEM*,6989439.0,1087.2848455413173,3.0,3319.0
19498,9.0,6989439.0,2019冠狀病毒病俄羅斯疫情,0.2120788097381592,Q84098939,History_and_Society.Society,6989439.0,1087.2848455413173,3.0,3319.0
19499,9.0,6989439.0,2019冠狀病毒病俄羅斯疫情,0.1520422399044037,Q84098939,History_and_Society.Politics_and_government,6989439.0,1087.2848455413173,3.0,3319.0
19500,9.0,6989439.0,2019冠狀病毒病俄羅斯疫情,0.14805719256401062,Q84098939,Geography.Regions.Europe.Western_Europe,6989439.0,1087.2848455413173,3.0,3319.0
19501,9.0,6989439.0,2019冠狀病毒病俄羅斯疫情,0.1294127255678177,Q84098939,Culture.Sports,6989439.0,1087.2848455413173,3.0,3319.0
19502,9.0,6989439.0,2019冠狀病毒病俄羅斯疫情,0.11597072333097458,Q84098939,Geography.Regions.Americas.North_America,6989439.0,1087.2848455413173,3.0,3319.0
19503,9.0,6989439.0,2019冠狀病毒病俄羅斯疫情,0.11280541121959685,Q84098939,History_and_Society.Military_and_warfare,6989439.0,1087.2848455413173,3.0,3319.0
19504,9.0,6989439.0,2019冠狀病毒病俄羅斯疫情,0.10088862478733064,Q84098939,Culture.Media.Television,6989439.0,1087.2848455413173,3.0,3319.0
19505,10.0,6989756.0,呼吸机,0.9783946871757508,Q813243,STEM.STEM*,6989756.0,21664.816780325345,3.0,6524.0
19506,10.0,6989756.0,呼吸机,0.9344051480293274,Q813243,STEM.Medicine_&_Health,6989756.0,21664.816780325345,3.0,6524.0
19507,1.0,6991443.0,沈順從,0.2942249774932861,Q97347847,STEM.STEM*,6991443.0,0.0,4.0,885.0
19508,1.0,6991443.0,沈順從,0.0,Q97347847,Geography.Regions.Asia.Asia*,6991443.0,0.0,4.0,885.0
19509,1.0,6991443.0,沈順從,0.0,Q97347847,Geography.Regions.Americas.North_America,6991443.0,0.0,4.0,885.0
19510,1.0,6991443.0,沈順從,0.0,Q97347847,Geography.Regions.Europe.Europe*,6991443.0,0.0,4.0,885.0
19511,1.0,6991643.0,驚天營救,0.99219411611557,Q58814616,Culture.Media.Media*,6991643.0,0.0,5.0,2635.0
19512,1.0,6991643.0,驚天營救,0.9886782765388488,Q58814616,Culture.Media.Films,6991643.0,0.0,5.0,2635.0
19513,1.0,6991643.0,驚天營救,0.16886694729328156,Q58814616,Culture.Media.Entertainment,6991643.0,0.0,5.0,2635.0
19514,1.0,6991643.0,驚天營救,0.13661839067935946,Q58814616,Culture.Literature,6991643.0,0.0,5.0,2635.0
19515,1.0,6991643.0,驚天營救,0.07650540971755981,Q58814616,Geography.Regions.Asia.Asia*,6991643.0,0.0,5.0,2635.0
19516,1.0,6991643.0,驚天營救,0.0,Q58814616,Geography.Regions.Asia.South_Asia,6991643.0,0.0,5.0,2635.0
19517,1.0,6992200.0,澳門四高校聯合入學考試,0.2942249774932861,Q97347817,STEM.STEM*,6992200.0,0.0,0.0,1037.0
19518,1.0,6992200.0,澳門四高校聯合入學考試,0.0,Q97347817,Geography.Regions.Asia.Asia*,6992200.0,0.0,0.0,1037.0
19519,1.0,6992200.0,澳門四高校聯合入學考試,0.0,Q97347817,Geography.Regions.Americas.North_America,6992200.0,0.0,0.0,1037.0
19520,1.0,6992200.0,澳門四高校聯合入學考試,0.0,Q97347817,Geography.Regions.Europe.Europe*,6992200.0,0.0,0.0,1037.0
19521,5.0,6992501.0,2020年3月解放軍駐港部隊直升機失事事故,0.2942249774932861,Q97347783,STEM.STEM*,6992501.0,9546.749617295842,11.0,5176.0
19522,5.0,6992501.0,2020年3月解放軍駐港部隊直升機失事事故,0.0,Q97347783,Geography.Regions.Asia.Asia*,6992501.0,9546.749617295842,11.0,5176.0
19523,5.0,6992501.0,2020年3月解放軍駐港部隊直升機失事事故,0.0,Q97347783,Geography.Regions.Americas.North_America,6992501.0,9546.749617295842,11.0,5176.0
19524,5.0,6992501.0,2020年3月解放軍駐港部隊直升機失事事故,0.0,Q97347783,Geography.Regions.Europe.Europe*,6992501.0,9546.749617295842,11.0,5176.0
19525,1.0,6993332.0,亚当·施莱辛格,0.9995517134666444,Q2824007,Culture.Biography.Biography*,6993332.0,0.0,6.0,2483.0
19526,1.0,6993332.0,亚当·施莱辛格,0.4378334879875183,Q2824007,Culture.Media.Media*,6993332.0,0.0,6.0,2483.0
19527,1.0,6993332.0,亚当·施莱辛格,0.3557848632335663,Q2824007,Culture.Media.Music,6993332.0,0.0,6.0,2483.0
19528,1.0,6993332.0,亚当·施莱辛格,0.0,Q2824007,Geography.Regions.Americas.North_America,6993332.0,0.0,6.0,2483.0
19529,4.0,6994297.0,致我們甜甜的小美滿,0.2942249774932861,Q96056566,STEM.STEM*,6994297.0,6821.040587488797,7.0,93879.0
19530,4.0,6994297.0,致我們甜甜的小美滿,0.0,Q96056566,Geography.Regions.Asia.Asia*,6994297.0,6821.040587488797,7.0,93879.0
19531,4.0,6994297.0,致我們甜甜的小美滿,0.0,Q96056566,Geography.Regions.Americas.North_America,6994297.0,6821.040587488797,7.0,93879.0
19532,4.0,6994297.0,致我們甜甜的小美滿,0.0,Q96056566,Geography.Regions.Europe.Europe*,6994297.0,6821.040587488797,7.0,93879.0
19533,3.0,6995017.0,钱治亚,0.2942249774932861,Q97347586,STEM.STEM*,6995017.0,1970.5,10.0,7872.0
19534,3.0,6995017.0,钱治亚,0.0,Q97347586,Geography.Regions.Asia.Asia*,6995017.0,1970.5,10.0,7872.0
19535,3.0,6995017.0,钱治亚,0.0,Q97347586,Geography.Regions.Americas.North_America,6995017.0,1970.5,10.0,7872.0
19536,3.0,6995017.0,钱治亚,0.0,Q97347586,Geography.Regions.Europe.Europe*,6995017.0,1970.5,10.0,7872.0
19537,13.0,6995082.0,2019冠狀病毒病印度疫情,0.59267657995224,Q84055514,Geography.Regions.Asia.Asia*,6995082.0,3367.6740056667204,3.0,3222.0
19538,13.0,6995082.0,2019冠狀病毒病印度疫情,0.3415925204753876,Q84055514,STEM.STEM*,6995082.0,3367.6740056667204,3.0,3222.0
19539,13.0,6995082.0,2019冠狀病毒病印度疫情,0.1778208613395691,Q84055514,Geography.Regions.Asia.South_Asia,6995082.0,3367.6740056667204,3.0,3222.0
19540,13.0,6995082.0,2019冠狀病毒病印度疫情,0.1778208613395691,Q84055514,Culture.Media.Media*,6995082.0,3367.6740056667204,3.0,3222.0
19541,13.0,6995082.0,2019冠狀病毒病印度疫情,0.16027602553367615,Q84055514,History_and_Society.Politics_and_government,6995082.0,3367.6740056667204,3.0,3222.0
19542,13.0,6995082.0,2019冠狀病毒病印度疫情,0.1097157895565033,Q84055514,Geography.Regions.Europe.Europe*,6995082.0,3367.6740056667204,3.0,3222.0
19543,1.0,6995328.0,南开大学天津大学联合研究大厦,0.2942249774932861,Q97347553,STEM.STEM*,6995328.0,0.0,2.0,1278.0
19544,1.0,6995328.0,南开大学天津大学联合研究大厦,0.0,Q97347553,Geography.Regions.Asia.Asia*,6995328.0,0.0,2.0,1278.0
19545,1.0,6995328.0,南开大学天津大学联合研究大厦,0.0,Q97347553,Geography.Regions.Americas.North_America,6995328.0,0.0,2.0,1278.0
19546,1.0,6995328.0,南开大学天津大学联合研究大厦,0.0,Q97347553,Geography.Regions.Europe.Europe*,6995328.0,0.0,2.0,1278.0
19547,6.0,6995441.0,戴燕妮,0.2942249774932861,Q97347546,STEM.STEM*,6995441.0,1139.0364396121581,7.0,4475.0
19548,6.0,6995441.0,戴燕妮,0.0,Q97347546,Geography.Regions.Asia.Asia*,6995441.0,1139.0364396121581,7.0,4475.0
19549,6.0,6995441.0,戴燕妮,0.0,Q97347546,Geography.Regions.Americas.North_America,6995441.0,1139.0364396121581,7.0,4475.0
19550,6.0,6995441.0,戴燕妮,0.0,Q97347546,Geography.Regions.Europe.Europe*,6995441.0,1139.0364396121581,7.0,4475.0
19551,2.0,6995712.0,宋碧芝,0.998876452445984,Q4775602,Culture.Biography.Biography*,6995712.0,4465.1582263523,10.0,955.0
19552,2.0,6995712.0,宋碧芝,0.9983093142509459,Q4775602,History_and_Society.Politics_and_government,6995712.0,4465.1582263523,10.0,955.0
19553,2.0,6995712.0,宋碧芝,0.4895974268913269,Q4775602,Geography.Regions.Europe.Europe*,6995712.0,4465.1582263523,10.0,955.0
19554,2.0,6995712.0,宋碧芝,0.4883575310707092,Q4775602,Geography.Regions.Europe.Northern_Europe,6995712.0,4465.1582263523,10.0,955.0
19555,2.0,6995712.0,宋碧芝,0.26285186409950256,Q4775602,Culture.Biography.Women,6995712.0,4465.1582263523,10.0,955.0
19556,5.0,6996075.0,文豪與鍊金術師,0.2942249774932861,Q28686422,STEM.STEM*,6996075.0,4338.190858954914,13.0,5736.0
19557,5.0,6996075.0,文豪與鍊金術師,0.0,Q28686422,Geography.Regions.Asia.Asia*,6996075.0,4338.190858954914,13.0,5736.0
19558,5.0,6996075.0,文豪與鍊金術師,0.0,Q28686422,Geography.Regions.Americas.North_America,6996075.0,4338.190858954914,13.0,5736.0
19559,5.0,6996075.0,文豪與鍊金術師,0.0,Q28686422,Geography.Regions.Europe.Europe*,6996075.0,4338.190858954914,13.0,5736.0
19560,3.0,6996421.0,史鰌,0.9659096002578736,Q11412134,Culture.Biography.Biography*,6996421.0,7882.0,15.0,1841.0
19561,3.0,6996421.0,史鰌,0.7606606483459473,Q11412134,Culture.Sports,6996421.0,7882.0,15.0,1841.0
19562,3.0,6996421.0,史鰌,0.0,Q11412134,Geography.Regions.Asia.Asia*,6996421.0,7882.0,15.0,1841.0
19563,3.0,6996772.0,放學後堤防日誌,0.9972090721130372,Q48750901,Culture.Literature,6996772.0,5570.339230382879,13.0,6804.0
19564,3.0,6996772.0,放學後堤防日誌,0.9883227348327636,Q48750901,Culture.Visual_arts.Visual_arts*,6996772.0,5570.339230382879,13.0,6804.0
19565,3.0,6996772.0,放學後堤防日誌,0.967909336090088,Q48750901,Culture.Visual_arts.Comics_and_Anime,6996772.0,5570.339230382879,13.0,6804.0
19566,10.0,6997468.0,诺希山,0.9841036200523376,Q85988778,Culture.Biography.Biography*,6997468.0,10435.415933565971,3.0,7105.0
19567,10.0,6997468.0,诺希山,0.0,Q85988778,Geography.Regions.Asia.Southeast_Asia,6997468.0,10435.415933565971,3.0,7105.0
19568,10.0,6997468.0,诺希山,0.0,Q85988778,Geography.Regions.Asia.Asia*,6997468.0,10435.415933565971,3.0,7105.0
19569,2.0,6997631.0,周深音樂作品列表,0.2942249774932861,Q97347356,STEM.STEM*,6997631.0,0.0,7.0,2660.0
19570,2.0,6997631.0,周深音樂作品列表,0.0,Q97347356,Geography.Regions.Asia.Asia*,6997631.0,0.0,7.0,2660.0
19571,2.0,6997631.0,周深音樂作品列表,0.0,Q97347356,Geography.Regions.Americas.North_America,6997631.0,0.0,7.0,2660.0
19572,2.0,6997631.0,周深音樂作品列表,0.0,Q97347356,Geography.Regions.Europe.Europe*,6997631.0,0.0,7.0,2660.0
19573,2.0,6997831.0,姜勛,0.99219411611557,Q56692015,Culture.Biography.Biography*,6997831.0,0.0,0.0,2186.0
19574,2.0,6997831.0,姜勛,0.338743971824646,Q56692015,Geography.Regions.Asia.Asia*,6997831.0,0.0,0.0,2186.0
19575,2.0,6997831.0,姜勛,0.3070772161483765,Q56692015,Geography.Regions.Asia.East_Asia,6997831.0,0.0,0.0,2186.0
19576,8.0,6998029.0,布雷特·克罗泽,0.9984121918678284,Q89197302,Culture.Biography.Biography*,6998029.0,6450.570442753658,3.0,4132.0
19577,8.0,6998029.0,布雷特·克罗泽,0.5078218579292297,Q89197302,History_and_Society.Military_and_warfare,6998029.0,6450.570442753658,3.0,4132.0
19578,8.0,6998029.0,布雷特·克罗泽,0.15036486291885376,Q89197302,Geography.Regions.Americas.North_America,6998029.0,6450.570442753658,3.0,4132.0
19579,1.0,6998229.0,连花清瘟胶囊,0.9916942119598388,Q91677786,STEM.Biology,6998229.0,0.0,5.0,3297.0
19580,1.0,6998229.0,连花清瘟胶囊,0.9893575310707092,Q91677786,STEM.STEM*,6998229.0,0.0,5.0,3297.0
19581,1.0,6998229.0,连花清瘟胶囊,0.8558611869812012,Q91677786,STEM.Medicine_&_Health,6998229.0,0.0,5.0,3297.0
19582,1.0,6998229.0,连花清瘟胶囊,0.1824355274438858,Q91677786,History_and_Society.Politics_and_government,6998229.0,0.0,5.0,3297.0
19583,11.0,6998346.0,張楚寒,0.2942249774932861,Q97347282,STEM.STEM*,6998346.0,20321.473697211066,7.0,3058.0
19584,11.0,6998346.0,張楚寒,0.0,Q97347282,Geography.Regions.Asia.Asia*,6998346.0,20321.473697211066,7.0,3058.0
19585,11.0,6998346.0,張楚寒,0.0,Q97347282,Geography.Regions.Americas.North_America,6998346.0,20321.473697211066,7.0,3058.0
19586,11.0,6998346.0,張楚寒,0.0,Q97347282,Geography.Regions.Europe.Europe*,6998346.0,20321.473697211066,7.0,3058.0
19587,3.0,6998670.0,非常尊敬的,0.0,Q1480896,Geography.Regions.Americas.North_America,6998670.0,0.0,1.0,517.0
19588,3.0,6998670.0,非常尊敬的,0.0,Q1480896,Geography.Regions.Europe.Europe*,6998670.0,0.0,1.0,517.0
19589,4.0,6998717.0,呂若瑟,0.2942249774932861,Q97347256,STEM.STEM*,6998717.0,31480.0,11.0,22668.0
19590,4.0,6998717.0,呂若瑟,0.0,Q97347256,Geography.Regions.Asia.Asia*,6998717.0,31480.0,11.0,22668.0
19591,4.0,6998717.0,呂若瑟,0.0,Q97347256,Geography.Regions.Americas.North_America,6998717.0,31480.0,11.0,22668.0
19592,4.0,6998717.0,呂若瑟,0.0,Q97347256,Geography.Regions.Europe.Europe*,6998717.0,31480.0,11.0,22668.0
19593,2.0,6998790.0,第七代巴斯侯爵亞歷山大·錫恩,0.9972090721130372,Q4720226,Culture.Biography.Biography*,6998790.0,80.66447661217076,1.0,1137.0
19594,2.0,6998790.0,第七代巴斯侯爵亞歷山大·錫恩,0.20182321965694427,Q4720226,History_and_Society.Education,6998790.0,80.66447661217076,1.0,1137.0
19595,2.0,6998790.0,第七代巴斯侯爵亞歷山大·錫恩,0.1732981950044632,Q4720226,History_and_Society.Politics_and_government,6998790.0,80.66447661217076,1.0,1137.0
19596,2.0,6998790.0,第七代巴斯侯爵亞歷山大·錫恩,0.0,Q4720226,Geography.Regions.Europe.Europe*,6998790.0,80.66447661217076,1.0,1137.0
19597,2.0,6998790.0,第七代巴斯侯爵亞歷山大·錫恩,0.0,Q4720226,Geography.Regions.Europe.Northern_Europe,6998790.0,80.66447661217076,1.0,1137.0
19598,2.0,6998880.0,艾格理,0.2942249774932861,Q97347244,STEM.STEM*,6998880.0,210.54501294835748,4.0,1006.0
19599,2.0,6998880.0,艾格理,0.0,Q97347244,Geography.Regions.Asia.Asia*,6998880.0,210.54501294835748,4.0,1006.0
19600,2.0,6998880.0,艾格理,0.0,Q97347244,Geography.Regions.Americas.North_America,6998880.0,210.54501294835748,4.0,1006.0
19601,2.0,6998880.0,艾格理,0.0,Q97347244,Geography.Regions.Europe.Europe*,6998880.0,210.54501294835748,4.0,1006.0
19602,12.0,6998994.0,中国病毒,0.59267657995224,Q89608702,History_and_Society.Society,6998994.0,9945.946160407288,3.0,3918.0
19603,12.0,6998994.0,中国病毒,0.3140605390071869,Q89608702,History_and_Society.Politics_and_government,6998994.0,9945.946160407288,3.0,3918.0
19604,12.0,6998994.0,中国病毒,0.14034625887870789,Q89608702,Culture.Linguistics,6998994.0,9945.946160407288,3.0,3918.0
19605,12.0,6998994.0,中国病毒,0.03021936321258545,Q89608702,Geography.Regions.Americas.North_America,6998994.0,9945.946160407288,3.0,3918.0
19606,1.0,6999147.0,道格拉斯·福特,0.9802908897399902,Q5301479,Culture.Biography.Biography*,6999147.0,0.0,10.0,1193.0
19607,1.0,6999147.0,道格拉斯·福特,0.6150978803634644,Q5301479,History_and_Society.Military_and_warfare,6999147.0,0.0,10.0,1193.0
19608,1.0,6999147.0,道格拉斯·福特,0.0,Q5301479,Geography.Regions.Europe.Northern_Europe,6999147.0,0.0,10.0,1193.0
19609,3.0,6999440.0,辣妹與恐龍,1.0000100135803225,Q81329957,Culture.Literature,6999440.0,3483.914668725134,13.0,5775.0
19610,3.0,6999440.0,辣妹與恐龍,1.0000100135803225,Q81329957,Culture.Visual_arts.Comics_and_Anime,6999440.0,3483.914668725134,13.0,5775.0
19611,3.0,6999440.0,辣妹與恐龍,1.0000100135803225,Q81329957,Culture.Visual_arts.Visual_arts*,6999440.0,3483.914668725134,13.0,5775.0
19612,3.0,6999440.0,辣妹與恐龍,0.7248802781105042,Q81329957,Culture.Media.Entertainment,6999440.0,3483.914668725134,13.0,5775.0
19613,3.0,6999440.0,辣妹與恐龍,0.5544804334640503,Q81329957,Culture.Media.Media*,6999440.0,3483.914668725134,13.0,5775.0
19614,3.0,6999440.0,辣妹與恐龍,0.0,Q81329957,Geography.Regions.Asia.Asia*,6999440.0,3483.914668725134,13.0,5775.0
19615,9.0,6999772.0,欧若拉 (女团成员),0.2942249774932861,Q97347196,STEM.STEM*,6999772.0,3.5661416807916058,7.0,1920.0
19616,9.0,6999772.0,欧若拉 (女团成员),0.0,Q97347196,Geography.Regions.Asia.Asia*,6999772.0,3.5661416807916058,7.0,1920.0
19617,9.0,6999772.0,欧若拉 (女团成员),0.0,Q97347196,Geography.Regions.Americas.North_America,6999772.0,3.5661416807916058,7.0,1920.0
19618,9.0,6999772.0,欧若拉 (女团成员),0.0,Q97347196,Geography.Regions.Europe.Europe*,6999772.0,3.5661416807916058,7.0,1920.0
19619,9.0,6999798.0,魏奇奇,0.2942249774932861,Q97347192,STEM.STEM*,6999798.0,14151.87371303161,7.0,3795.0
19620,9.0,6999798.0,魏奇奇,0.0,Q97347192,Geography.Regions.Asia.Asia*,6999798.0,14151.87371303161,7.0,3795.0
19621,9.0,6999798.0,魏奇奇,0.0,Q97347192,Geography.Regions.Americas.North_America,6999798.0,14151.87371303161,7.0,3795.0
19622,9.0,6999798.0,魏奇奇,0.0,Q97347192,Geography.Regions.Europe.Europe*,6999798.0,14151.87371303161,7.0,3795.0
19623,2.0,6999878.0,靈魂料理,1.0000100135803225,Q555997,History_and_Society.Society,6999878.0,2567.1384105204106,10.0,918.0
19624,2.0,6999878.0,靈魂料理,0.9841036200523376,Q555997,Culture.Food_and_drink,6999878.0,2567.1384105204106,10.0,918.0
19625,2.0,6999878.0,靈魂料理,0.9697954058647156,Q555997,Culture.Biography.Biography*,6999878.0,2567.1384105204106,10.0,918.0
19626,2.0,6999878.0,靈魂料理,0.0991983880996704,Q555997,Geography.Regions.Americas.North_America,6999878.0,2567.1384105204106,10.0,918.0
19627,10.0,6999899.0,劉雨昕,0.9963027834892272,Q95946165,Culture.Biography.Biography*,6999899.0,1790.3952809831833,7.0,14972.0
19628,10.0,6999899.0,劉雨昕,0.4532718360424042,Q95946165,Culture.Biography.Women,6999899.0,1790.3952809831833,7.0,14972.0
19629,10.0,6999899.0,劉雨昕,0.18495945835113525,Q95946165,Geography.Regions.Asia.Asia*,6999899.0,1790.3952809831833,7.0,14972.0
19630,10.0,6999899.0,劉雨昕,0.0,Q95946165,Geography.Regions.Asia.East_Asia,6999899.0,1790.3952809831833,7.0,14972.0
19631,12.0,7000016.0,打天下,0.8175845146179199,Q89642131,Culture.Media.Media*,7000016.0,25422.818125171005,13.0,24096.0
19632,12.0,7000016.0,打天下,0.7431780099868774,Q89642131,Culture.Media.Television,7000016.0,25422.818125171005,13.0,24096.0
19633,12.0,7000016.0,打天下,0.053480433464050285,Q89642131,Geography.Regions.Asia.East_Asia,7000016.0,25422.818125171005,13.0,24096.0
19634,12.0,7000016.0,打天下,0.0,Q89642131,Geography.Regions.Asia.Asia*,7000016.0,25422.818125171005,13.0,24096.0
19635,12.0,7000016.0,打天下,0.0,Q89642131,Geography.Regions.Africa.Africa*,7000016.0,25422.818125171005,13.0,24096.0
19636,8.0,7000078.0,孔雪兒,0.9969346523284912,Q95946014,Culture.Biography.Biography*,7000078.0,0.0,7.0,6624.0
19637,8.0,7000078.0,孔雪兒,0.4378334879875183,Q95946014,Culture.Biography.Women,7000078.0,0.0,7.0,6624.0
19638,8.0,7000078.0,孔雪兒,0.22816647589206696,Q95946014,Culture.Performing_arts,7000078.0,0.0,7.0,6624.0
19639,8.0,7000078.0,孔雪兒,0.18495945835113525,Q95946014,Geography.Regions.Asia.Asia*,7000078.0,0.0,7.0,6624.0
19640,8.0,7000078.0,孔雪兒,0.0,Q95946014,Geography.Regions.Asia.East_Asia,7000078.0,0.0,7.0,6624.0
19641,9.0,7000099.0,謝可寅,0.2942249774932861,Q95946142,STEM.STEM*,7000099.0,1605.867684795607,7.0,7965.0
19642,9.0,7000099.0,謝可寅,0.0,Q95946142,Geography.Regions.Asia.Asia*,7000099.0,1605.867684795607,7.0,7965.0
19643,9.0,7000099.0,謝可寅,0.0,Q95946142,Geography.Regions.Americas.North_America,7000099.0,1605.867684795607,7.0,7965.0
19644,9.0,7000099.0,謝可寅,0.0,Q95946142,Geography.Regions.Europe.Europe*,7000099.0,1605.867684795607,7.0,7965.0
19645,4.0,7000218.0,许可馨事件,0.2942249774932861,Q89855241,STEM.STEM*,7000218.0,30.26987192685367,3.0,21703.0
19646,4.0,7000218.0,许可馨事件,0.0,Q89855241,Geography.Regions.Asia.Asia*,7000218.0,30.26987192685367,3.0,21703.0
19647,4.0,7000218.0,许可馨事件,0.0,Q89855241,Geography.Regions.Americas.North_America,7000218.0,30.26987192685367,3.0,21703.0
19648,4.0,7000218.0,许可馨事件,0.0,Q89855241,Geography.Regions.Europe.Europe*,7000218.0,30.26987192685367,3.0,21703.0
19649,1.0,7000286.0,維克多 (皇帝),0.9615437984466552,Q507675,Culture.Biography.Biography*,7000286.0,0.0,11.0,749.0
19650,1.0,7000286.0,維克多 (皇帝),0.7981967926025391,Q507675,History_and_Society.Military_and_warfare,7000286.0,0.0,11.0,749.0
19651,1.0,7000286.0,維克多 (皇帝),0.7981967926025391,Q507675,History_and_Society.History,7000286.0,0.0,11.0,749.0
19652,1.0,7000286.0,維克多 (皇帝),0.21124218606948847,Q507675,Geography.Regions.Europe.Europe*,7000286.0,0.0,11.0,749.0
19653,1.0,7000286.0,維克多 (皇帝),0.0,Q507675,Geography.Regions.Europe.Southern_Europe,7000286.0,0.0,11.0,749.0
19654,2.0,7000596.0,凱莉·西蒙茲,0.9983093142509459,Q64732854,Culture.Biography.Biography*,7000596.0,0.08333333333333333,1.0,3637.0
19655,2.0,7000596.0,凱莉·西蒙茲,0.6791887283325195,Q64732854,History_and_Society.Politics_and_government,7000596.0,0.08333333333333333,1.0,3637.0
19656,2.0,7000596.0,凱莉·西蒙茲,0.348655104637146,Q64732854,Culture.Biography.Women,7000596.0,0.08333333333333333,1.0,3637.0
19657,2.0,7000596.0,凱莉·西蒙茲,0.2227101624011993,Q64732854,Culture.Literature,7000596.0,0.08333333333333333,1.0,3637.0
19658,2.0,7000596.0,凱莉·西蒙茲,0.14805719256401062,Q64732854,Culture.Media.Media*,7000596.0,0.08333333333333333,1.0,3637.0
19659,2.0,7000596.0,凱莉·西蒙茲,0.11597072333097458,Q64732854,History_and_Society.Business_and_economics,7000596.0,0.08333333333333333,1.0,3637.0
19660,2.0,7000596.0,凱莉·西蒙茲,0.0,Q64732854,Geography.Regions.Europe.Europe*,7000596.0,0.08333333333333333,1.0,3637.0
19661,2.0,7000596.0,凱莉·西蒙茲,0.0,Q64732854,Geography.Regions.Europe.Northern_Europe,7000596.0,0.08333333333333333,1.0,3637.0
19662,10.0,7000665.0,曾可妮,0.2942249774932861,Q97347108,STEM.STEM*,7000665.0,1790.3952809831833,7.0,1991.0
19663,10.0,7000665.0,曾可妮,0.0,Q97347108,Geography.Regions.Asia.Asia*,7000665.0,1790.3952809831833,7.0,1991.0
19664,10.0,7000665.0,曾可妮,0.0,Q97347108,Geography.Regions.Americas.North_America,7000665.0,1790.3952809831833,7.0,1991.0
19665,10.0,7000665.0,曾可妮,0.0,Q97347108,Geography.Regions.Europe.Europe*,7000665.0,1790.3952809831833,7.0,1991.0
19666,10.0,7000859.0,勾雪瑩,0.2942249774932861,Q97347098,STEM.STEM*,7000859.0,17139.757065953312,7.0,2505.0
19667,10.0,7000859.0,勾雪瑩,0.0,Q97347098,Geography.Regions.Asia.Asia*,7000859.0,17139.757065953312,7.0,2505.0
19668,10.0,7000859.0,勾雪瑩,0.0,Q97347098,Geography.Regions.Americas.North_America,7000859.0,17139.757065953312,7.0,2505.0
19669,10.0,7000859.0,勾雪瑩,0.0,Q97347098,Geography.Regions.Europe.Europe*,7000859.0,17139.757065953312,7.0,2505.0
19670,4.0,7001196.0,超能使者,0.2942249774932861,Q97347086,STEM.STEM*,7001196.0,3739.5578405291353,12.0,4680.0
19671,4.0,7001196.0,超能使者,0.0,Q97347086,Geography.Regions.Asia.Asia*,7001196.0,3739.5578405291353,12.0,4680.0
19672,4.0,7001196.0,超能使者,0.0,Q97347086,Geography.Regions.Americas.North_America,7001196.0,3739.5578405291353,12.0,4680.0
19673,4.0,7001196.0,超能使者,0.0,Q97347086,Geography.Regions.Europe.Europe*,7001196.0,3739.5578405291353,12.0,4680.0
19674,1.0,7001498.0,蔡英文相关争议,0.2942249774932861,Q97347070,STEM.STEM*,7001498.0,0.0,2.0,1476.0
19675,1.0,7001498.0,蔡英文相关争议,0.0,Q97347070,Geography.Regions.Asia.Asia*,7001498.0,0.0,2.0,1476.0
19676,1.0,7001498.0,蔡英文相关争议,0.0,Q97347070,Geography.Regions.Americas.North_America,7001498.0,0.0,2.0,1476.0
19677,1.0,7001498.0,蔡英文相关争议,0.0,Q97347070,Geography.Regions.Europe.Europe*,7001498.0,0.0,2.0,1476.0
19678,2.0,7001527.0,托马斯·莫德利,0.9978272914886476,Q41598755,Culture.Biography.Biography*,7001527.0,1379.418044007316,17.0,1630.0
19679,2.0,7001527.0,托马斯·莫德利,0.23371636867523196,Q41598755,History_and_Society.Military_and_warfare,7001527.0,1379.418044007316,17.0,1630.0
19680,2.0,7001527.0,托马斯·莫德利,0.022430347442626952,Q41598755,Geography.Regions.Americas.North_America,7001527.0,1379.418044007316,17.0,1630.0
19681,8.0,7003061.0,2019冠状病毒病病例数,0.8439050912857056,Q85173855,STEM.STEM*,7003061.0,8549.194298337192,3.0,1469.0
19682,8.0,7003061.0,2019冠状病毒病病例数,0.275139719247818,Q85173855,STEM.Medicine_&_Health,7003061.0,8549.194298337192,3.0,1469.0
19683,8.0,7003061.0,2019冠状病毒病病例数,0.1824355274438858,Q85173855,History_and_Society.Politics_and_government,7003061.0,8549.194298337192,3.0,1469.0
19684,1.0,7003420.0,張經義,0.9991804361343384,Q89986352,Culture.Biography.Biography*,7003420.0,0.0,7.0,1721.0
19685,1.0,7003420.0,張經義,0.9579222798347472,Q89986352,History_and_Society.Society,7003420.0,0.0,7.0,1721.0
19686,1.0,7003420.0,張經義,0.2653036584854126,Q89986352,Geography.Regions.Asia.Asia*,7003420.0,0.0,7.0,1721.0
19687,1.0,7003420.0,張經義,0.21760438585281366,Q89986352,Geography.Regions.Asia.East_Asia,7003420.0,0.0,7.0,1721.0
19688,5.0,7003451.0,共同市民黨,0.7663036584854126,Q87819924,History_and_Society.Politics_and_government,7003451.0,211.078419557709,0.0,566.0
19689,5.0,7003451.0,共同市民黨,0.478677677154541,Q87819924,Geography.Regions.Asia.East_Asia,7003451.0,211.078419557709,0.0,566.0
19690,5.0,7003451.0,共同市民黨,0.4423575868606568,Q87819924,Geography.Regions.Asia.Asia*,7003451.0,211.078419557709,0.0,566.0
19691,2.0,7004192.0,山下麻美,0.9942797422409058,Q23948211,Culture.Literature,7004192.0,0.0,14.0,2473.0
19692,2.0,7004192.0,山下麻美,0.9926641583442688,Q23948211,Culture.Visual_arts.Comics_and_Anime,7004192.0,0.0,14.0,2473.0
19693,2.0,7004192.0,山下麻美,0.98678719997406,Q23948211,Culture.Visual_arts.Visual_arts*,7004192.0,0.0,14.0,2473.0
19694,2.0,7004192.0,山下麻美,0.9637899398803712,Q23948211,Culture.Biography.Biography*,7004192.0,0.0,14.0,2473.0
19695,2.0,7004192.0,山下麻美,0.4378334879875183,Q23948211,Culture.Biography.Women,7004192.0,0.0,14.0,2473.0
19696,2.0,7004192.0,山下麻美,0.3344935646057129,Q23948211,Geography.Regions.Asia.East_Asia,7004192.0,0.0,14.0,2473.0
19697,2.0,7004192.0,山下麻美,0.2763098945617676,Q23948211,Geography.Regions.Asia.Asia*,7004192.0,0.0,14.0,2473.0
19698,2.0,7004192.0,山下麻美,0.1259327530860901,Q23948211,Culture.Media.Media*,7004192.0,0.0,14.0,2473.0
19699,5.0,7004344.0,鲍毓明,0.2942249774932861,Q97346883,STEM.STEM*,7004344.0,32399.883939710162,4.0,27206.0
19700,5.0,7004344.0,鲍毓明,0.0,Q97346883,Geography.Regions.Asia.Asia*,7004344.0,32399.883939710162,4.0,27206.0
19701,5.0,7004344.0,鲍毓明,0.0,Q97346883,Geography.Regions.Americas.North_America,7004344.0,32399.883939710162,4.0,27206.0
19702,5.0,7004344.0,鲍毓明,0.0,Q97346883,Geography.Regions.Europe.Europe*,7004344.0,32399.883939710162,4.0,27206.0
19703,1.0,7004713.0,周嘉诚,0.2942249774932861,Q97346849,STEM.STEM*,7004713.0,0.0,13.0,3070.0
19704,1.0,7004713.0,周嘉诚,0.0,Q97346849,Geography.Regions.Asia.Asia*,7004713.0,0.0,13.0,3070.0
19705,1.0,7004713.0,周嘉诚,0.0,Q97346849,Geography.Regions.Americas.North_America,7004713.0,0.0,13.0,3070.0
19706,1.0,7004713.0,周嘉诚,0.0,Q97346849,Geography.Regions.Europe.Europe*,7004713.0,0.0,13.0,3070.0
19707,2.0,7005121.0,鄭乃馨,0.9875783920288086,Q96106618,Culture.Biography.Biography*,7005121.0,0.0,7.0,1325.0
19708,2.0,7005121.0,鄭乃馨,0.4927201142311096,Q96106618,Geography.Regions.Asia.Southeast_Asia,7005121.0,0.0,7.0,1325.0
19709,2.0,7005121.0,鄭乃馨,0.4810237755775452,Q96106618,Geography.Regions.Asia.Asia*,7005121.0,0.0,7.0,1325.0
19710,2.0,7005121.0,鄭乃馨,0.21734751760959625,Q96106618,Culture.Biography.Women,7005121.0,0.0,7.0,1325.0
19711,2.0,7005121.0,鄭乃馨,0.1968362182378769,Q96106618,Culture.Media.Media*,7005121.0,0.0,7.0,1325.0
19712,1.0,7005348.0,鲍毓明性侵案,0.4738311638832092,Q90115697,Geography.Regions.Asia.East_Asia,7005348.0,0.0,4.0,5290.0
19713,1.0,7005348.0,鲍毓明性侵案,0.4722507467269898,Q90115697,Geography.Regions.Asia.Asia*,7005348.0,0.0,4.0,5290.0
19714,1.0,7005348.0,鲍毓明性侵案,0.287777841091156,Q90115697,Culture.Biography.Biography*,7005348.0,0.0,4.0,5290.0
19715,1.0,7005348.0,鲍毓明性侵案,0.16027602553367615,Q90115697,History_and_Society.Politics_and_government,7005348.0,0.0,4.0,5290.0
19716,1.0,7005440.0,何金銘 (武術家),0.993317186832428,Q90121082,Culture.Biography.Biography*,7005440.0,0.0,12.0,1313.0
19717,1.0,7005440.0,何金銘 (武術家),0.8962613940238953,Q90121082,Culture.Sports,7005440.0,0.0,12.0,1313.0
19718,1.0,7005440.0,何金銘 (武術家),0.14034625887870789,Q90121082,Culture.Philosophy_and_religion,7005440.0,0.0,12.0,1313.0
19719,1.0,7005440.0,何金銘 (武術家),0.0,Q90121082,Geography.Regions.Asia.Asia*,7005440.0,0.0,12.0,1313.0
19720,1.0,7005440.0,何金銘 (武術家),0.0,Q90121082,Geography.Regions.Asia.East_Asia,7005440.0,0.0,12.0,1313.0
19721,1.0,7005440.0,何金銘 (武術家),0.0,Q90121082,Geography.Regions.Americas.North_America,7005440.0,0.0,12.0,1313.0
19722,1.0,7006166.0,2020年動物森友會遭到中國大陸電商下架事件,0.2942249774932861,Q97346727,STEM.STEM*,7006166.0,0.0,3.0,1929.0
19723,1.0,7006166.0,2020年動物森友會遭到中國大陸電商下架事件,0.0,Q97346727,Geography.Regions.Asia.Asia*,7006166.0,0.0,3.0,1929.0
19724,1.0,7006166.0,2020年動物森友會遭到中國大陸電商下架事件,0.0,Q97346727,Geography.Regions.Americas.North_America,7006166.0,0.0,3.0,1929.0
19725,1.0,7006166.0,2020年動物森友會遭到中國大陸電商下架事件,0.0,Q97346727,Geography.Regions.Europe.Europe*,7006166.0,0.0,3.0,1929.0
19726,1.0,7007864.0,王頌茵,0.2942249774932861,Q55718488,STEM.STEM*,7007864.0,0.0,13.0,1545.0
19727,1.0,7007864.0,王頌茵,0.0,Q55718488,Geography.Regions.Asia.Asia*,7007864.0,0.0,13.0,1545.0
19728,1.0,7007864.0,王頌茵,0.0,Q55718488,Geography.Regions.Americas.North_America,7007864.0,0.0,13.0,1545.0
19729,1.0,7007864.0,王頌茵,0.0,Q55718488,Geography.Regions.Europe.Europe*,7007864.0,0.0,13.0,1545.0
19730,2.0,7009060.0,浪漫輸給你,0.2942249774932861,Q97346512,STEM.STEM*,7009060.0,3942.0,4.0,8205.0
19731,2.0,7009060.0,浪漫輸給你,0.0,Q97346512,Geography.Regions.Asia.Asia*,7009060.0,3942.0,4.0,8205.0
19732,2.0,7009060.0,浪漫輸給你,0.0,Q97346512,Geography.Regions.Americas.North_America,7009060.0,3942.0,4.0,8205.0
19733,2.0,7009060.0,浪漫輸給你,0.0,Q97346512,Geography.Regions.Europe.Europe*,7009060.0,3942.0,4.0,8205.0
19734,1.0,7009351.0,猎狐,0.7718535065650941,Q95463956,Culture.Media.Television,7009351.0,0.0,7.0,1597.0
19735,1.0,7009351.0,猎狐,0.4921981394290924,Q95463956,Culture.Media.Media*,7009351.0,0.0,7.0,1597.0
19736,1.0,7009351.0,猎狐,0.18495945835113525,Q95463956,Geography.Regions.Asia.Asia*,7009351.0,0.0,7.0,1597.0
19737,1.0,7009351.0,猎狐,0.0,Q95463956,Geography.Regions.Asia.East_Asia,7009351.0,0.0,7.0,1597.0
19738,1.0,7009351.0,猎狐,0.0,Q95463956,Geography.Regions.Europe.Northern_Europe,7009351.0,0.0,7.0,1597.0
19739,6.0,7010361.0,羅雀高飛,0.2942249774932861,Q97346432,STEM.STEM*,7010361.0,12082.86757171914,4.0,4460.0
19740,6.0,7010361.0,羅雀高飛,0.0,Q97346432,Geography.Regions.Asia.Asia*,7010361.0,12082.86757171914,4.0,4460.0
19741,6.0,7010361.0,羅雀高飛,0.0,Q97346432,Geography.Regions.Americas.North_America,7010361.0,12082.86757171914,4.0,4460.0
19742,6.0,7010361.0,羅雀高飛,0.0,Q97346432,Geography.Regions.Europe.Europe*,7010361.0,12082.86757171914,4.0,4460.0
19743,4.0,7011053.0,張藝凡,0.9954004287719728,Q96964507,Culture.Biography.Biography*,7011053.0,1882.5354992777154,7.0,1240.0
19744,4.0,7011053.0,張藝凡,0.538993239402771,Q96964507,Culture.Biography.Women,7011053.0,1882.5354992777154,7.0,1240.0
19745,4.0,7011053.0,張藝凡,0.3548611869812012,Q96964507,Geography.Regions.Asia.Asia*,7011053.0,1882.5354992777154,7.0,1240.0
19746,4.0,7011053.0,張藝凡,0.30218379402160644,Q96964507,Geography.Regions.Asia.East_Asia,7011053.0,1882.5354992777154,7.0,1240.0
19747,4.0,7011053.0,張藝凡,0.21734751760959625,Q96964507,Culture.Media.Music,7011053.0,1882.5354992777154,7.0,1240.0
19748,4.0,7011053.0,張藝凡,0.18714269995689392,Q96964507,Culture.Media.Media*,7011053.0,1882.5354992777154,7.0,1240.0
19749,2.0,7014655.0,楊森,0.2942249774932861,Q97301353,STEM.STEM*,7014655.0,3942.0,3.0,3770.0
19750,2.0,7014655.0,楊森,0.0,Q97301353,Geography.Regions.Asia.Asia*,7014655.0,3942.0,3.0,3770.0
19751,2.0,7014655.0,楊森,0.0,Q97301353,Geography.Regions.Americas.North_America,7014655.0,3942.0,3.0,3770.0
19752,2.0,7014655.0,楊森,0.0,Q97301353,Geography.Regions.Europe.Europe*,7014655.0,3942.0,3.0,3770.0
19753,2.0,7018350.0,廣州黑人,0.2942249774932861,Q97325188,STEM.STEM*,7018350.0,485.93226384722016,10.0,10315.0
19754,2.0,7018350.0,廣州黑人,0.0,Q97325188,Geography.Regions.Asia.Asia*,7018350.0,485.93226384722016,10.0,10315.0
19755,2.0,7018350.0,廣州黑人,0.0,Q97325188,Geography.Regions.Americas.North_America,7018350.0,485.93226384722016,10.0,10315.0
19756,2.0,7018350.0,廣州黑人,0.0,Q97325188,Geography.Regions.Europe.Europe*,7018350.0,485.93226384722016,10.0,10315.0
19757,3.0,7032346.0,七公主 (無綫電視劇),0.2942249774932861,Q97200105,STEM.STEM*,7032346.0,315.219607495055,12.0,9646.0
19758,3.0,7032346.0,七公主 (無綫電視劇),0.0,Q97200105,Geography.Regions.Asia.Asia*,7032346.0,315.219607495055,12.0,9646.0
19759,3.0,7032346.0,七公主 (無綫電視劇),0.0,Q97200105,Geography.Regions.Americas.North_America,7032346.0,315.219607495055,12.0,9646.0
19760,3.0,7032346.0,七公主 (無綫電視劇),0.0,Q97200105,Geography.Regions.Europe.Europe*,7032346.0,315.219607495055,12.0,9646.0
